1,9,914,189,105,54,1,-1,-1
2,9,914,188,105,55,1,-1,-1
3,9,914,188,105,55,1,-1,-1
4,9,914,188,105,55,1,-1,-1
5,9,914,187,105,56,1,-1,-1
6,9,914,187,105,56,1,-1,-1
7,9,914,187,105,56,1,-1,-1
8,9,914,186,105,57,1,-1,-1
9,9,914,186,105,57,1,-1,-1
10,9,914,186,105,57,1,-1,-1
11,9,915,186,104,57,1,-1,-1
12,9,915,187,104,57,1,-1,-1
13,9,915,188,104,57,1,-1,-1
14,9,915,189,104,57,1,-1,-1
15,9,915,190,104,57,1,-1,-1
16,9,915,191,104,57,1,-1,-1
17,9,915,192,104,57,1,-1,-1
18,9,916,194,104,57,1,-1,-1
19,9,916,195,104,57,1,-1,-1
20,9,916,196,104,57,1,-1,-1
21,9,916,197,104,57,1,-1,-1
22,9,916,198,104,57,1,-1,-1
23,9,916,199,104,57,1,-1,-1
24,9,917,201,104,57,1,-1,-1
25,9,917,202,104,57,1,-1,-1
26,9,917,203,104,57,1,-1,-1
27,9,917,205,104,57,1,-1,-1
28,9,917,206,104,57,1,-1,-1
29,9,917,208,104,57,1,-1,-1
30,9,917,209,104,57,1,-1,-1
31,9,917,210,104,57,1,-1,-1
32,9,917,212,104,57,1,-1,-1
33,9,917,213,104,57,1,-1,-1
34,9,918,215,104,57,1,-1,-1
35,9,918,216,104,57,1,-1,-1
36,9,918,217,104,57,1,-1,-1
37,9,918,219,104,57,1,-1,-1
38,9,918,220,104,56,1,-1,-1
39,9,919,221,103,56,1,-1,-1
40,9,920,222,102,56,1,-1,-1
41,9,920,223,102,56,1,-1,-1
42,9,921,224,101,56,1,-1,-1
43,9,922,225,100,56,1,-1,-1
44,9,922,226,100,56,1,-1,-1
45,9,923,227,99,56,1,-1,-1
46,9,924,228,98,56,1,-1,-1
47,9,924,229,98,56,1,-1,-1
48,9,925,230,97,56,1,-1,-1
49,9,926,231,96,56,1,-1,-1
50,9,926,231,95,56,1,-1,-1
51,9,926,232,95,55,1,-1,-1
52,9,926,232,95,55,1,-1,-1
53,9,926,233,95,54,1,-1,-1
54,9,926,233,95,54,1,-1,-1
55,9,926,234,95,54,1,-1,-1
56,9,926,235,95,53,1,-1,-1
57,9,926,235,94,53,1,-1,-1
58,9,926,236,94,52,1,-1,-1
59,9,926,236,94,52,1,-1,-1
60,9,926,237,94,52,1,-1,-1
61,9,926,237,94,52,1,-1,-1
62,9,926,238,94,51,1,-1,-1
63,9,926,239,94,50,1,-1,-1
64,9,926,239,93,50,1,-1,-1
65,9,926,240,93,50,1,-1,-1
66,9,926,240,93,50,1,-1,-1
67,9,926,241,93,49,1,-1,-1
68,9,926,241,93,49,1,-1,-1
69,9,926,242,93,48,1,-1,-1
70,9,926,243,93,48,1,-1,-1
71,9,926,241,93,49,1,-1,-1
72,9,927,240,92,49,1,-1,-1
73,9,927,239,92,49,1,-1,-1
74,9,928,238,91,49,1,-1,-1
75,9,928,237,91,49,1,-1,-1
76,9,929,236,90,49,1,-1,-1
77,9,929,235,91,49,1,-1,-1
78,9,930,234,90,49,1,-1,-1
79,9,930,233,90,49,1,-1,-1
80,9,931,231,89,51,1,-1,-1
81,9,931,230,89,51,1,-1,-1
82,9,932,229,88,51,1,-1,-1
83,9,932,228,89,51,1,-1,-1
84,9,933,227,88,51,1,-1,-1
85,9,933,226,88,51,1,-1,-1
86,9,934,225,87,51,1,-1,-1
87,9,934,224,87,51,1,-1,-1
88,9,935,223,86,51,1,-1,-1
89,9,936,222,86,52,1,-1,-1
90,9,936,220,86,52,1,-1,-1
91,9,936,219,86,52,1,-1,-1
92,9,936,218,86,52,1,-1,-1
93,9,936,217,86,52,1,-1,-1
94,9,936,216,86,52,1,-1,-1
95,9,936,215,86,52,1,-1,-1
96,9,936,213,86,52,1,-1,-1
97,9,936,212,86,52,1,-1,-1
98,9,936,211,86,52,1,-1,-1
99,9,936,210,86,52,1,-1,-1
100,9,936,209,86,52,1,-1,-1
101,9,936,208,86,52,1,-1,-1
102,9,936,207,86,52,1,-1,-1
103,9,936,207,86,52,1,-1,-1
104,9,936,207,86,52,1,-1,-1
105,9,936,207,86,52,1,-1,-1
106,9,936,207,86,52,1,-1,-1
107,9,937,207,85,52,1,-1,-1
108,9,937,206,85,52,1,-1,-1
109,9,937,206,85,52,1,-1,-1
110,9,937,206,85,52,1,-1,-1
111,9,937,206,85,52,1,-1,-1
112,9,937,206,85,52,1,-1,-1
113,9,938,206,85,52,1,-1,-1
114,9,938,205,85,52,1,-1,-1
115,9,939,205,84,52,1,-1,-1
116,9,939,204,84,52,1,-1,-1
117,9,940,204,83,52,1,-1,-1
118,9,940,203,83,52,1,-1,-1
119,9,941,203,82,52,1,-1,-1
120,9,941,203,82,52,1,-1,-1
121,9,942,202,81,52,1,-1,-1
122,9,942,202,81,52,1,-1,-1
123,9,943,201,80,52,1,-1,-1
124,9,943,201,80,52,1,-1,-1
125,9,944,201,79,52,1,-1,-1
126,9,944,200,79,52,1,-1,-1
127,9,944,200,79,52,1,-1,-1
128,9,944,200,79,52,1,-1,-1
129,9,944,200,79,52,1,-1,-1
130,9,944,199,79,52,1,-1,-1
131,9,944,199,79,52,1,-1,-1
132,9,944,199,79,52,1,-1,-1
133,9,944,199,79,52,1,-1,-1
134,9,944,198,79,52,1,-1,-1
135,9,944,198,79,52,1,-1,-1
136,9,944,198,79,52,1,-1,-1
137,9,944,198,79,52,1,-1,-1
138,9,944,197,79,52,1,-1,-1
139,9,944,197,79,52,1,-1,-1
140,9,944,197,79,52,1,-1,-1
141,9,944,197,79,52,1,-1,-1
142,9,944,196,79,52,1,-1,-1
143,9,944,196,79,52,1,-1,-1
144,9,944,196,79,52,1,-1,-1
145,9,944,196,79,52,1,-1,-1
146,9,944,196,79,52,1,-1,-1
147,9,944,195,79,52,1,-1,-1
148,9,944,195,79,52,1,-1,-1
149,9,944,195,79,52,1,-1,-1
150,9,944,195,79,52,1,-1,-1
151,9,944,195,79,52,1,-1,-1
152,9,943,194,79,52,1,-1,-1
153,9,943,194,79,52,1,-1,-1
154,9,942,193,79,52,1,-1,-1
155,9,942,193,79,52,1,-1,-1
156,9,941,193,79,52,1,-1,-1
157,9,941,192,79,52,1,-1,-1
158,9,941,192,79,52,1,-1,-1
159,9,940,192,79,52,1,-1,-1
160,9,940,191,79,52,1,-1,-1
161,9,939,191,79,52,1,-1,-1
162,9,939,191,79,52,1,-1,-1
163,9,938,190,79,52,1,-1,-1
164,9,938,190,79,52,1,-1,-1
165,9,938,190,79,52,1,-1,-1
166,9,937,189,80,52,1,-1,-1
167,9,936,188,81,53,1,-1,-1
168,9,935,187,82,54,1,-1,-1
169,9,934,186,83,55,1,-1,-1
170,9,933,186,84,55,1,-1,-1
171,9,932,185,85,56,1,-1,-1
172,9,931,184,86,57,1,-1,-1
173,9,930,183,87,58,1,-1,-1
174,9,929,182,88,59,1,-1,-1
175,9,928,182,89,59,1,-1,-1
176,9,927,182,89,59,1,-1,-1
177,9,927,182,89,59,1,-1,-1
178,9,926,182,89,59,1,-1,-1
179,9,926,182,89,59,1,-1,-1
180,9,926,183,89,59,1,-1,-1
181,9,925,183,89,59,1,-1,-1
182,9,925,183,89,59,1,-1,-1
183,9,924,183,89,59,1,-1,-1
184,9,924,183,89,59,1,-1,-1
185,9,924,184,89,59,1,-1,-1
186,9,925,185,88,58,1,-1,-1
187,9,926,187,87,57,1,-1,-1
188,9,927,189,86,56,1,-1,-1
189,9,928,191,85,55,1,-1,-1
190,9,929,193,85,53,1,-1,-1
191,9,930,195,84,52,1,-1,-1
192,9,931,197,83,51,1,-1,-1
193,9,932,198,82,51,1,-1,-1
194,9,933,200,81,50,1,-1,-1
195,9,934,202,81,48,1,-1,-1
196,9,935,204,80,47,1,-1,-1
197,9,936,206,79,46,1,-1,-1
198,9,937,208,78,45,1,-1,-1
199,9,938,210,78,44,1,-1,-1
200,9,940,212,76,44,1,-1,-1
201,9,943,214,74,44,1,-1,-1
202,9,945,216,72,44,1,-1,-1
203,9,948,218,70,44,1,-1,-1
204,9,950,220,68,44,1,-1,-1
205,9,953,222,66,44,1,-1,-1
206,9,956,224,64,44,1,-1,-1
207,9,958,226,62,44,1,-1,-1
208,9,961,228,60,44,1,-1,-1
209,9,963,230,58,44,1,-1,-1
210,9,966,232,56,44,1,-1,-1
1,10,956,480,64,58,1,-1,-1
2,10,956,480,63,57,1,-1,-1
3,10,957,481,62,56,1,-1,-1
4,10,958,482,61,55,1,-1,-1
5,10,959,483,60,54,1,-1,-1
6,10,960,484,59,53,1,-1,-1
7,10,960,485,59,52,1,-1,-1
8,10,961,486,58,51,1,-1,-1
9,10,962,487,57,50,1,-1,-1
10,10,963,488,56,49,1,-1,-1
11,10,964,489,55,48,1,-1,-1
12,10,964,490,55,47,1,-1,-1
13,10,965,492,54,45,1,-1,-1
14,10,966,494,53,43,1,-1,-1
15,10,967,496,52,41,1,-1,-1
16,10,967,498,53,39,1,-1,-1
17,10,968,500,52,37,1,-1,-1
18,10,969,501,51,37,1,-1,-1
19,10,970,503,50,35,1,-1,-1
20,10,970,505,51,33,1,-1,-1
21,10,971,507,50,31,1,-1,-1
22,10,972,509,49,29,1,-1,-1
23,10,973,511,48,27,1,-1,-1
161,10,981,514,42,25,1,-1,-1
162,10,980,513,42,26,1,-1,-1
163,10,979,513,43,26,1,-1,-1
164,10,978,513,44,26,1,-1,-1
165,10,978,513,44,26,1,-1,-1
166,10,977,513,45,26,1,-1,-1
167,10,976,513,46,26,1,-1,-1
168,10,976,513,46,26,1,-1,-1
169,10,975,513,47,26,1,-1,-1
170,10,974,513,48,26,1,-1,-1
171,10,974,513,48,26,1,-1,-1
172,10,972,513,49,25,1,-1,-1
173,10,970,513,51,25,1,-1,-1
174,10,969,513,51,25,1,-1,-1
175,10,967,513,53,25,1,-1,-1
176,10,966,513,54,25,1,-1,-1
177,10,964,513,55,24,1,-1,-1
178,10,962,513,57,24,1,-1,-1
179,10,961,513,57,24,1,-1,-1
180,10,959,513,59,24,1,-1,-1
181,10,958,513,60,24,1,-1,-1
182,10,957,513,60,24,1,-1,-1
183,10,956,514,60,23,1,-1,-1
184,10,955,514,60,23,1,-1,-1
185,10,954,515,60,22,1,-1,-1
186,10,953,515,60,23,1,-1,-1
187,10,952,516,60,22,1,-1,-1
188,10,951,516,60,22,1,-1,-1
189,10,950,517,60,21,1,-1,-1
190,10,949,517,60,21,1,-1,-1
1,22,788,291,121,113,1,-1,-1
2,22,787,291,121,113,1,-1,-1
3,22,787,292,121,113,1,-1,-1
4,22,787,293,121,113,1,-1,-1
5,22,787,293,121,113,1,-1,-1
6,22,787,294,121,113,1,-1,-1
7,22,787,295,121,113,1,-1,-1
8,22,787,295,121,113,1,-1,-1
9,22,787,296,121,113,1,-1,-1
10,22,787,297,121,113,1,-1,-1
11,22,787,298,121,113,1,-1,-1
12,22,787,299,121,112,1,-1,-1
13,22,787,300,122,112,1,-1,-1
14,22,787,301,122,112,1,-1,-1
15,22,787,302,123,112,1,-1,-1
16,22,787,303,124,112,1,-1,-1
17,22,787,304,124,112,1,-1,-1
18,22,788,305,124,112,1,-1,-1
19,22,788,306,124,112,1,-1,-1
20,22,788,307,125,112,1,-1,-1
21,22,788,308,126,112,1,-1,-1
22,22,788,309,126,112,1,-1,-1
23,22,788,310,127,112,1,-1,-1
24,22,789,311,127,112,1,-1,-1
25,22,789,312,127,112,1,-1,-1
26,22,790,313,127,112,1,-1,-1
27,22,791,315,127,112,1,-1,-1
28,22,791,316,127,112,1,-1,-1
29,22,792,318,127,112,1,-1,-1
30,22,793,319,127,112,1,-1,-1
31,22,793,320,127,112,1,-1,-1
32,22,794,322,127,112,1,-1,-1
33,22,795,323,127,112,1,-1,-1
34,22,796,325,127,112,1,-1,-1
35,22,796,327,127,112,1,-1,-1
36,22,796,329,127,112,1,-1,-1
37,22,796,332,127,112,1,-1,-1
38,22,796,333,127,112,1,-1,-1
39,22,797,334,127,112,1,-1,-1
40,22,797,335,127,112,1,-1,-1
41,22,798,336,127,112,1,-1,-1
42,22,798,337,127,112,1,-1,-1
43,22,799,338,127,112,1,-1,-1
44,22,799,339,127,112,1,-1,-1
45,22,800,340,127,112,1,-1,-1
46,22,800,341,127,112,1,-1,-1
47,22,801,342,127,112,1,-1,-1
48,22,801,343,127,112,1,-1,-1
49,22,802,344,127,112,1,-1,-1
50,22,802,344,127,112,1,-1,-1
51,22,802,344,127,112,1,-1,-1
52,22,802,345,127,112,1,-1,-1
53,22,802,345,127,112,1,-1,-1
54,22,803,346,127,112,1,-1,-1
55,22,803,346,127,112,1,-1,-1
56,22,803,347,127,112,1,-1,-1
57,22,803,347,127,112,1,-1,-1
58,22,803,348,127,112,1,-1,-1
59,22,804,348,127,112,1,-1,-1
60,22,804,348,127,112,1,-1,-1
61,22,804,349,127,112,1,-1,-1
62,22,804,349,127,112,1,-1,-1
63,22,804,350,127,112,1,-1,-1
64,22,805,350,127,112,1,-1,-1
65,22,805,351,127,112,1,-1,-1
66,22,805,351,127,112,1,-1,-1
67,22,805,352,127,112,1,-1,-1
68,22,805,352,127,112,1,-1,-1
69,22,806,353,127,112,1,-1,-1
70,22,806,352,127,112,1,-1,-1
71,22,806,351,127,113,1,-1,-1
72,22,806,350,127,113,1,-1,-1
73,22,806,349,128,114,1,-1,-1
74,22,806,348,128,114,1,-1,-1
75,22,806,347,128,115,1,-1,-1
76,22,806,347,128,114,1,-1,-1
77,22,806,346,129,115,1,-1,-1
78,22,806,345,129,115,1,-1,-1
79,22,807,344,128,116,1,-1,-1
80,22,807,343,128,117,1,-1,-1
81,22,807,342,129,117,1,-1,-1
82,22,807,341,129,118,1,-1,-1
83,22,807,341,129,117,1,-1,-1
84,22,807,340,129,118,1,-1,-1
85,22,807,339,130,118,1,-1,-1
86,22,807,338,130,119,1,-1,-1
87,22,807,337,130,119,1,-1,-1
88,22,807,336,130,120,1,-1,-1
89,22,808,336,130,120,1,-1,-1
90,22,807,334,130,120,1,-1,-1
91,22,807,333,130,120,1,-1,-1
92,22,807,332,130,120,1,-1,-1
93,22,807,331,130,120,1,-1,-1
94,22,806,330,130,120,1,-1,-1
95,22,806,329,130,120,1,-1,-1
96,22,806,328,130,120,1,-1,-1
97,22,806,327,130,120,1,-1,-1
98,22,805,326,130,120,1,-1,-1
99,22,805,325,130,120,1,-1,-1
100,22,805,324,130,120,1,-1,-1
101,22,805,323,130,120,1,-1,-1
102,22,805,322,130,120,1,-1,-1
103,22,805,321,130,120,1,-1,-1
104,22,805,320,130,120,1,-1,-1
105,22,805,319,130,120,1,-1,-1
106,22,805,318,130,120,1,-1,-1
107,22,805,318,130,120,1,-1,-1
108,22,805,317,130,120,1,-1,-1
109,22,805,316,130,120,1,-1,-1
110,22,805,315,130,120,1,-1,-1
111,22,805,314,130,120,1,-1,-1
112,22,805,313,130,120,1,-1,-1
113,22,806,313,130,120,1,-1,-1
114,22,806,312,130,120,1,-1,-1
115,22,806,312,130,120,1,-1,-1
116,22,807,311,130,120,1,-1,-1
117,22,807,311,130,120,1,-1,-1
118,22,808,310,130,120,1,-1,-1
119,22,808,310,130,120,1,-1,-1
120,22,808,310,130,120,1,-1,-1
121,22,809,309,130,120,1,-1,-1
122,22,809,309,130,120,1,-1,-1
123,22,810,308,130,120,1,-1,-1
124,22,810,308,130,120,1,-1,-1
125,22,811,308,130,120,1,-1,-1
126,22,811,307,130,120,1,-1,-1
127,22,811,307,130,120,1,-1,-1
128,22,811,306,130,120,1,-1,-1
129,22,811,306,130,120,1,-1,-1
130,22,811,305,130,120,1,-1,-1
131,22,811,305,130,120,1,-1,-1
132,22,811,305,130,120,1,-1,-1
133,22,811,304,130,120,1,-1,-1
134,22,811,304,130,120,1,-1,-1
135,22,811,303,130,120,1,-1,-1
136,22,811,303,130,120,1,-1,-1
137,22,811,303,130,120,1,-1,-1
138,22,810,302,130,121,1,-1,-1
139,22,810,302,130,121,1,-1,-1
140,22,810,301,130,122,1,-1,-1
141,22,810,301,130,122,1,-1,-1
142,22,810,301,130,122,1,-1,-1
143,22,810,300,130,123,1,-1,-1
144,22,810,300,130,123,1,-1,-1
145,22,810,300,129,123,1,-1,-1
146,22,810,299,129,124,1,-1,-1
147,22,810,299,129,124,1,-1,-1
148,22,810,299,129,124,1,-1,-1
149,22,810,298,129,125,1,-1,-1
150,22,810,298,129,125,1,-1,-1
151,22,810,298,129,126,1,-1,-1
152,22,809,298,129,126,1,-1,-1
153,22,808,298,129,126,1,-1,-1
154,22,807,298,129,126,1,-1,-1
155,22,807,298,129,126,1,-1,-1
156,22,806,298,129,126,1,-1,-1
157,22,805,298,129,126,1,-1,-1
158,22,805,298,129,126,1,-1,-1
159,22,804,298,129,126,1,-1,-1
160,22,803,298,129,126,1,-1,-1
161,22,802,298,129,126,1,-1,-1
162,22,802,298,129,126,1,-1,-1
163,22,801,298,129,126,1,-1,-1
164,22,800,298,129,126,1,-1,-1
165,22,800,299,129,126,1,-1,-1
166,22,798,298,129,126,1,-1,-1
167,22,797,298,129,126,1,-1,-1
168,22,795,298,129,126,1,-1,-1
169,22,794,297,129,126,1,-1,-1
170,22,793,297,129,126,1,-1,-1
171,22,791,297,129,126,1,-1,-1
172,22,790,296,129,126,1,-1,-1
173,22,788,296,129,126,1,-1,-1
174,22,787,296,129,126,1,-1,-1
175,22,786,296,129,126,1,-1,-1
176,22,785,296,129,126,1,-1,-1
177,22,785,296,129,126,1,-1,-1
178,22,785,296,129,126,1,-1,-1
179,22,784,296,129,126,1,-1,-1
180,22,784,296,129,126,1,-1,-1
181,22,784,296,129,126,1,-1,-1
182,22,783,296,129,126,1,-1,-1
183,22,783,296,129,126,1,-1,-1
184,22,783,296,129,126,1,-1,-1
185,22,783,297,129,126,1,-1,-1
186,22,783,298,129,126,1,-1,-1
187,22,783,299,129,126,1,-1,-1
188,22,784,300,129,126,1,-1,-1
189,22,784,301,129,126,1,-1,-1
190,22,784,302,129,126,1,-1,-1
191,22,785,303,129,126,1,-1,-1
192,22,785,304,129,126,1,-1,-1
193,22,785,305,129,126,1,-1,-1
194,22,786,306,129,126,1,-1,-1
195,22,786,307,129,126,1,-1,-1
196,22,786,308,129,126,1,-1,-1
197,22,787,309,129,126,1,-1,-1
198,22,787,310,129,126,1,-1,-1
199,22,788,311,129,126,1,-1,-1
200,22,789,312,129,126,1,-1,-1
201,22,790,313,129,126,1,-1,-1
202,22,791,314,129,126,1,-1,-1
203,22,792,315,129,127,1,-1,-1
204,22,793,316,129,127,1,-1,-1
205,22,794,317,129,127,1,-1,-1
206,22,795,318,129,127,1,-1,-1
207,22,796,319,129,128,1,-1,-1
208,22,797,320,129,128,1,-1,-1
209,22,798,321,129,128,1,-1,-1
210,22,799,322,129,128,1,-1,-1
211,22,801,323,128,129,1,-1,-1
212,22,802,324,127,129,1,-1,-1
213,22,804,325,126,130,1,-1,-1
214,22,805,326,126,131,1,-1,-1
215,22,807,327,125,132,1,-1,-1
216,22,808,328,125,133,1,-1,-1
217,22,810,329,124,134,1,-1,-1
218,22,812,331,123,134,1,-1,-1
219,22,813,332,122,135,1,-1,-1
220,22,815,333,121,136,1,-1,-1
221,22,816,334,121,137,1,-1,-1
222,22,818,335,120,138,1,-1,-1
223,22,819,336,120,139,1,-1,-1
224,22,821,337,119,140,1,-1,-1
225,22,823,339,118,140,1,-1,-1
226,22,823,339,118,141,1,-1,-1
227,22,824,340,118,141,1,-1,-1
228,22,825,341,118,141,1,-1,-1
229,22,826,342,117,142,1,-1,-1
230,22,826,343,118,142,1,-1,-1
231,22,827,344,118,142,1,-1,-1
232,22,828,345,118,143,1,-1,-1
233,22,829,345,117,144,1,-1,-1
234,22,830,346,117,144,1,-1,-1
235,22,830,347,118,144,1,-1,-1
236,22,831,348,117,145,1,-1,-1
237,22,832,349,117,145,1,-1,-1
238,22,833,350,117,145,1,-1,-1
239,22,834,351,117,146,1,-1,-1
240,22,834,351,117,146,1,-1,-1
241,22,834,352,117,146,1,-1,-1
242,22,834,352,117,146,1,-1,-1
243,22,835,353,117,146,1,-1,-1
244,22,835,353,117,146,1,-1,-1
245,22,835,354,117,146,1,-1,-1
246,22,836,355,117,146,1,-1,-1
247,22,836,355,117,146,1,-1,-1
248,22,836,356,117,146,1,-1,-1
249,22,836,356,117,146,1,-1,-1
250,22,837,357,117,146,1,-1,-1
251,22,837,357,117,146,1,-1,-1
252,22,837,358,117,146,1,-1,-1
253,22,838,359,117,146,1,-1,-1
254,22,839,359,117,146,1,-1,-1
255,22,840,360,117,146,1,-1,-1
256,22,841,361,117,146,1,-1,-1
257,22,842,362,117,146,1,-1,-1
258,22,843,362,117,146,1,-1,-1
259,22,844,363,117,146,1,-1,-1
260,22,845,364,117,146,1,-1,-1
261,22,846,365,117,146,1,-1,-1
262,22,847,365,117,146,1,-1,-1
263,22,848,366,117,146,1,-1,-1
264,22,849,367,117,146,1,-1,-1
265,22,850,368,117,146,1,-1,-1
266,22,851,368,117,146,1,-1,-1
267,22,852,369,117,146,1,-1,-1
268,22,853,370,117,146,1,-1,-1
269,22,854,371,117,146,1,-1,-1
270,22,855,371,116,147,1,-1,-1
271,22,856,372,115,147,1,-1,-1
272,22,857,373,115,147,1,-1,-1
273,22,859,373,113,149,1,-1,-1
274,22,860,374,113,149,1,-1,-1
275,22,861,375,112,149,1,-1,-1
276,22,862,376,112,149,1,-1,-1
277,22,864,376,110,151,1,-1,-1
278,22,865,377,110,151,1,-1,-1
279,22,866,378,109,151,1,-1,-1
280,22,868,379,108,152,1,-1,-1
281,22,869,379,108,152,1,-1,-1
282,22,871,380,107,152,1,-1,-1
283,22,872,381,107,151,1,-1,-1
284,22,874,382,106,151,1,-1,-1
285,22,875,382,106,151,1,-1,-1
286,22,877,383,105,151,1,-1,-1
287,22,879,384,104,150,1,-1,-1
288,22,880,385,104,150,1,-1,-1
289,22,882,386,103,149,1,-1,-1
290,22,883,386,103,150,1,-1,-1
291,22,885,387,102,149,1,-1,-1
292,22,886,388,102,149,1,-1,-1
293,22,888,389,101,148,1,-1,-1
294,22,890,390,101,148,1,-1,-1
295,22,889,389,102,148,1,-1,-1
296,22,888,389,103,148,1,-1,-1
297,22,888,389,104,148,1,-1,-1
298,22,887,388,105,149,1,-1,-1
299,22,887,388,106,149,1,-1,-1
300,22,886,388,107,149,1,-1,-1
301,22,886,388,108,149,1,-1,-1
302,22,886,387,107,150,1,-1,-1
303,22,886,387,107,150,1,-1,-1
304,22,886,387,106,150,1,-1,-1
305,22,886,387,106,150,1,-1,-1
306,22,887,387,105,150,1,-1,-1
307,22,887,387,104,150,1,-1,-1
308,22,887,387,104,150,1,-1,-1
309,22,887,387,104,150,1,-1,-1
310,22,888,387,102,150,1,-1,-1
311,22,888,387,102,150,1,-1,-1
312,22,888,387,102,150,1,-1,-1
313,22,888,386,101,151,1,-1,-1
314,22,888,386,101,151,1,-1,-1
315,22,889,386,99,151,1,-1,-1
316,22,889,386,99,151,1,-1,-1
317,22,889,386,99,151,1,-1,-1
318,22,889,386,98,151,1,-1,-1
319,22,890,386,97,151,1,-1,-1
320,22,890,386,97,151,1,-1,-1
321,22,890,386,96,151,1,-1,-1
322,22,890,386,96,151,1,-1,-1
323,22,891,386,95,152,1,-1,-1
324,22,890,385,95,152,1,-1,-1
325,22,889,385,95,152,1,-1,-1
326,22,889,385,95,152,1,-1,-1
327,22,888,385,95,152,1,-1,-1
328,22,887,385,95,152,1,-1,-1
329,22,887,384,95,152,1,-1,-1
330,22,886,384,95,152,1,-1,-1
331,22,885,384,95,152,1,-1,-1
332,22,885,384,95,152,1,-1,-1
333,22,884,384,95,152,1,-1,-1
334,22,884,384,95,152,1,-1,-1
335,22,882,383,95,153,1,-1,-1
336,22,881,383,95,153,1,-1,-1
337,22,880,383,94,154,1,-1,-1
338,22,878,383,95,154,1,-1,-1
339,22,877,383,94,155,1,-1,-1
340,22,876,383,94,155,1,-1,-1
341,22,875,383,94,156,1,-1,-1
342,22,873,382,95,156,1,-1,-1
343,22,872,382,95,156,1,-1,-1
344,22,871,382,95,155,1,-1,-1
345,22,870,382,95,155,1,-1,-1
346,22,869,382,95,155,1,-1,-1
347,22,868,382,95,154,1,-1,-1
348,22,867,382,95,154,1,-1,-1
349,22,866,382,95,153,1,-1,-1
350,22,865,382,95,153,1,-1,-1
351,22,864,382,95,153,1,-1,-1
352,22,863,382,95,152,1,-1,-1
353,22,862,382,95,152,1,-1,-1
354,22,861,382,95,152,1,-1,-1
355,22,859,381,95,152,1,-1,-1
356,22,857,381,95,152,1,-1,-1
357,22,855,381,95,152,1,-1,-1
358,22,854,381,95,152,1,-1,-1
359,22,852,380,95,152,1,-1,-1
360,22,850,380,95,152,1,-1,-1
361,22,849,380,95,152,1,-1,-1
362,22,847,380,95,152,1,-1,-1
363,22,845,379,95,152,1,-1,-1
364,22,844,379,95,152,1,-1,-1
365,22,842,379,95,152,1,-1,-1
366,22,840,379,95,152,1,-1,-1
367,22,839,378,95,152,1,-1,-1
368,22,837,378,95,152,1,-1,-1
369,22,835,378,95,152,1,-1,-1
370,22,834,378,95,152,1,-1,-1
371,22,832,377,94,152,1,-1,-1
372,22,830,376,93,153,1,-1,-1
373,22,828,375,93,153,1,-1,-1
374,22,826,374,92,154,1,-1,-1
375,22,824,374,91,154,1,-1,-1
376,22,822,373,91,154,1,-1,-1
377,22,820,372,90,155,1,-1,-1
378,22,818,371,89,156,1,-1,-1
379,22,816,370,89,156,1,-1,-1
380,22,814,370,88,156,1,-1,-1
381,22,812,369,87,157,1,-1,-1
382,22,810,368,87,157,1,-1,-1
383,22,808,367,86,158,1,-1,-1
384,22,807,367,85,158,1,-1,-1
385,22,805,367,85,158,1,-1,-1
386,22,803,367,85,158,1,-1,-1
387,22,802,367,85,158,1,-1,-1
388,22,800,367,85,158,1,-1,-1
389,22,799,368,85,158,1,-1,-1
390,22,797,368,85,158,1,-1,-1
391,22,796,368,85,158,1,-1,-1
392,22,794,368,85,158,1,-1,-1
393,22,793,369,85,158,1,-1,-1
394,22,792,368,85,158,1,-1,-1
395,22,791,368,85,158,1,-1,-1
396,22,791,367,85,158,1,-1,-1
397,22,790,367,85,158,1,-1,-1
398,22,789,366,85,158,1,-1,-1
399,22,789,366,85,158,1,-1,-1
400,22,788,366,85,158,1,-1,-1
401,22,787,365,85,158,1,-1,-1
402,22,787,365,85,158,1,-1,-1
403,22,786,364,85,158,1,-1,-1
404,22,785,364,85,158,1,-1,-1
405,22,785,363,85,158,1,-1,-1
406,22,784,363,85,158,1,-1,-1
407,22,784,363,85,158,1,-1,-1
