82,1,9,216,52,47,1,-1,-1
83,1,17,212,57,48,1,-1,-1
84,1,26,209,62,48,1,-1,-1
85,1,39,208,62,46,1,-1,-1
86,1,53,207,61,44,1,-1,-1
90,5,0,90,87,89,1,-1,-1
91,5,0,87,86,92,1,-1,-1
92,5,0,85,86,94,1,-1,-1
93,5,0,82,86,97,1,-1,-1
94,5,0,80,86,99,1,-1,-1
95,5,0,78,85,101,1,-1,-1
96,5,0,75,85,104,1,-1,-1
97,5,0,73,85,106,1,-1,-1
98,5,0,71,85,108,1,-1,-1
99,5,0,71,90,107,1,-1,-1
100,5,0,71,95,107,1,-1,-1
101,5,0,71,101,107,1,-1,-1
102,5,0,71,105,106,1,-1,-1
103,5,0,71,109,106,1,-1,-1
104,5,0,71,113,105,1,-1,-1
105,5,0,71,117,105,1,-1,-1
106,5,0,71,122,104,1,-1,-1
107,5,0,71,127,104,1,-1,-1
108,5,0,71,132,104,1,-1,-1
109,5,0,71,137,104,1,-1,-1
110,5,0,69,136,105,1,-1,-1
111,5,0,68,136,106,1,-1,-1
112,5,0,67,136,107,1,-1,-1
113,5,0,65,136,109,1,-1,-1
114,5,0,64,136,110,1,-1,-1
115,5,0,63,136,111,1,-1,-1
116,5,0,61,136,113,1,-1,-1
117,5,0,60,136,114,1,-1,-1
118,5,0,59,136,115,1,-1,-1
119,5,0,58,136,116,1,-1,-1
120,5,0,56,136,118,1,-1,-1
121,5,0,55,136,119,1,-1,-1
122,5,0,54,136,120,1,-1,-1
123,5,0,52,136,122,1,-1,-1
124,5,0,51,136,123,1,-1,-1
125,5,0,50,136,124,1,-1,-1
126,5,0,49,136,125,1,-1,-1
127,5,0,47,135,125,1,-1,-1
128,5,0,46,135,125,1,-1,-1
129,5,0,45,135,125,1,-1,-1
130,5,0,44,135,125,1,-1,-1
131,5,0,43,135,125,1,-1,-1
132,5,0,42,135,125,1,-1,-1
133,5,0,41,135,125,1,-1,-1
134,5,0,39,134,125,1,-1,-1
135,5,0,38,134,125,1,-1,-1
136,5,0,37,134,125,1,-1,-1
137,5,0,36,134,125,1,-1,-1
138,5,0,35,134,125,1,-1,-1
139,5,0,34,134,125,1,-1,-1
140,5,0,33,134,125,1,-1,-1
141,5,0,32,134,125,1,-1,-1
142,5,0,31,134,125,1,-1,-1
143,5,0,31,134,125,1,-1,-1
144,5,0,31,134,125,1,-1,-1
145,5,0,30,134,125,1,-1,-1
146,5,0,30,134,125,1,-1,-1
147,5,0,30,134,125,1,-1,-1
148,5,0,30,134,125,1,-1,-1
149,5,0,29,134,125,1,-1,-1
150,5,0,29,134,125,1,-1,-1
151,5,0,29,134,125,1,-1,-1
152,5,0,29,134,125,1,-1,-1
153,5,1,28,134,125,1,-1,-1
154,5,1,28,134,125,1,-1,-1
155,5,1,28,134,125,1,-1,-1
156,5,1,28,134,125,1,-1,-1
157,5,1,27,134,125,1,-1,-1
158,5,1,27,134,125,1,-1,-1
159,5,1,27,134,125,1,-1,-1
160,5,1,26,134,125,1,-1,-1
161,5,1,26,134,125,1,-1,-1
162,5,1,26,134,125,1,-1,-1
163,5,1,26,134,125,1,-1,-1
164,5,2,25,134,125,1,-1,-1
165,5,2,25,134,125,1,-1,-1
166,5,2,25,134,125,1,-1,-1
167,5,2,25,134,125,1,-1,-1
168,5,2,24,134,125,1,-1,-1
169,5,2,24,134,125,1,-1,-1
170,5,2,24,134,125,1,-1,-1
171,5,2,24,134,125,1,-1,-1
172,5,2,23,134,125,1,-1,-1
173,5,2,23,134,125,1,-1,-1
174,5,2,23,134,125,1,-1,-1
175,5,3,23,134,125,1,-1,-1
176,5,2,21,134,125,1,-1,-1
177,5,2,20,134,125,1,-1,-1
178,5,2,19,134,124,1,-1,-1
179,5,2,18,134,124,1,-1,-1
180,5,2,16,134,124,1,-1,-1
181,5,2,15,134,124,1,-1,-1
182,5,2,14,134,123,1,-1,-1
183,5,2,13,134,123,1,-1,-1
184,5,2,12,134,122,1,-1,-1
185,5,1,10,134,123,1,-1,-1
186,5,1,9,134,122,1,-1,-1
187,5,1,8,134,122,1,-1,-1
188,5,1,7,134,121,1,-1,-1
189,5,1,6,134,121,1,-1,-1
190,5,1,4,134,121,1,-1,-1
191,5,1,3,134,121,1,-1,-1
192,5,1,2,134,120,1,-1,-1
193,5,1,1,134,120,1,-1,-1
194,5,1,0,134,120,1,-1,-1
195,5,0,0,135,120,1,-1,-1
196,5,0,0,136,120,1,-1,-1
197,5,0,0,137,121,1,-1,-1
198,5,0,0,137,121,1,-1,-1
199,5,0,0,138,121,1,-1,-1
200,5,0,0,139,122,1,-1,-1
201,5,0,1,140,121,1,-1,-1
202,5,0,1,140,121,1,-1,-1
203,5,0,1,141,122,1,-1,-1
204,5,0,1,142,122,1,-1,-1
205,5,0,1,142,123,1,-1,-1
206,5,0,1,143,123,1,-1,-1
207,5,0,1,144,123,1,-1,-1
208,5,0,2,145,123,1,-1,-1
209,5,0,2,145,123,1,-1,-1
210,5,0,2,146,123,1,-1,-1
211,5,0,2,147,124,1,-1,-1
212,5,0,2,147,124,1,-1,-1
213,5,0,2,148,125,1,-1,-1
214,5,0,2,149,125,1,-1,-1
215,5,0,3,150,124,1,-1,-1
216,5,0,3,150,125,1,-1,-1
217,5,0,3,151,125,1,-1,-1
218,5,0,3,152,125,1,-1,-1
219,5,0,3,152,126,1,-1,-1
220,5,0,3,153,126,1,-1,-1
221,5,0,3,154,127,1,-1,-1
222,5,0,4,155,126,1,-1,-1
223,5,0,4,155,126,1,-1,-1
224,5,0,4,156,127,1,-1,-1
225,5,0,4,157,127,1,-1,-1
226,5,0,4,157,127,1,-1,-1
227,5,0,4,158,128,1,-1,-1
228,5,0,4,159,128,1,-1,-1
229,5,0,5,160,128,1,-1,-1
230,5,0,5,160,128,1,-1,-1
231,5,0,5,161,128,1,-1,-1
232,5,0,5,162,128,1,-1,-1
233,5,0,5,163,129,1,-1,-1
234,5,0,5,164,129,1,-1,-1
235,5,0,5,164,129,1,-1,-1
236,5,0,5,165,129,1,-1,-1
237,5,0,5,166,130,1,-1,-1
238,5,0,5,167,130,1,-1,-1
239,5,0,5,168,130,1,-1,-1
240,5,0,5,168,131,1,-1,-1
241,5,0,5,169,131,1,-1,-1
242,5,0,5,170,131,1,-1,-1
243,5,0,5,171,131,1,-1,-1
244,5,0,5,172,132,1,-1,-1
245,5,0,5,172,132,1,-1,-1
246,5,0,5,173,132,1,-1,-1
247,5,0,5,174,133,1,-1,-1
248,5,0,5,175,133,1,-1,-1
249,5,0,5,176,133,1,-1,-1
250,5,0,5,176,133,1,-1,-1
251,5,0,5,177,134,1,-1,-1
252,5,0,5,178,134,1,-1,-1
253,5,0,5,179,134,1,-1,-1
254,5,0,5,180,135,1,-1,-1
255,5,0,5,180,135,1,-1,-1
256,5,0,6,180,135,1,-1,-1
257,5,0,7,180,135,1,-1,-1
258,5,0,8,180,135,1,-1,-1
259,5,0,9,180,135,1,-1,-1
260,5,0,10,180,135,1,-1,-1
261,5,0,11,181,135,1,-1,-1
262,5,0,12,181,135,1,-1,-1
263,5,0,13,181,135,1,-1,-1
264,5,0,14,181,135,1,-1,-1
265,5,0,15,181,135,1,-1,-1
266,5,0,16,181,135,1,-1,-1
267,5,0,17,181,135,1,-1,-1
268,5,1,18,181,135,1,-1,-1
269,5,1,20,186,134,1,-1,-1
270,5,1,22,191,134,1,-1,-1
271,5,2,24,196,134,1,-1,-1
272,5,2,26,201,134,1,-1,-1
273,5,3,28,206,134,1,-1,-1
274,5,3,30,211,134,1,-1,-1
275,5,3,32,217,134,1,-1,-1
276,5,4,34,221,134,1,-1,-1
277,5,4,36,227,134,1,-1,-1
278,5,5,38,231,134,1,-1,-1
279,5,5,40,237,134,1,-1,-1
280,5,5,42,242,134,1,-1,-1
281,5,6,44,247,134,1,-1,-1
282,5,6,46,252,134,1,-1,-1
283,5,7,48,257,134,1,-1,-1
284,5,6,49,257,134,1,-1,-1
285,5,6,51,257,133,1,-1,-1
286,5,6,52,257,134,1,-1,-1
287,5,5,54,257,133,1,-1,-1
288,5,5,55,257,134,1,-1,-1
289,5,5,57,257,133,1,-1,-1
290,5,5,58,257,134,1,-1,-1
291,5,4,60,257,133,1,-1,-1
292,5,4,61,257,134,1,-1,-1
293,5,4,63,257,133,1,-1,-1
294,5,4,64,257,134,1,-1,-1
295,5,3,66,257,133,1,-1,-1
296,5,3,67,257,134,1,-1,-1
297,5,3,69,257,133,1,-1,-1
298,5,3,71,257,133,1,-1,-1
299,5,3,73,257,133,1,-1,-1
300,5,3,75,257,133,1,-1,-1
301,5,3,77,257,133,1,-1,-1
302,5,3,79,257,133,1,-1,-1
303,5,3,81,257,133,1,-1,-1
304,5,3,83,257,133,1,-1,-1
305,5,3,85,257,133,1,-1,-1
306,5,3,87,257,133,1,-1,-1
307,5,3,89,257,133,1,-1,-1
308,5,3,91,257,133,1,-1,-1
309,5,3,93,257,133,1,-1,-1
310,5,3,95,257,133,1,-1,-1
311,5,3,97,257,133,1,-1,-1
312,5,4,99,257,133,1,-1,-1
313,5,4,95,253,132,1,-1,-1
314,5,4,91,249,131,1,-1,-1
315,5,4,88,246,129,1,-1,-1
316,5,4,84,242,128,1,-1,-1
317,5,4,81,239,127,1,-1,-1
318,5,3,79,208,123,1,-1,-1
319,5,2,77,177,119,1,-1,-1
320,5,1,75,147,115,1,-1,-1
321,5,0,73,116,111,1,-1,-1
322,5,0,71,85,108,1,-1,-1
82,11,169,185,39,49,1,-1,-1
83,11,184,182,37,49,1,-1,-1
84,11,197,180,37,48,1,-1,-1
85,11,210,179,37,47,1,-1,-1
86,11,223,177,37,46,1,-1,-1
100,12,199,23,74,65,1,-1,-1
101,12,199,21,74,65,1,-1,-1
102,12,199,20,74,65,1,-1,-1
103,12,200,19,74,65,1,-1,-1
104,12,200,17,74,65,1,-1,-1
105,12,201,16,74,65,1,-1,-1
106,12,202,15,74,65,1,-1,-1
107,12,202,14,74,65,1,-1,-1
108,12,203,13,74,65,1,-1,-1
109,12,204,12,74,65,1,-1,-1
110,12,205,11,74,65,1,-1,-1
111,12,206,12,74,65,1,-1,-1
112,12,208,13,74,65,1,-1,-1
113,12,209,14,74,65,1,-1,-1
114,12,211,15,74,65,1,-1,-1
115,12,213,16,74,65,1,-1,-1
116,12,213,15,74,65,1,-1,-1
117,12,213,15,74,65,1,-1,-1
118,12,213,14,74,65,1,-1,-1
119,12,213,14,74,65,1,-1,-1
120,12,213,13,74,65,1,-1,-1
121,12,213,13,74,65,1,-1,-1
122,12,213,12,74,65,1,-1,-1
123,12,213,12,74,65,1,-1,-1
124,12,213,11,74,65,1,-1,-1
125,12,213,11,74,65,1,-1,-1
126,12,213,11,74,65,1,-1,-1
127,12,213,11,74,65,1,-1,-1
128,12,214,11,74,65,1,-1,-1
129,12,214,12,74,65,1,-1,-1
130,12,215,12,74,65,1,-1,-1
131,12,215,12,74,65,1,-1,-1
132,12,216,12,74,65,1,-1,-1
133,12,216,13,74,65,1,-1,-1
134,12,217,13,74,65,1,-1,-1
135,12,217,13,74,65,1,-1,-1
136,12,218,14,74,65,1,-1,-1
137,12,218,14,74,65,1,-1,-1
138,12,218,14,74,65,1,-1,-1
139,12,218,14,74,65,1,-1,-1
140,12,218,14,74,65,1,-1,-1
141,12,219,15,74,65,1,-1,-1
142,12,219,15,74,65,1,-1,-1
143,12,219,15,74,65,1,-1,-1
144,12,219,15,74,65,1,-1,-1
145,12,220,16,74,65,1,-1,-1
146,12,220,15,74,65,1,-1,-1
147,12,220,15,74,65,1,-1,-1
148,12,220,15,74,65,1,-1,-1
149,12,221,15,74,65,1,-1,-1
150,12,221,15,74,65,1,-1,-1
151,12,221,15,74,65,1,-1,-1
152,12,221,15,74,65,1,-1,-1
153,12,222,15,74,65,1,-1,-1
154,12,222,14,74,66,1,-1,-1
155,12,223,13,74,67,1,-1,-1
156,12,224,12,73,68,1,-1,-1
157,12,225,12,73,69,1,-1,-1
158,12,225,11,74,70,1,-1,-1
159,12,226,10,73,71,1,-1,-1
160,12,227,9,73,72,1,-1,-1
161,12,228,9,73,73,1,-1,-1
162,12,228,8,73,73,1,-1,-1
163,12,228,8,73,73,1,-1,-1
164,12,228,8,73,73,1,-1,-1
165,12,229,8,73,73,1,-1,-1
166,12,229,7,73,73,1,-1,-1
167,12,229,7,73,73,1,-1,-1
168,12,230,7,73,73,1,-1,-1
169,12,230,7,73,73,1,-1,-1
170,12,230,7,73,73,1,-1,-1
171,12,230,6,73,73,1,-1,-1
172,12,231,6,73,73,1,-1,-1
173,12,231,6,73,73,1,-1,-1
174,12,231,6,73,73,1,-1,-1
175,12,232,6,73,73,1,-1,-1
176,12,231,5,73,74,1,-1,-1
177,12,231,5,73,75,1,-1,-1
178,12,231,5,73,75,1,-1,-1
179,12,231,5,73,76,1,-1,-1
180,12,231,5,73,76,1,-1,-1
181,12,231,5,73,77,1,-1,-1
182,12,231,5,73,77,1,-1,-1
183,12,230,5,73,78,1,-1,-1
184,12,230,5,73,78,1,-1,-1
185,12,230,5,73,79,1,-1,-1
186,12,230,4,73,80,1,-1,-1
187,12,230,4,73,81,1,-1,-1
188,12,230,4,73,81,1,-1,-1
189,12,230,4,73,82,1,-1,-1
190,12,230,4,73,82,1,-1,-1
191,12,229,4,73,83,1,-1,-1
192,12,229,4,73,83,1,-1,-1
193,12,229,4,73,84,1,-1,-1
194,12,229,4,73,84,1,-1,-1
195,12,229,4,73,85,1,-1,-1
196,12,229,3,73,86,1,-1,-1
197,12,229,3,73,87,1,-1,-1
198,12,228,3,73,87,1,-1,-1
199,12,228,3,73,88,1,-1,-1
200,12,228,3,73,88,1,-1,-1
201,12,228,3,73,89,1,-1,-1
202,12,228,3,73,89,1,-1,-1
203,12,228,3,73,90,1,-1,-1
204,12,228,3,73,90,1,-1,-1
205,12,228,3,73,91,1,-1,-1
206,12,228,2,73,91,1,-1,-1
207,12,228,2,73,91,1,-1,-1
208,12,228,2,73,91,1,-1,-1
209,12,229,2,73,91,1,-1,-1
210,12,229,2,73,91,1,-1,-1
211,12,229,3,73,91,1,-1,-1
212,12,229,3,73,91,1,-1,-1
213,12,230,4,73,91,1,-1,-1
214,12,230,4,73,91,1,-1,-1
215,12,230,5,73,91,1,-1,-1
216,12,231,6,73,91,1,-1,-1
217,12,230,6,73,91,1,-1,-1
218,12,230,7,73,91,1,-1,-1
219,12,230,8,73,91,1,-1,-1
220,12,230,9,73,91,1,-1,-1
221,12,229,10,73,91,1,-1,-1
222,12,229,11,73,91,1,-1,-1
223,12,229,12,73,91,1,-1,-1
224,12,229,13,73,91,1,-1,-1
225,12,229,14,73,91,1,-1,-1
226,12,229,12,73,90,1,-1,-1
227,12,229,10,73,89,1,-1,-1
228,12,229,8,73,88,1,-1,-1
229,12,229,6,73,87,1,-1,-1
230,12,229,4,73,86,1,-1,-1
231,12,229,2,73,85,1,-1,-1
232,12,229,0,73,84,1,-1,-1
233,12,231,0,73,84,1,-1,-1
234,12,233,0,74,84,1,-1,-1
235,12,235,0,74,84,1,-1,-1
236,12,237,0,75,84,1,-1,-1
237,12,240,1,74,84,1,-1,-1
238,12,242,1,75,84,1,-1,-1
239,12,244,1,75,84,1,-1,-1
240,12,246,1,76,84,1,-1,-1
241,12,249,2,76,84,1,-1,-1
242,12,251,2,76,84,1,-1,-1
243,12,253,2,77,84,1,-1,-1
244,12,255,2,78,84,1,-1,-1
245,12,257,3,78,83,1,-1,-1
246,12,260,3,78,84,1,-1,-1
247,12,262,3,79,84,1,-1,-1
248,12,264,4,79,83,1,-1,-1
249,12,266,4,80,83,1,-1,-1
250,12,269,4,80,84,1,-1,-1
251,12,271,5,80,83,1,-1,-1
252,12,273,5,81,83,1,-1,-1
253,12,275,5,82,83,1,-1,-1
254,12,278,6,82,83,1,-1,-1
255,12,278,6,82,83,1,-1,-1
256,12,279,7,82,83,1,-1,-1
257,12,280,8,82,83,1,-1,-1
258,12,281,8,82,83,1,-1,-1
259,12,282,9,82,83,1,-1,-1
260,12,283,10,82,83,1,-1,-1
261,12,283,10,82,83,1,-1,-1
262,12,284,11,82,83,1,-1,-1
263,12,285,12,82,83,1,-1,-1
264,12,286,12,82,83,1,-1,-1
265,12,287,13,82,83,1,-1,-1
266,12,288,14,82,83,1,-1,-1
267,12,291,15,82,83,1,-1,-1
268,12,294,17,82,83,1,-1,-1
269,12,297,19,82,83,1,-1,-1
270,12,301,21,81,83,1,-1,-1
271,12,304,23,81,83,1,-1,-1
272,12,307,25,81,83,1,-1,-1
273,12,311,27,81,83,1,-1,-1
274,12,312,28,81,83,1,-1,-1
275,12,314,30,81,83,1,-1,-1
276,12,315,31,81,83,1,-1,-1
277,12,317,33,81,83,1,-1,-1
278,12,318,34,81,83,1,-1,-1
279,12,320,36,81,83,1,-1,-1
280,12,322,38,81,83,1,-1,-1
281,12,322,39,81,83,1,-1,-1
282,12,323,41,81,83,1,-1,-1
283,12,323,42,81,83,1,-1,-1
284,12,324,44,81,83,1,-1,-1
285,12,324,45,81,83,1,-1,-1
286,12,325,47,81,83,1,-1,-1
287,12,326,49,81,83,1,-1,-1
288,12,326,51,81,83,1,-1,-1
289,12,326,53,81,83,1,-1,-1
290,12,327,55,81,83,1,-1,-1
291,12,327,57,81,83,1,-1,-1
292,12,328,59,81,83,1,-1,-1
293,12,327,61,81,83,1,-1,-1
294,12,327,63,81,83,1,-1,-1
295,12,327,65,81,83,1,-1,-1
296,12,327,67,81,83,1,-1,-1
297,12,327,69,81,83,1,-1,-1
298,12,327,71,81,83,1,-1,-1
299,12,327,73,81,83,1,-1,-1
300,12,327,75,81,83,1,-1,-1
301,12,327,77,81,83,1,-1,-1
302,12,327,80,81,79,1,-1,-1
303,12,327,83,81,76,1,-1,-1
304,12,328,86,81,73,1,-1,-1
305,12,328,89,81,70,1,-1,-1
306,12,329,92,81,67,1,-1,-1
307,12,329,95,81,64,1,-1,-1
308,12,330,98,81,61,1,-1,-1
309,12,329,97,81,61,1,-1,-1
310,12,329,97,81,61,1,-1,-1
311,12,329,97,81,61,1,-1,-1
312,12,329,97,81,61,1,-1,-1
313,12,328,96,81,61,1,-1,-1
314,12,328,96,81,61,1,-1,-1
315,12,328,96,81,61,1,-1,-1
316,12,328,96,81,61,1,-1,-1
317,12,328,96,81,61,1,-1,-1
318,12,327,96,81,61,1,-1,-1
319,12,327,96,81,61,1,-1,-1
320,12,327,96,81,61,1,-1,-1
321,12,327,96,81,61,1,-1,-1
322,12,327,96,81,61,1,-1,-1
323,12,327,96,81,61,1,-1,-1
324,12,327,96,81,61,1,-1,-1
325,12,327,96,81,61,1,-1,-1
326,12,327,96,81,61,1,-1,-1
327,12,327,96,81,61,1,-1,-1
328,12,327,97,81,61,1,-1,-1
329,12,326,97,81,61,1,-1,-1
330,12,326,97,81,61,1,-1,-1
331,12,326,97,81,61,1,-1,-1
332,12,326,97,81,61,1,-1,-1
333,12,326,97,81,61,1,-1,-1
334,12,326,97,81,61,1,-1,-1
335,12,326,97,81,61,1,-1,-1
336,12,326,97,81,61,1,-1,-1
337,12,326,97,81,61,1,-1,-1
338,12,326,97,81,61,1,-1,-1
339,12,326,97,81,61,1,-1,-1
340,12,326,97,81,61,1,-1,-1
341,12,326,97,81,61,1,-1,-1
342,12,326,97,81,61,1,-1,-1
343,12,326,97,81,61,1,-1,-1
344,12,326,97,81,61,1,-1,-1
345,12,326,97,81,61,1,-1,-1
346,12,326,97,81,61,1,-1,-1
347,12,326,97,81,61,1,-1,-1
348,12,326,97,81,61,1,-1,-1
349,12,326,97,81,61,1,-1,-1
350,12,326,98,81,61,1,-1,-1
74,15,784,132,45,29,1,-1,-1
75,15,800,131,45,29,1,-1,-1
76,15,817,130,45,29,1,-1,-1
77,15,833,129,45,29,1,-1,-1
78,15,850,129,45,29,1,-1,-1
79,15,869,130,45,29,1,-1,-1
80,15,888,132,45,29,1,-1,-1
81,15,907,134,45,29,1,-1,-1
82,15,926,136,45,29,1,-1,-1
76,18,74,103,29,22,1,-1,-1
77,18,87,100,29,22,1,-1,-1
78,18,101,98,29,21,1,-1,-1
79,18,116,95,29,21,1,-1,-1
80,18,131,92,29,21,1,-1,-1
81,18,146,89,29,21,1,-1,-1
82,18,161,86,29,21,1,-1,-1
83,18,176,83,29,21,1,-1,-1
84,18,192,80,29,21,1,-1,-1
85,18,205,79,29,21,1,-1,-1
86,18,219,79,29,21,1,-1,-1
87,18,233,79,29,21,1,-1,-1
88,18,241,77,29,21,1,-1,-1
89,18,250,75,29,21,1,-1,-1
90,18,259,74,29,21,1,-1,-1
91,18,264,73,29,21,1,-1,-1
92,18,269,72,29,21,1,-1,-1
93,18,275,71,29,21,1,-1,-1
94,18,280,70,29,21,1,-1,-1
95,18,285,69,29,21,1,-1,-1
96,18,291,69,29,21,1,-1,-1
97,18,293,68,29,21,1,-1,-1
98,18,295,68,29,21,1,-1,-1
99,18,297,67,29,21,1,-1,-1
100,18,300,67,29,21,1,-1,-1
101,18,303,67,26,19,1,-1,-1
102,18,306,67,24,17,1,-1,-1
169,18,316,30,16,13,1,-1,-1
170,18,315,29,16,13,1,-1,-1
171,18,315,29,16,13,1,-1,-1
172,18,315,29,16,13,1,-1,-1
173,18,314,29,16,13,1,-1,-1
174,18,314,29,16,13,1,-1,-1
175,18,314,29,16,13,1,-1,-1
176,18,314,28,16,13,1,-1,-1
177,18,314,27,16,13,1,-1,-1
178,18,314,27,16,13,1,-1,-1
179,18,314,26,16,13,1,-1,-1
180,18,314,26,16,13,1,-1,-1
181,18,314,25,16,13,1,-1,-1
182,18,314,25,16,13,1,-1,-1
183,18,313,25,17,13,1,-1,-1
184,18,313,25,17,13,1,-1,-1
185,18,313,25,17,13,1,-1,-1
186,18,313,25,17,13,1,-1,-1
187,18,313,25,17,13,1,-1,-1
188,18,313,25,17,13,1,-1,-1
189,18,313,25,17,13,1,-1,-1
190,18,313,25,17,13,1,-1,-1
191,18,313,26,17,13,1,-1,-1
192,18,313,26,17,13,1,-1,-1
193,18,313,26,17,13,1,-1,-1
194,18,313,26,17,13,1,-1,-1
195,18,313,26,17,13,1,-1,-1
196,18,313,26,17,13,1,-1,-1
197,18,313,26,17,13,1,-1,-1
198,18,313,26,17,13,1,-1,-1
199,18,313,27,17,13,1,-1,-1
200,18,312,27,17,13,1,-1,-1
201,18,312,27,17,13,1,-1,-1
202,18,312,27,17,13,1,-1,-1
203,18,311,27,17,13,1,-1,-1
204,18,311,27,17,13,1,-1,-1
205,18,311,27,17,13,1,-1,-1
206,18,310,27,17,13,1,-1,-1
207,18,309,28,17,13,1,-1,-1
208,18,308,29,17,13,1,-1,-1
209,18,308,30,17,13,1,-1,-1
210,18,308,30,17,13,1,-1,-1
211,18,308,30,17,13,1,-1,-1
212,18,308,31,17,13,1,-1,-1
213,18,308,31,17,13,1,-1,-1
214,18,308,32,17,13,1,-1,-1
215,18,308,32,17,13,1,-1,-1
216,18,308,33,17,13,1,-1,-1
217,18,308,33,17,13,1,-1,-1
218,18,308,33,17,13,1,-1,-1
219,18,308,34,17,13,1,-1,-1
220,18,308,34,17,13,1,-1,-1
221,18,308,35,17,13,1,-1,-1
222,18,308,35,17,13,1,-1,-1
223,18,308,36,17,13,1,-1,-1
224,18,308,36,17,13,1,-1,-1
225,18,308,37,17,13,1,-1,-1
226,18,308,37,17,13,1,-1,-1
227,18,308,38,17,13,1,-1,-1
228,18,308,38,17,13,1,-1,-1
229,18,308,39,17,13,1,-1,-1
230,18,308,39,17,13,1,-1,-1
231,18,308,40,17,13,1,-1,-1
76,22,70,189,25,25,1,-1,-1
77,22,84,186,25,25,1,-1,-1
78,22,98,183,25,25,1,-1,-1
79,22,113,180,25,25,1,-1,-1
80,22,127,177,25,25,1,-1,-1
