81,1,1,220,47,47,1,1,-1
87,1,67,207,60,41,1,1,-1
88,1,76,207,60,40,1,1,-1
89,1,85,207,60,39,1,1,-1
90,1,95,208,59,37,1,1,-1
91,1,97,208,59,36,1,1,-1
92,1,100,208,59,36,1,1,-1
93,1,103,208,59,36,1,1,-1
94,1,106,208,58,36,1,1,-1
95,1,109,208,58,36,1,1,-1
96,1,112,209,58,35,1,1,-1
97,1,112,209,59,34,1,1,-1
98,1,113,209,60,34,1,1,-1
99,1,114,209,61,33,1,1,-1
100,1,115,209,62,33,1,1,-1
101,1,114,209,62,33,1,1,-1
102,1,113,209,62,33,1,1,-1
103,1,112,209,62,33,1,1,-1
104,1,109,208,63,34,1,1,-1
105,1,107,207,63,35,1,1,-1
106,1,105,206,64,36,1,1,-1
107,1,102,205,65,37,1,1,-1
108,1,100,204,66,38,1,1,-1
109,1,98,203,66,39,1,1,-1
110,1,96,202,67,41,1,1,-1
111,1,92,202,68,41,1,1,-1
112,1,89,202,69,41,1,1,-1
113,1,86,202,69,41,1,1,-1
114,1,83,202,70,41,1,1,-1
115,1,80,202,71,41,1,1,-1
116,1,77,201,71,41,1,1,-1
117,1,74,201,72,41,1,1,-1
118,1,71,201,73,41,1,1,-1
119,1,68,201,73,41,1,1,-1
120,1,65,201,74,41,1,1,-1
121,1,62,200,75,41,1,1,-1
122,1,59,200,75,41,1,1,-1
123,1,56,200,76,41,1,1,-1
124,1,53,200,77,41,1,1,-1
125,1,51,200,77,41,1,1,-1
126,1,47,199,77,41,1,1,-1
127,1,43,199,78,41,1,1,-1
128,1,39,198,78,41,1,1,-1
129,1,35,198,79,41,1,1,-1
130,1,31,198,80,41,1,1,-1
131,1,27,197,80,41,1,1,-1
132,1,23,197,81,41,1,1,-1
133,1,19,197,82,41,1,1,-1
134,1,15,196,82,41,1,1,-1
135,1,11,196,83,41,1,1,-1
136,1,8,196,83,41,1,1,-1
137,1,6,194,80,41,1,1,-1
138,1,4,193,78,41,1,1,-1
139,1,3,192,74,41,1,1,-1
140,1,1,191,72,41,1,1,-1
115,2,15,406,123,62,1,1,-1
116,2,26,401,122,61,1,1,-1
117,2,37,396,122,61,1,1,-1
118,2,49,392,121,60,1,1,-1
119,2,60,387,121,60,1,1,-1
120,2,72,383,120,59,1,1,-1
121,2,83,378,120,58,1,1,-1
122,2,94,373,120,58,1,1,-1
123,2,106,369,119,57,1,1,-1
124,2,117,364,119,57,1,1,-1
125,2,129,360,118,56,1,1,-1
126,2,140,355,117,56,1,1,-1
127,2,151,351,117,56,1,1,-1
128,2,163,347,116,56,1,1,-1
129,2,174,343,116,56,1,1,-1
130,2,186,339,115,56,1,1,-1
131,2,197,335,114,55,1,1,-1
132,2,209,331,113,55,1,1,-1
133,2,220,327,113,55,1,1,-1
134,2,232,323,112,55,1,1,-1
135,2,243,319,112,55,1,1,-1
136,2,255,315,111,55,1,1,-1
137,2,265,311,111,54,1,1,-1
138,2,275,307,111,54,1,1,-1
139,2,285,304,111,53,1,1,-1
140,2,295,300,111,53,1,1,-1
141,2,306,296,110,53,1,1,-1
142,2,316,293,110,52,1,1,-1
143,2,326,289,110,52,1,1,-1
144,2,336,285,110,52,1,1,-1
145,2,347,282,109,51,1,1,-1
146,2,357,279,109,50,1,1,-1
147,2,367,277,109,48,1,1,-1
148,2,378,274,109,47,1,1,-1
149,2,388,272,109,46,1,1,-1
150,2,398,269,109,45,1,1,-1
151,2,409,267,109,43,1,1,-1
152,2,419,264,109,42,1,1,-1
153,2,430,262,109,41,1,1,-1
154,2,439,258,109,41,1,1,-1
155,2,449,255,109,41,1,1,-1
156,2,459,252,109,41,1,1,-1
157,2,469,249,109,41,1,1,-1
158,2,478,245,109,41,1,1,-1
159,2,488,242,109,41,1,1,-1
160,2,498,239,109,41,1,1,-1
161,2,508,236,109,41,1,1,-1
162,2,518,232,108,41,1,1,-1
163,2,529,229,106,41,1,1,-1
164,2,539,225,105,41,1,1,-1
165,2,550,222,104,41,1,1,-1
166,2,560,218,103,41,1,1,-1
167,2,571,215,101,41,1,1,-1
168,2,581,211,100,41,1,1,-1
169,2,592,208,99,41,1,1,-1
170,2,602,204,98,41,1,1,-1
171,2,613,201,96,41,1,1,-1
172,2,624,197,95,41,1,1,-1
173,2,634,194,94,41,1,1,-1
174,2,645,190,92,41,1,1,-1
175,2,656,187,91,41,1,1,-1
176,2,665,184,90,40,1,1,-1
177,2,674,181,90,39,1,1,-1
178,2,684,179,89,37,1,1,-1
179,2,693,176,89,37,1,1,-1
180,2,703,174,88,35,1,1,-1
181,2,712,171,88,34,1,1,-1
182,2,722,169,87,33,1,1,-1
183,2,731,166,87,34,1,1,-1
184,2,740,164,87,34,1,1,-1
185,2,750,161,86,35,1,1,-1
186,2,759,159,86,35,1,1,-1
187,2,769,156,85,36,1,1,-1
188,2,778,154,85,36,1,1,-1
189,2,788,152,85,37,1,1,-1
190,2,796,150,84,37,1,1,-1
191,2,804,149,84,36,1,1,-1
192,2,812,148,84,36,1,1,-1
193,2,821,147,83,35,1,1,-1
194,2,829,146,83,35,1,1,-1
195,2,837,144,82,35,1,1,-1
196,2,846,143,81,34,1,1,-1
197,2,854,142,81,34,1,1,-1
198,2,862,141,81,33,1,1,-1
199,2,871,140,80,33,1,1,-1
200,2,879,139,80,33,1,1,-1
201,2,887,139,80,33,1,1,-1
202,2,895,139,80,33,1,1,-1
203,2,903,139,80,33,1,1,-1
204,2,911,139,80,33,1,1,-1
205,2,919,139,80,33,1,1,-1
206,2,926,138,77,32,1,1,-1
207,2,934,137,73,32,1,1,-1
208,2,942,137,69,31,1,1,-1
209,2,949,136,66,31,1,1,-1
210,2,957,135,62,31,1,1,-1
171,3,4,465,181,74,1,1,-1
172,3,4,463,181,75,1,1,-1
173,3,4,462,182,75,1,1,-1
174,3,4,461,182,75,1,1,-1
175,3,4,460,183,75,1,1,-1
176,3,4,457,184,78,1,1,-1
177,3,5,454,185,82,1,1,-1
178,3,6,451,186,86,1,1,-1
179,3,7,448,187,89,1,1,-1
180,3,8,445,188,93,1,1,-1
181,3,9,443,189,96,1,1,-1
182,3,10,441,190,98,1,1,-1
183,3,12,440,191,99,1,1,-1
184,3,14,438,191,101,1,1,-1
185,3,16,437,192,102,1,1,-1
186,3,18,436,193,103,1,1,-1
187,3,19,434,194,105,1,1,-1
188,3,21,433,195,106,1,1,-1
189,3,23,431,195,108,1,1,-1
190,3,25,430,196,109,1,1,-1
191,3,27,429,197,110,1,1,-1
192,3,29,428,197,111,1,1,-1
193,3,31,428,197,111,1,1,-1
194,3,33,427,197,112,1,1,-1
195,3,35,427,197,112,1,1,-1
196,3,37,427,197,112,1,1,-1
197,3,39,426,197,113,1,1,-1
198,3,41,426,197,113,1,1,-1
199,3,44,426,197,113,1,1,-1
200,3,47,426,197,113,1,1,-1
201,3,50,427,198,112,1,1,-1
202,3,53,428,199,111,1,1,-1
203,3,56,428,199,111,1,1,-1
204,3,59,429,200,110,1,1,-1
205,3,62,430,201,109,1,1,-1
206,3,65,432,201,106,1,1,-1
207,3,68,434,201,103,1,1,-1
208,3,71,436,201,100,1,1,-1
209,3,74,439,201,97,1,1,-1
210,3,77,440,201,96,1,1,-1
211,3,80,441,202,95,1,1,-1
212,3,83,442,202,94,1,1,-1
213,3,86,444,203,93,1,1,-1
214,3,89,445,204,92,1,1,-1
215,3,92,446,204,91,1,1,-1
216,3,95,447,205,90,1,1,-1
217,3,99,449,205,89,1,1,-1
218,3,102,451,202,86,1,1,-1
219,3,106,453,198,84,1,1,-1
220,3,110,455,194,82,1,1,-1
221,3,114,458,191,79,1,1,-1
222,3,117,460,188,76,1,1,-1
223,3,121,462,184,74,1,1,-1
224,3,125,464,180,72,1,1,-1
190,4,766,463,101,76,1,1,-1
191,4,765,461,101,78,1,1,-1
192,4,765,460,101,79,1,1,-1
193,4,765,459,100,80,1,1,-1
194,4,765,458,100,81,1,1,-1
195,4,765,457,100,82,1,1,-1
196,4,764,456,100,83,1,1,-1
197,4,764,455,100,84,1,1,-1
198,4,764,454,100,85,1,1,-1
199,4,764,453,99,86,1,1,-1
200,4,764,452,99,87,1,1,-1
201,4,764,451,99,88,1,1,-1
202,4,763,451,100,87,1,1,-1
203,4,763,451,100,86,1,1,-1
204,4,763,451,100,85,1,1,-1
205,4,763,452,101,83,1,1,-1
206,4,763,452,100,83,1,1,-1
207,4,763,452,100,84,1,1,-1
208,4,763,452,100,85,1,1,-1
209,4,763,452,100,85,1,1,-1
210,4,763,452,100,86,1,1,-1
211,4,763,452,100,87,1,1,-1
212,4,763,452,100,86,1,1,-1
213,4,763,452,100,85,1,1,-1
214,4,763,452,101,84,1,1,-1
215,4,763,452,101,83,1,1,-1
216,4,764,452,101,83,1,1,-1
217,4,763,452,101,83,1,1,-1
218,4,763,452,101,84,1,1,-1
219,4,763,452,100,85,1,1,-1
220,4,763,452,100,86,1,1,-1
221,4,763,452,100,87,1,1,-1
222,4,762,452,100,87,1,1,-1
223,4,762,452,100,87,1,1,-1
224,4,762,452,100,87,1,1,-1
225,4,762,452,100,87,1,1,-1
226,4,762,452,100,87,1,1,-1
227,4,762,452,100,87,1,1,-1
228,4,762,452,100,87,1,1,-1
229,4,762,452,100,87,1,1,-1
230,4,762,452,100,87,1,1,-1
231,4,762,452,100,87,1,1,-1
232,4,762,452,100,87,1,1,-1
233,4,762,452,100,87,1,1,-1
234,4,763,453,100,86,1,1,-1
235,4,763,453,100,86,1,1,-1
236,4,764,454,100,85,1,1,-1
237,4,764,454,100,85,1,1,-1
238,4,764,454,100,85,1,1,-1
239,4,765,455,100,84,1,1,-1
240,4,765,455,100,84,1,1,-1
241,4,766,456,100,83,1,1,-1
242,4,767,456,100,82,1,1,-1
243,4,768,457,100,81,1,1,-1
244,4,769,458,101,80,1,1,-1
245,4,770,459,101,79,1,1,-1
246,4,772,460,101,78,1,1,-1
247,4,774,461,100,77,1,1,-1
248,4,776,462,100,76,1,1,-1
249,4,778,463,100,75,1,1,-1
250,4,780,464,100,74,1,1,-1
251,4,782,465,100,74,1,1,-1
252,4,784,466,100,72,1,1,-1
253,4,786,467,100,70,1,1,-1
254,4,788,468,101,69,1,1,-1
255,4,789,469,101,68,1,1,-1
256,4,791,471,101,66,1,1,-1
257,4,793,472,101,65,1,1,-1
258,4,794,474,101,63,1,1,-1
259,4,796,475,101,62,1,1,-1
260,4,798,477,101,60,1,1,-1
261,4,799,479,101,58,1,1,-1
262,4,801,480,101,57,1,1,-1
263,4,803,482,101,55,1,1,-1
264,4,804,483,101,54,1,1,-1
265,4,806,485,101,52,1,1,-1
266,4,808,487,101,51,1,1,-1
267,4,809,487,100,50,1,1,-1
268,4,810,487,99,50,1,1,-1
269,4,811,487,98,50,1,1,-1
270,4,812,487,97,50,1,1,-1
241,6,0,238,83,50,1,1,-1
242,6,1,236,94,52,1,1,-1
243,6,2,235,105,53,1,1,-1
244,6,3,233,117,56,1,1,-1
245,6,4,232,128,57,1,1,-1
246,6,5,231,140,59,1,1,-1
247,6,17,230,140,58,1,1,-1
248,6,30,229,140,58,1,1,-1
249,6,43,228,140,57,1,1,-1
250,6,56,227,140,57,1,1,-1
251,6,69,226,139,56,1,1,-1
252,6,82,225,139,56,1,1,-1
253,6,95,224,139,55,1,1,-1
254,6,108,223,139,55,1,1,-1
255,6,118,223,138,54,1,1,-1
256,6,129,223,137,54,1,1,-1
257,6,140,223,135,53,1,1,-1
258,6,150,223,135,53,1,1,-1
259,6,161,223,133,52,1,1,-1
260,6,172,223,132,52,1,1,-1
261,6,182,223,131,52,1,1,-1
262,6,193,223,130,51,1,1,-1
263,6,204,223,128,51,1,1,-1
264,6,214,223,128,50,1,1,-1
265,6,225,223,126,50,1,1,-1
266,6,236,224,125,49,1,1,-1
267,6,246,224,124,49,1,1,-1
268,6,257,225,123,49,1,1,-1
269,6,268,226,122,49,1,1,-1
270,6,279,227,120,49,1,1,-1
271,6,290,228,119,49,1,1,-1
272,6,301,229,118,49,1,1,-1
273,6,312,230,117,49,1,1,-1
274,6,320,230,117,49,1,1,-1
275,6,329,231,117,49,1,1,-1
276,6,338,231,117,49,1,1,-1
277,6,347,232,117,49,1,1,-1
278,6,356,232,117,49,1,1,-1
279,6,365,233,117,49,1,1,-1
280,6,374,234,117,49,1,1,-1
281,6,382,235,115,49,1,1,-1
282,6,390,237,114,49,1,1,-1
283,6,398,239,113,49,1,1,-1
284,6,406,240,111,49,1,1,-1
285,6,414,242,110,49,1,1,-1
286,6,422,244,109,49,1,1,-1
287,6,430,246,108,49,1,1,-1
288,6,437,246,108,49,1,1,-1
289,6,444,247,108,49,1,1,-1
290,6,451,247,108,49,1,1,-1
291,6,458,248,108,49,1,1,-1
292,6,465,249,108,49,1,1,-1
293,6,472,250,107,48,1,1,-1
294,6,479,251,106,48,1,1,-1
295,6,486,252,106,48,1,1,-1
296,6,493,253,105,48,1,1,-1
297,6,500,254,105,48,1,1,-1
298,6,507,255,104,48,1,1,-1
299,6,514,256,104,48,1,1,-1
300,6,521,257,103,48,1,1,-1
301,6,529,258,102,48,1,1,-1
302,6,535,258,102,48,1,1,-1
303,6,542,259,101,48,1,1,-1
304,6,549,260,101,48,1,1,-1
305,6,556,261,100,47,1,1,-1
306,6,563,262,100,47,1,1,-1
307,6,570,263,99,47,1,1,-1
308,6,577,264,99,47,1,1,-1
309,6,583,263,99,47,1,1,-1
310,6,590,263,99,47,1,1,-1
311,6,597,262,99,47,1,1,-1
312,6,604,262,99,47,1,1,-1
313,6,611,261,99,47,1,1,-1
314,6,618,261,99,47,1,1,-1
315,6,625,260,99,47,1,1,-1
316,6,632,260,99,47,1,1,-1
317,6,639,260,99,47,1,1,-1
318,6,645,259,99,47,1,1,-1
319,6,652,259,98,46,1,1,-1
320,6,658,258,99,46,1,1,-1
321,6,665,258,98,46,1,1,-1
322,6,671,258,99,45,1,1,-1
323,6,678,257,98,45,1,1,-1
324,6,684,257,99,44,1,1,-1
325,6,691,257,98,44,1,1,-1
326,6,697,256,99,44,1,1,-1
327,6,704,256,98,43,1,1,-1
328,6,711,256,98,43,1,1,-1
329,6,717,255,97,43,1,1,-1
330,6,724,255,96,42,1,1,-1
331,6,731,255,95,41,1,1,-1
332,6,738,255,93,40,1,1,-1
333,6,744,255,93,39,1,1,-1
334,6,751,255,92,38,1,1,-1
335,6,758,255,90,37,1,1,-1
336,6,765,255,89,36,1,1,-1
337,6,772,255,88,36,1,1,-1
338,6,778,255,88,36,1,1,-1
339,6,785,255,88,36,1,1,-1
340,6,791,255,88,36,1,1,-1
341,6,798,256,88,36,1,1,-1
342,6,805,255,87,36,1,1,-1
343,6,812,254,86,36,1,1,-1
344,6,819,254,85,35,1,1,-1
345,6,825,254,85,35,1,1,-1
346,6,832,254,85,35,1,1,-1
347,6,838,254,85,35,1,1,-1
348,6,845,254,85,35,1,1,-1
349,6,851,254,85,35,1,1,-1
350,6,858,254,85,35,1,1,-1
141,7,627,486,96,53,1,1,-1
142,7,627,483,96,56,1,1,-1
143,7,627,480,96,59,1,1,-1
144,7,627,477,96,62,1,1,-1
145,7,627,474,97,65,1,1,-1
146,7,626,471,99,68,1,1,-1
147,7,626,469,100,70,1,1,-1
148,7,626,467,101,72,1,1,-1
149,7,626,464,102,75,1,1,-1
150,7,626,462,103,77,1,1,-1
151,7,626,460,105,79,1,1,-1
152,7,626,457,106,82,1,1,-1
153,7,626,454,108,85,1,1,-1
154,7,626,451,110,88,1,1,-1
155,7,626,448,111,91,1,1,-1
156,7,627,445,112,94,1,1,-1
157,7,627,442,114,97,1,1,-1
158,7,627,439,115,100,1,1,-1
159,7,627,436,117,103,1,1,-1
160,7,627,433,119,106,1,1,-1
161,7,628,431,120,108,1,1,-1
162,7,628,428,120,109,1,1,-1
163,7,629,425,120,110,1,1,-1
164,7,629,422,121,111,1,1,-1
165,7,630,419,121,112,1,1,-1
166,7,631,416,120,113,1,1,-1
167,7,631,413,121,114,1,1,-1
168,7,632,410,121,115,1,1,-1
169,7,633,407,121,117,1,1,-1
170,7,633,403,121,117,1,1,-1
171,7,633,400,121,117,1,1,-1
172,7,634,396,121,117,1,1,-1
173,7,634,393,121,117,1,1,-1
174,7,634,389,121,117,1,1,-1
175,7,635,386,121,117,1,1,-1
176,7,635,382,121,117,1,1,-1
177,7,635,379,122,117,1,1,-1
178,7,636,376,122,116,1,1,-1
179,7,636,372,122,117,1,1,-1
180,7,637,369,122,116,1,1,-1
181,7,637,366,123,116,1,1,-1
182,7,638,363,123,116,1,1,-1
183,7,638,360,123,115,1,1,-1
184,7,638,357,123,115,1,1,-1
185,7,638,355,124,114,1,1,-1
186,7,638,352,124,114,1,1,-1
187,7,638,350,125,113,1,1,-1
188,7,638,347,125,113,1,1,-1
189,7,639,345,125,112,1,1,-1
190,7,638,344,125,111,1,1,-1
191,7,638,343,125,111,1,1,-1
192,7,638,342,124,111,1,1,-1
193,7,637,341,125,111,1,1,-1
194,7,637,340,125,111,1,1,-1
195,7,637,339,124,110,1,1,-1
196,7,636,338,125,110,1,1,-1
197,7,636,337,124,110,1,1,-1
198,7,636,336,124,110,1,1,-1
199,7,636,336,124,109,1,1,-1
200,7,636,335,124,109,1,1,-1
201,7,636,335,124,109,1,1,-1
202,7,636,335,124,109,1,1,-1
203,7,636,335,124,109,1,1,-1
204,7,636,335,124,109,1,1,-1
205,7,636,335,124,109,1,1,-1
206,7,636,335,124,109,1,1,-1
207,7,636,335,124,109,1,1,-1
208,7,636,335,124,109,1,1,-1
209,7,636,335,124,109,1,1,-1
210,7,636,335,124,109,1,1,-1
211,7,636,335,124,109,1,1,-1
212,7,636,335,124,109,1,1,-1
213,7,636,335,124,109,1,1,-1
214,7,636,335,124,109,1,1,-1
215,7,636,335,124,109,1,1,-1
216,7,636,335,124,109,1,1,-1
217,7,636,335,125,109,1,1,-1
218,7,635,335,125,109,1,1,-1
219,7,635,336,125,109,1,1,-1
220,7,635,336,125,109,1,1,-1
221,7,635,337,125,109,1,1,-1
222,7,635,337,125,109,1,1,-1
223,7,635,338,125,109,1,1,-1
224,7,635,338,125,109,1,1,-1
225,7,635,339,125,109,1,1,-1
226,7,635,339,125,109,1,1,-1
227,7,635,339,125,109,1,1,-1
228,7,635,339,125,109,1,1,-1
229,7,635,340,125,109,1,1,-1
230,7,635,340,125,109,1,1,-1
231,7,635,340,125,109,1,1,-1
232,7,635,341,125,109,1,1,-1
233,7,635,341,125,108,1,1,-1
234,7,635,342,125,107,1,1,-1
235,7,636,343,125,106,1,1,-1
236,7,636,344,125,105,1,1,-1
237,7,637,344,124,105,1,1,-1
238,7,637,345,125,104,1,1,-1
239,7,638,346,124,103,1,1,-1
240,7,638,347,124,102,1,1,-1
241,7,639,348,124,101,1,1,-1
242,7,640,348,124,101,1,1,-1
243,7,641,349,124,101,1,1,-1
244,7,642,349,124,101,1,1,-1
245,7,643,350,124,101,1,1,-1
246,7,644,351,124,101,1,1,-1
247,7,646,351,124,101,1,1,-1
248,7,648,352,124,101,1,1,-1
249,7,651,353,124,101,1,1,-1
250,7,653,354,124,101,1,1,-1
251,7,655,354,124,101,1,1,-1
252,7,658,355,124,101,1,1,-1
253,7,660,356,124,101,1,1,-1
254,7,663,357,124,101,1,1,-1
255,7,664,358,124,101,1,1,-1
256,7,665,359,125,101,1,1,-1
257,7,666,360,125,101,1,1,-1
258,7,668,361,125,102,1,1,-1
259,7,669,362,125,102,1,1,-1
260,7,670,363,126,102,1,1,-1
261,7,671,364,127,102,1,1,-1
262,7,673,365,126,103,1,1,-1
263,7,674,366,127,103,1,1,-1
264,7,675,367,127,103,1,1,-1
265,7,676,368,128,103,1,1,-1
266,7,678,369,128,104,1,1,-1
267,7,679,371,128,104,1,1,-1
268,7,681,373,128,104,1,1,-1
269,7,683,375,128,104,1,1,-1
270,7,684,377,128,104,1,1,-1
271,7,686,379,128,104,1,1,-1
272,7,688,381,128,104,1,1,-1
273,7,690,383,128,104,1,1,-1
274,7,691,385,128,104,1,1,-1
275,7,692,387,128,104,1,1,-1
276,7,693,389,128,104,1,1,-1
277,7,694,392,128,104,1,1,-1
278,7,695,394,128,104,1,1,-1
279,7,696,396,128,104,1,1,-1
280,7,698,399,128,104,1,1,-1
281,7,698,400,128,105,1,1,-1
282,7,698,401,128,106,1,1,-1
283,7,698,403,128,106,1,1,-1
284,7,698,404,128,107,1,1,-1
285,7,698,406,128,107,1,1,-1
286,7,698,407,128,108,1,1,-1
287,7,698,409,129,109,1,1,-1
288,7,698,411,129,109,1,1,-1
289,7,698,413,129,109,1,1,-1
290,7,698,415,129,109,1,1,-1
291,7,698,417,129,109,1,1,-1
292,7,699,419,129,109,1,1,-1
293,7,698,420,130,109,1,1,-1
294,7,698,422,130,108,1,1,-1
295,7,698,424,131,107,1,1,-1
296,7,698,426,131,106,1,1,-1
297,7,698,428,132,105,1,1,-1
298,7,698,430,132,104,1,1,-1
299,7,698,432,133,103,1,1,-1
300,7,698,434,133,102,1,1,-1
301,7,698,436,134,101,1,1,-1
302,7,698,436,133,100,1,1,-1
303,7,698,436,133,100,1,1,-1
304,7,698,437,133,99,1,1,-1
305,7,698,437,132,99,1,1,-1
306,7,698,438,132,98,1,1,-1
307,7,698,438,132,98,1,1,-1
308,7,699,439,131,97,1,1,-1
309,7,699,439,131,97,1,1,-1
310,7,699,439,131,97,1,1,-1
311,7,699,439,131,97,1,1,-1
312,7,699,439,131,97,1,1,-1
313,7,699,440,131,97,1,1,-1
314,7,699,440,131,97,1,1,-1
315,7,699,440,131,97,1,1,-1
316,7,699,440,131,97,1,1,-1
317,7,699,441,131,97,1,1,-1
318,7,699,441,131,97,1,1,-1
319,7,699,441,131,97,1,1,-1
320,7,700,441,131,97,1,1,-1
321,7,700,441,131,97,1,1,-1
322,7,701,441,131,97,1,1,-1
323,7,701,441,131,97,1,1,-1
324,7,702,441,131,97,1,1,-1
325,7,702,441,131,97,1,1,-1
326,7,703,441,131,97,1,1,-1
327,7,703,441,131,97,1,1,-1
328,7,704,441,131,97,1,1,-1
329,7,703,441,131,97,1,1,-1
330,7,703,441,131,97,1,1,-1
331,7,702,441,131,97,1,1,-1
332,7,702,441,131,97,1,1,-1
333,7,701,441,131,97,1,1,-1
334,7,701,441,131,97,1,1,-1
335,7,700,441,131,97,1,1,-1
336,7,700,441,131,97,1,1,-1
337,7,700,442,131,97,1,1,-1
338,7,700,442,131,97,1,1,-1
339,7,701,442,131,97,1,1,-1
340,7,701,442,131,97,1,1,-1
341,7,702,442,131,97,1,1,-1
342,7,701,442,131,96,1,1,-1
343,7,701,443,131,94,1,1,-1
344,7,701,444,131,93,1,1,-1
345,7,701,444,131,93,1,1,-1
346,7,701,444,131,93,1,1,-1
347,7,702,445,130,92,1,1,-1
348,7,702,445,130,92,1,1,-1
349,7,702,445,130,92,1,1,-1
350,7,703,446,129,91,1,1,-1
191,8,2,252,71,54,1,1,-1
192,8,1,250,78,55,1,1,-1
193,8,1,249,84,55,1,1,-1
194,8,1,248,91,56,1,1,-1
195,8,1,246,97,57,1,1,-1
196,8,1,245,104,58,1,1,-1
197,8,0,244,111,58,1,1,-1
198,8,0,243,118,59,1,1,-1
199,8,0,241,124,60,1,1,-1
200,8,0,240,131,61,1,1,-1
201,8,0,239,137,61,1,1,-1
202,8,0,238,144,62,1,1,-1
203,8,5,238,147,63,1,1,-1
204,8,11,238,149,64,1,1,-1
205,8,17,238,151,65,1,1,-1
206,8,25,237,150,63,1,1,-1
207,8,33,236,150,62,1,1,-1
208,8,42,235,149,61,1,1,-1
209,8,50,235,149,61,1,1,-1
210,8,58,235,149,61,1,1,-1
211,8,67,236,149,61,1,1,-1
212,8,75,234,148,61,1,1,-1
213,8,83,233,147,61,1,1,-1
214,8,91,232,146,61,1,1,-1
215,8,99,231,145,60,1,1,-1
216,8,107,230,144,60,1,1,-1
217,8,115,229,143,60,1,1,-1
218,8,122,228,143,60,1,1,-1
219,8,130,228,142,59,1,1,-1
220,8,138,227,141,60,1,1,-1
221,8,146,227,140,59,1,1,-1
222,8,154,226,139,59,1,1,-1
223,8,162,226,138,59,1,1,-1
224,8,170,225,137,59,1,1,-1
225,8,178,225,137,59,1,1,-1
226,8,185,224,136,59,1,1,-1
227,8,192,224,136,59,1,1,-1
228,8,200,224,134,58,1,1,-1
229,8,207,224,134,58,1,1,-1
230,8,215,224,132,57,1,1,-1
231,8,222,224,132,57,1,1,-1
232,8,230,224,131,57,1,1,-1
233,8,237,223,131,57,1,1,-1
234,8,245,223,131,56,1,1,-1
235,8,253,223,131,55,1,1,-1
236,8,261,223,131,54,1,1,-1
237,8,269,222,130,54,1,1,-1
238,8,277,222,130,53,1,1,-1
239,8,285,222,130,52,1,1,-1
240,8,293,222,130,51,1,1,-1
241,8,301,222,130,51,1,1,-1
242,8,308,221,129,51,1,1,-1
243,8,316,221,128,50,1,1,-1
244,8,324,221,127,50,1,1,-1
245,8,332,221,126,49,1,1,-1
246,8,340,221,125,49,1,1,-1
247,8,349,220,124,50,1,1,-1
248,8,358,220,124,50,1,1,-1
249,8,367,220,123,50,1,1,-1
250,8,376,220,123,50,1,1,-1
251,8,385,219,122,51,1,1,-1
252,8,394,219,122,51,1,1,-1
253,8,403,219,121,51,1,1,-1
254,8,412,219,121,51,1,1,-1
255,8,420,219,120,50,1,1,-1
256,8,428,219,119,50,1,1,-1
257,8,436,219,119,50,1,1,-1
258,8,444,220,118,49,1,1,-1
259,8,452,220,117,49,1,1,-1
260,8,460,220,117,49,1,1,-1
261,8,468,220,116,48,1,1,-1
262,8,476,221,115,47,1,1,-1
263,8,484,221,115,47,1,1,-1
264,8,492,221,114,47,1,1,-1
265,8,500,221,113,47,1,1,-1
266,8,508,222,113,46,1,1,-1
267,8,516,223,113,46,1,1,-1
268,8,524,224,113,46,1,1,-1
269,8,532,226,113,46,1,1,-1
270,8,540,227,113,46,1,1,-1
271,8,548,229,113,46,1,1,-1
272,8,556,230,113,46,1,1,-1
273,8,565,232,113,46,1,1,-1
274,8,572,232,113,46,1,1,-1
275,8,579,233,113,46,1,1,-1
276,8,586,234,113,46,1,1,-1
277,8,594,235,113,46,1,1,-1
278,8,601,236,113,46,1,1,-1
279,8,608,237,113,46,1,1,-1
280,8,616,238,113,46,1,1,-1
281,8,622,239,113,46,1,1,-1
282,8,628,240,113,46,1,1,-1
283,8,634,242,113,45,1,1,-1
284,8,641,243,112,46,1,1,-1
285,8,647,245,112,45,1,1,-1
286,8,653,246,112,45,1,1,-1
287,8,660,248,112,45,1,1,-1
288,8,666,249,112,45,1,1,-1
289,8,672,250,112,45,1,1,-1
290,8,678,251,112,45,1,1,-1
291,8,684,252,112,45,1,1,-1
292,8,690,254,113,45,1,1,-1
293,8,696,254,112,45,1,1,-1
294,8,702,255,112,45,1,1,-1
295,8,708,256,112,45,1,1,-1
296,8,714,257,111,45,1,1,-1
297,8,721,257,110,45,1,1,-1
298,8,727,258,110,45,1,1,-1
299,8,733,259,109,45,1,1,-1
300,8,739,260,109,45,1,1,-1
301,8,746,261,108,45,1,1,-1
302,8,752,261,107,45,1,1,-1
303,8,758,262,106,45,1,1,-1
304,8,764,263,105,45,1,1,-1
305,8,771,263,104,46,1,1,-1
306,8,777,264,103,46,1,1,-1
307,8,783,265,102,46,1,1,-1
308,8,790,266,101,46,1,1,-1
309,8,795,266,101,45,1,1,-1
310,8,801,266,100,44,1,1,-1
311,8,807,266,99,44,1,1,-1
312,8,813,266,98,43,1,1,-1
313,8,819,266,98,43,1,1,-1
314,8,825,266,97,42,1,1,-1
315,8,831,266,96,42,1,1,-1
316,8,837,266,95,41,1,1,-1
317,8,843,266,95,41,1,1,-1
318,8,848,265,95,41,1,1,-1
319,8,854,265,95,41,1,1,-1
320,8,860,264,95,41,1,1,-1
321,8,865,264,95,41,1,1,-1
322,8,871,263,95,41,1,1,-1
323,8,877,263,95,41,1,1,-1
324,8,883,262,95,41,1,1,-1
325,8,888,262,95,41,1,1,-1
326,8,894,261,95,41,1,1,-1
327,8,900,261,95,41,1,1,-1
328,8,906,261,95,41,1,1,-1
329,8,911,260,94,40,1,1,-1
330,8,916,259,93,40,1,1,-1
331,8,922,259,92,39,1,1,-1
332,8,927,258,88,39,1,1,-1
333,8,933,258,84,39,1,1,-1
334,8,938,258,80,39,1,1,-1
335,8,944,257,76,40,1,1,-1
336,8,949,257,72,40,1,1,-1
337,8,955,257,68,40,1,1,-1
338,8,961,257,61,39,1,1,-1
339,8,967,257,55,39,1,1,-1
340,8,973,257,49,39,1,1,-1
292,9,949,178,72,34,1,1,-1
293,9,945,179,72,34,1,1,-1
294,9,942,181,72,34,1,1,-1
295,9,939,183,72,34,1,1,-1
296,9,936,185,72,34,1,1,-1
297,9,932,186,72,34,1,1,-1
298,9,929,188,72,34,1,1,-1
299,9,926,190,72,34,1,1,-1
300,9,923,192,72,34,1,1,-1
301,9,920,194,72,34,1,1,-1
302,9,917,195,71,33,1,1,-1
303,9,914,196,70,33,1,1,-1
304,9,911,197,70,33,1,1,-1
305,9,908,198,69,32,1,1,-1
306,9,905,199,69,32,1,1,-1
307,9,902,200,68,32,1,1,-1
308,9,899,201,68,32,1,1,-1
309,9,895,201,68,32,1,1,-1
310,9,891,202,68,32,1,1,-1
311,9,888,202,68,33,1,1,-1
312,9,884,203,68,32,1,1,-1
313,9,880,203,69,33,1,1,-1
314,9,877,204,68,33,1,1,-1
315,9,873,204,69,33,1,1,-1
316,9,869,205,69,33,1,1,-1
317,9,866,206,69,33,1,1,-1
318,9,862,206,69,33,1,1,-1
319,9,858,206,69,33,1,1,-1
320,9,855,206,69,33,1,1,-1
321,9,851,206,69,33,1,1,-1
322,9,847,206,69,33,1,1,-1
323,9,844,206,69,33,1,1,-1
324,9,840,206,69,33,1,1,-1
325,9,836,206,69,33,1,1,-1
326,9,833,206,69,33,1,1,-1
327,9,829,206,69,33,1,1,-1
328,9,826,206,69,33,1,1,-1
329,9,822,206,69,33,1,1,-1
330,9,818,206,70,33,1,1,-1
331,9,815,206,70,34,1,1,-1
332,9,811,206,71,34,1,1,-1
333,9,807,207,72,34,1,1,-1
334,9,804,207,72,34,1,1,-1
335,9,800,207,73,35,1,1,-1
336,9,796,207,74,35,1,1,-1
337,9,793,208,74,35,1,1,-1
338,9,790,208,74,35,1,1,-1
339,9,787,208,74,35,1,1,-1
340,9,784,208,74,35,1,1,-1
341,9,781,208,74,35,1,1,-1
342,9,777,208,74,34,1,1,-1
343,9,774,208,73,34,1,1,-1
344,9,771,209,73,33,1,1,-1
345,9,766,209,73,33,1,1,-1
346,9,762,209,73,33,1,1,-1
347,9,758,210,73,33,1,1,-1
348,9,753,210,73,33,1,1,-1
349,9,749,210,73,33,1,1,-1
350,9,745,211,73,33,1,1,-1
90,10,2,374,121,69,1,1,-1
91,10,11,371,120,68,1,1,-1
92,10,21,369,119,66,1,1,-1
93,10,30,367,118,64,1,1,-1
94,10,40,365,117,62,1,1,-1
95,10,49,363,116,60,1,1,-1
96,10,59,361,115,59,1,1,-1
97,10,65,358,114,59,1,1,-1
98,10,72,355,112,59,1,1,-1
99,10,78,352,111,59,1,1,-1
100,10,85,350,110,58,1,1,-1
101,10,89,347,110,58,1,1,-1
102,10,93,344,110,58,1,1,-1
103,10,98,342,109,57,1,1,-1
104,10,101,339,109,57,1,1,-1
105,10,105,337,108,56,1,1,-1
106,10,108,335,108,55,1,1,-1
107,10,112,332,108,55,1,1,-1
108,10,115,330,108,54,1,1,-1
109,10,119,328,107,53,1,1,-1
110,10,123,326,107,53,1,1,-1
111,10,126,323,107,53,1,1,-1
112,10,130,321,107,53,1,1,-1
113,10,133,318,107,53,1,1,-1
114,10,137,316,107,53,1,1,-1
115,10,141,314,107,53,1,1,-1
116,10,143,311,107,52,1,1,-1
117,10,146,309,106,51,1,1,-1
118,10,148,307,107,50,1,1,-1
119,10,151,304,106,50,1,1,-1
120,10,154,302,106,49,1,1,-1
121,10,156,300,106,48,1,1,-1
122,10,159,297,105,48,1,1,-1
123,10,161,295,106,47,1,1,-1
124,10,164,293,105,46,1,1,-1
125,10,167,291,105,45,1,1,-1
126,10,169,288,105,45,1,1,-1
127,10,171,286,105,45,1,1,-1
128,10,173,284,105,45,1,1,-1
129,10,175,281,105,45,1,1,-1
130,10,177,279,105,45,1,1,-1
131,10,179,277,105,45,1,1,-1
132,10,181,275,105,45,1,1,-1
133,10,183,272,105,45,1,1,-1
134,10,185,270,105,45,1,1,-1
135,10,187,268,105,45,1,1,-1
136,10,189,266,105,45,1,1,-1
137,10,190,263,104,45,1,1,-1
138,10,192,261,103,45,1,1,-1
139,10,194,259,102,45,1,1,-1
140,10,196,257,101,45,1,1,-1
141,10,197,255,101,44,1,1,-1
142,10,199,253,100,44,1,1,-1
143,10,201,251,99,44,1,1,-1
144,10,203,249,98,44,1,1,-1
145,10,205,247,97,44,1,1,-1
146,10,205,245,97,44,1,1,-1
147,10,205,243,98,45,1,1,-1
148,10,205,242,98,44,1,1,-1
149,10,205,240,99,45,1,1,-1
150,10,205,238,99,45,1,1,-1
151,10,205,237,100,45,1,1,-1
152,10,205,235,100,45,1,1,-1
153,10,205,234,101,45,1,1,-1
154,10,206,232,101,45,1,1,-1
155,10,207,230,101,45,1,1,-1
156,10,208,228,101,45,1,1,-1
157,10,210,226,101,45,1,1,-1
158,10,211,224,101,45,1,1,-1
159,10,212,222,101,45,1,1,-1
160,10,213,220,101,45,1,1,-1
161,10,215,218,101,45,1,1,-1
162,10,216,216,101,45,1,1,-1
163,10,217,214,101,45,1,1,-1
164,10,218,212,101,45,1,1,-1
165,10,220,210,101,45,1,1,-1
166,10,221,208,101,45,1,1,-1
167,10,222,206,101,45,1,1,-1
168,10,223,204,101,45,1,1,-1
169,10,225,203,101,45,1,1,-1
170,10,226,200,101,45,1,1,-1
171,10,227,198,101,45,1,1,-1
172,10,229,196,101,45,1,1,-1
173,10,230,193,101,45,1,1,-1
174,10,231,191,101,45,1,1,-1
175,10,233,189,101,45,1,1,-1
176,10,234,186,101,45,1,1,-1
177,10,235,184,101,45,1,1,-1
178,10,236,182,101,45,1,1,-1
179,10,237,180,101,45,1,1,-1
180,10,238,178,101,45,1,1,-1
181,10,239,176,101,45,1,1,-1
182,10,240,174,101,45,1,1,-1
183,10,241,172,101,45,1,1,-1
184,10,242,170,101,45,1,1,-1
185,10,243,168,101,45,1,1,-1
186,10,244,166,101,45,1,1,-1
187,10,245,164,101,45,1,1,-1
188,10,246,162,101,45,1,1,-1
189,10,247,161,101,45,1,1,-1
190,10,248,160,101,45,1,1,-1
191,10,249,160,101,45,1,1,-1
192,10,250,159,101,45,1,1,-1
193,10,251,159,101,45,1,1,-1
194,10,253,158,101,45,1,1,-1
195,10,254,158,101,45,1,1,-1
196,10,255,157,101,45,1,1,-1
197,10,256,157,101,45,1,1,-1
198,10,257,156,101,45,1,1,-1
199,10,259,156,101,45,1,1,-1
200,10,259,156,101,45,1,1,-1
201,10,260,156,101,45,1,1,-1
202,10,261,156,101,45,1,1,-1
203,10,262,156,101,45,1,1,-1
204,10,263,156,101,45,1,1,-1
205,10,264,156,101,45,1,1,-1
206,10,265,157,101,44,1,1,-1
207,10,267,158,100,43,1,1,-1
208,10,268,159,100,42,1,1,-1
209,10,270,160,100,41,1,1,-1
210,10,271,159,99,41,1,1,-1
211,10,272,159,99,41,1,1,-1
212,10,273,159,98,41,1,1,-1
213,10,274,159,98,41,1,1,-1
214,10,275,159,97,41,1,1,-1
215,10,276,159,97,41,1,1,-1
216,10,277,159,96,41,1,1,-1
217,10,278,159,96,41,1,1,-1
218,10,279,159,95,41,1,1,-1
219,10,280,160,95,40,1,1,-1
220,10,282,160,93,40,1,1,-1
221,10,283,161,93,39,1,1,-1
222,10,284,162,92,38,1,1,-1
223,10,286,162,91,38,1,1,-1
224,10,287,163,90,37,1,1,-1
225,10,289,164,89,37,1,1,-1
226,10,290,164,89,37,1,1,-1
227,10,291,164,89,37,1,1,-1
228,10,293,164,89,37,1,1,-1
229,10,294,165,89,37,1,1,-1
230,10,296,165,89,37,1,1,-1
231,10,297,165,89,37,1,1,-1
232,10,299,166,89,37,1,1,-1
233,10,300,166,89,37,1,1,-1
234,10,302,166,88,37,1,1,-1
235,10,304,166,88,37,1,1,-1
236,10,306,166,87,37,1,1,-1
237,10,308,166,87,37,1,1,-1
238,10,310,166,86,37,1,1,-1
239,10,312,166,86,37,1,1,-1
240,10,314,166,85,37,1,1,-1
241,10,316,167,85,36,1,1,-1
242,10,318,167,84,35,1,1,-1
243,10,320,167,83,35,1,1,-1
244,10,322,167,82,35,1,1,-1
245,10,324,167,81,35,1,1,-1
246,10,327,167,79,35,1,1,-1
247,10,330,167,79,35,1,1,-1
248,10,334,167,79,35,1,1,-1
249,10,337,167,79,35,1,1,-1
250,10,341,168,79,34,1,1,-1
251,10,345,168,78,34,1,1,-1
252,10,348,168,79,34,1,1,-1
253,10,352,168,78,34,1,1,-1
254,10,356,169,78,33,1,1,-1
255,10,358,169,78,33,1,1,-1
256,10,361,169,77,34,1,1,-1
257,10,364,170,76,34,1,1,-1
258,10,367,170,75,35,1,1,-1
259,10,370,171,74,34,1,1,-1
260,10,373,171,73,35,1,1,-1
261,10,375,171,73,36,1,1,-1
262,10,378,172,72,36,1,1,-1
263,10,381,172,71,36,1,1,-1
264,10,384,173,70,36,1,1,-1
265,10,387,173,69,37,1,1,-1
266,10,390,174,69,37,1,1,-1
267,10,393,175,68,36,1,1,-1
268,10,396,176,67,36,1,1,-1
269,10,399,177,67,36,1,1,-1
270,10,403,178,65,36,1,1,-1
271,10,406,179,65,36,1,1,-1
272,10,409,180,64,36,1,1,-1
273,10,413,181,63,36,1,1,-1
274,10,415,182,62,36,1,1,-1
275,10,417,184,61,35,1,1,-1
276,10,419,185,60,36,1,1,-1
277,10,421,187,59,35,1,1,-1
278,10,423,188,58,36,1,1,-1
279,10,425,190,57,35,1,1,-1
280,10,428,192,55,35,1,1,-1
281,10,429,193,54,35,1,1,-1
282,10,430,194,54,35,1,1,-1
283,10,431,195,54,35,1,1,-1
284,10,432,197,54,34,1,1,-1
285,10,433,198,54,34,1,1,-1
286,10,434,199,54,34,1,1,-1
287,10,436,201,53,33,1,1,-1
288,10,436,202,53,33,1,1,-1
289,10,436,203,53,33,1,1,-1
290,10,436,205,53,33,1,1,-1
291,10,436,206,53,33,1,1,-1
292,10,437,208,53,33,1,1,-1
293,10,437,209,53,33,1,1,-1
294,10,438,210,52,33,1,1,-1
295,10,439,211,51,33,1,1,-1
296,10,440,212,50,33,1,1,-1
297,10,441,213,50,33,1,1,-1
298,10,442,214,49,33,1,1,-1
299,10,443,215,48,33,1,1,-1
300,10,444,216,47,33,1,1,-1
301,10,445,217,47,33,1,1,-1
302,10,446,217,46,33,1,1,-1
303,10,447,218,45,33,1,1,-1
304,10,448,219,45,33,1,1,-1
305,10,449,219,44,34,1,1,-1
306,10,450,220,44,34,1,1,-1
307,10,451,221,43,34,1,1,-1
308,10,452,222,43,34,1,1,-1
309,10,452,221,43,34,1,1,-1
310,10,452,221,43,34,1,1,-1
311,10,453,221,43,34,1,1,-1
312,10,453,221,43,33,1,1,-1
313,10,454,220,42,34,1,1,-1
314,10,454,220,43,34,1,1,-1
315,10,455,220,42,33,1,1,-1
316,10,455,220,42,33,1,1,-1
317,10,456,220,42,33,1,1,-1
318,10,456,219,42,33,1,1,-1
319,10,456,219,42,33,1,1,-1
320,10,457,219,41,32,1,1,-1
321,10,457,219,42,32,1,1,-1
322,10,457,219,42,32,1,1,-1
323,10,458,218,41,32,1,1,-1
324,10,458,218,41,32,1,1,-1
325,10,458,218,42,32,1,1,-1
326,10,459,218,41,31,1,1,-1
327,10,459,218,41,31,1,1,-1
328,10,460,218,41,31,1,1,-1
329,10,460,217,41,31,1,1,-1
330,10,461,217,40,31,1,1,-1
331,10,462,217,40,31,1,1,-1
332,10,463,217,39,30,1,1,-1
333,10,463,216,39,31,1,1,-1
334,10,464,216,39,31,1,1,-1
335,10,465,216,38,30,1,1,-1
336,10,466,216,37,30,1,1,-1
337,10,467,216,37,30,1,1,-1
338,10,467,215,36,30,1,1,-1
339,10,468,215,34,29,1,1,-1
340,10,468,215,33,28,1,1,-1
341,10,469,215,32,28,1,1,-1
342,10,468,215,32,28,1,1,-1
343,10,467,215,32,28,1,1,-1
344,10,467,215,32,28,1,1,-1
345,10,467,214,32,29,1,1,-1
346,10,467,214,32,29,1,1,-1
347,10,468,214,32,29,1,1,-1
348,10,468,214,32,29,1,1,-1
349,10,468,214,32,29,1,1,-1
350,10,469,214,32,29,1,1,-1
1,11,28,231,47,45,1,1,-1
2,11,28,231,47,46,1,1,-1
3,11,28,232,48,46,1,1,-1
4,11,28,233,48,46,1,1,-1
5,11,28,233,49,47,1,1,-1
6,11,28,234,50,47,1,1,-1
7,11,28,235,50,47,1,1,-1
8,11,28,235,51,48,1,1,-1
9,11,28,236,51,48,1,1,-1
10,11,28,237,52,48,1,1,-1
11,11,28,238,53,49,1,1,-1
12,11,28,238,53,49,1,1,-1
13,11,28,239,53,49,1,1,-1
14,11,28,240,53,49,1,1,-1
15,11,28,240,53,49,1,1,-1
16,11,28,241,53,49,1,1,-1
17,11,29,242,53,49,1,1,-1
18,11,29,242,53,49,1,1,-1
19,11,29,243,53,49,1,1,-1
20,11,30,243,53,49,1,1,-1
21,11,30,244,53,49,1,1,-1
22,11,31,245,53,49,1,1,-1
23,11,30,245,53,49,1,1,-1
24,11,30,246,53,49,1,1,-1
25,11,30,247,53,49,1,1,-1
26,11,29,246,53,49,1,1,-1
27,11,29,245,53,49,1,1,-1
28,11,28,245,53,49,1,1,-1
29,11,28,244,53,49,1,1,-1
30,11,28,244,53,49,1,1,-1
31,11,27,243,53,49,1,1,-1
32,11,27,243,53,49,1,1,-1
33,11,26,242,53,49,1,1,-1
34,11,26,241,53,49,1,1,-1
35,11,26,241,53,49,1,1,-1
36,11,25,240,53,49,1,1,-1
37,11,25,240,53,49,1,1,-1
38,11,24,239,53,49,1,1,-1
39,11,24,239,53,49,1,1,-1
40,11,24,238,53,49,1,1,-1
41,11,23,237,53,49,1,1,-1
42,11,23,237,53,49,1,1,-1
43,11,22,236,53,49,1,1,-1
44,11,22,236,53,49,1,1,-1
45,11,22,235,53,49,1,1,-1
46,11,21,235,53,49,1,1,-1
47,11,21,234,53,49,1,1,-1
48,11,20,233,53,49,1,1,-1
49,11,20,233,53,49,1,1,-1
50,11,20,232,53,49,1,1,-1
51,11,19,232,53,49,1,1,-1
52,11,19,231,53,49,1,1,-1
53,11,18,231,53,49,1,1,-1
54,11,18,230,53,49,1,1,-1
55,11,18,229,53,49,1,1,-1
56,11,17,229,53,49,1,1,-1
57,11,17,228,53,49,1,1,-1
58,11,16,228,53,49,1,1,-1
59,11,16,227,53,49,1,1,-1
60,11,16,227,53,49,1,1,-1
61,11,16,226,52,49,1,1,-1
62,11,16,226,52,49,1,1,-1
63,11,16,226,51,49,1,1,-1
64,11,16,226,51,49,1,1,-1
65,11,16,226,51,49,1,1,-1
66,11,18,224,51,49,1,1,-1
67,11,21,223,50,49,1,1,-1
68,11,24,222,50,49,1,1,-1
69,11,26,220,50,49,1,1,-1
70,11,29,219,49,49,1,1,-1
71,11,32,218,49,49,1,1,-1
72,11,39,215,49,49,1,1,-1
73,11,47,213,49,49,1,1,-1
74,11,55,211,49,49,1,1,-1
75,11,69,207,48,49,1,1,-1
76,11,83,204,47,49,1,1,-1
77,11,98,201,45,49,1,1,-1
78,11,112,198,44,49,1,1,-1
79,11,126,194,43,49,1,1,-1
80,11,141,191,41,49,1,1,-1
81,11,155,188,40,49,1,1,-1
87,11,236,176,37,45,1,1,-1
88,11,245,174,37,45,1,1,-1
89,11,254,172,37,45,1,1,-1
90,11,263,171,37,45,1,1,-1
91,11,267,170,37,44,1,1,-1
92,11,272,169,37,44,1,1,-1
93,11,277,169,37,42,1,1,-1
94,11,281,168,37,42,1,1,-1
95,11,286,167,37,41,1,1,-1
96,11,291,167,37,40,1,1,-1
97,11,293,166,37,40,1,1,-1
98,11,295,166,37,40,1,1,-1
99,11,297,165,37,40,1,1,-1
100,11,299,165,37,40,1,1,-1
101,11,300,163,37,40,1,1,-1
102,11,302,161,37,40,1,1,-1
103,11,304,160,37,40,1,1,-1
104,11,305,159,37,40,1,1,-1
105,11,306,158,37,41,1,1,-1
106,11,307,158,37,40,1,1,-1
107,11,308,157,37,41,1,1,-1
108,11,309,157,37,40,1,1,-1
109,11,310,156,37,41,1,1,-1
110,11,311,156,37,41,1,1,-1
111,11,312,155,37,41,1,1,-1
112,11,313,154,37,41,1,1,-1
113,11,314,153,37,41,1,1,-1
114,11,315,152,37,41,1,1,-1
115,11,316,151,37,41,1,1,-1
116,11,316,149,37,41,1,1,-1
117,11,317,148,37,41,1,1,-1
118,11,317,147,37,41,1,1,-1
119,11,318,146,37,41,1,1,-1
120,11,318,145,37,41,1,1,-1
121,11,319,144,37,41,1,1,-1
122,11,319,143,37,41,1,1,-1
123,11,320,142,37,41,1,1,-1
124,11,320,141,37,41,1,1,-1
125,11,321,140,37,41,1,1,-1
126,11,321,138,37,41,1,1,-1
127,11,321,137,37,41,1,1,-1
128,11,322,136,37,41,1,1,-1
129,11,322,135,37,41,1,1,-1
130,11,322,134,37,41,1,1,-1
131,11,323,133,37,41,1,1,-1
132,11,323,132,37,41,1,1,-1
133,11,323,131,37,41,1,1,-1
134,11,324,130,37,41,1,1,-1
135,11,324,129,37,41,1,1,-1
136,11,325,128,37,41,1,1,-1
137,11,325,127,37,41,1,1,-1
138,11,325,126,37,41,1,1,-1
139,11,325,125,37,41,1,1,-1
140,11,325,124,37,41,1,1,-1
141,11,325,124,37,41,1,1,-1
142,11,325,123,37,41,1,1,-1
143,11,325,122,37,41,1,1,-1
144,11,325,121,37,41,1,1,-1
145,11,325,121,37,41,1,1,-1
146,11,324,120,37,41,1,1,-1
147,11,324,119,37,41,1,1,-1
148,11,323,118,37,41,1,1,-1
149,11,323,118,37,41,1,1,-1
150,11,323,117,37,41,1,1,-1
151,11,322,116,37,41,1,1,-1
152,11,322,115,37,41,1,1,-1
153,11,322,115,37,41,1,1,-1
154,11,322,114,37,41,1,1,-1
155,11,322,113,37,41,1,1,-1
156,11,322,112,37,41,1,1,-1
157,11,322,111,37,41,1,1,-1
158,11,322,110,37,41,1,1,-1
159,11,322,109,37,41,1,1,-1
160,11,322,108,37,41,1,1,-1
161,11,322,108,37,41,1,1,-1
162,11,322,107,37,41,1,1,-1
163,11,322,106,37,41,1,1,-1
164,11,322,105,37,41,1,1,-1
165,11,322,104,37,41,1,1,-1
166,11,322,103,37,41,1,1,-1
167,11,322,102,37,41,1,1,-1
168,11,322,101,37,41,1,1,-1
169,11,322,100,37,41,1,1,-1
170,11,321,99,37,41,1,1,-1
171,11,321,98,37,41,1,1,-1
172,11,321,97,37,41,1,1,-1
173,11,321,96,37,41,1,1,-1
174,11,321,95,37,41,1,1,-1
175,11,321,94,37,41,1,1,-1
176,11,321,93,37,40,1,1,-1
177,11,321,92,37,40,1,1,-1
178,11,321,91,37,39,1,1,-1
179,11,321,90,37,39,1,1,-1
180,11,321,89,37,38,1,1,-1
181,11,321,88,37,38,1,1,-1
182,11,322,88,36,37,1,1,-1
183,11,322,87,36,37,1,1,-1
184,11,322,87,36,37,1,1,-1
185,11,322,87,36,37,1,1,-1
186,11,322,87,36,37,1,1,-1
187,11,322,86,36,37,1,1,-1
188,11,322,86,36,37,1,1,-1
189,11,322,86,36,37,1,1,-1
190,11,322,86,36,37,1,1,-1
191,11,322,85,36,37,1,1,-1
192,11,322,85,36,37,1,1,-1
193,11,322,85,36,37,1,1,-1
194,11,322,85,36,37,1,1,-1
195,11,322,84,36,37,1,1,-1
196,11,322,84,36,37,1,1,-1
197,11,322,84,36,37,1,1,-1
198,11,322,84,36,37,1,1,-1
199,11,323,84,36,37,1,1,-1
200,11,322,84,36,37,1,1,-1
201,11,322,84,36,37,1,1,-1
202,11,322,84,36,37,1,1,-1
203,11,321,84,37,37,1,1,-1
204,11,321,84,37,37,1,1,-1
205,11,321,85,37,37,1,1,-1
206,11,321,85,37,37,1,1,-1
207,11,321,86,37,37,1,1,-1
208,11,321,86,37,37,1,1,-1
209,11,321,87,37,37,1,1,-1
210,11,321,87,37,37,1,1,-1
211,11,321,88,37,37,1,1,-1
212,11,321,89,37,37,1,1,-1
213,11,321,90,37,37,1,1,-1
214,11,321,91,37,37,1,1,-1
215,11,321,92,37,37,1,1,-1
216,11,321,93,37,37,1,1,-1
217,11,321,94,37,37,1,1,-1
218,11,320,94,37,35,1,1,-1
219,11,320,94,36,34,1,1,-1
220,11,320,94,36,33,1,1,-1
221,11,320,94,36,34,1,1,-1
222,11,320,94,36,35,1,1,-1
223,11,320,95,37,35,1,1,-1
224,11,320,95,37,36,1,1,-1
225,11,321,96,37,37,1,1,-1
226,11,321,96,37,37,1,1,-1
227,11,321,96,38,37,1,1,-1
228,11,321,97,38,36,1,1,-1
229,11,321,97,39,37,1,1,-1
230,11,321,98,39,36,1,1,-1
231,11,321,98,40,36,1,1,-1
232,11,321,99,41,36,1,1,-1
233,11,321,99,41,36,1,1,-1
234,11,322,100,41,35,1,1,-1
235,11,323,100,41,35,1,1,-1
236,11,324,101,40,34,1,1,-1
237,11,324,101,41,35,1,1,-1
238,11,325,102,41,34,1,1,-1
239,11,326,102,40,34,1,1,-1
240,11,327,103,40,33,1,1,-1
241,11,328,104,40,33,1,1,-1
242,11,329,105,41,33,1,1,-1
243,11,331,106,41,34,1,1,-1
244,11,333,107,41,34,1,1,-1
245,11,335,108,41,35,1,1,-1
246,11,337,109,41,36,1,1,-1
247,11,339,109,40,35,1,1,-1
248,11,341,109,39,35,1,1,-1
249,11,343,109,38,35,1,1,-1
250,11,346,109,37,35,1,1,-1
251,11,348,109,38,36,1,1,-1
252,11,351,110,39,36,1,1,-1
253,11,354,111,40,36,1,1,-1
254,11,357,112,41,36,1,1,-1
255,11,358,112,41,36,1,1,-1
256,11,360,113,41,36,1,1,-1
257,11,362,114,41,36,1,1,-1
258,11,364,115,40,36,1,1,-1
259,11,365,116,41,35,1,1,-1
260,11,367,117,41,35,1,1,-1
261,11,369,117,40,36,1,1,-1
262,11,371,118,40,36,1,1,-1
263,11,372,119,41,35,1,1,-1
264,11,374,120,40,35,1,1,-1
265,11,376,121,40,35,1,1,-1
266,11,378,122,40,35,1,1,-1
267,11,380,123,39,35,1,1,-1
268,11,382,124,39,35,1,1,-1
269,11,384,126,39,34,1,1,-1
270,11,387,127,38,35,1,1,-1
271,11,389,129,38,34,1,1,-1
272,11,391,130,38,34,1,1,-1
273,11,394,132,37,34,1,1,-1
274,11,394,133,37,34,1,1,-1
275,11,395,135,37,34,1,1,-1
276,11,396,137,37,34,1,1,-1
277,11,396,139,37,34,1,1,-1
278,11,397,141,37,34,1,1,-1
279,11,398,143,37,34,1,1,-1
280,11,399,145,37,34,1,1,-1
281,11,399,146,37,34,1,1,-1
282,11,400,147,36,34,1,1,-1
283,11,401,148,35,34,1,1,-1
284,11,402,150,35,33,1,1,-1
285,11,402,152,35,33,1,1,-1
286,11,403,154,34,33,1,1,-1
287,11,404,156,34,33,1,1,-1
288,11,404,158,34,33,1,1,-1
289,11,404,160,34,33,1,1,-1
290,11,404,162,34,33,1,1,-1
291,11,404,164,34,33,1,1,-1
292,11,405,167,34,33,1,1,-1
293,11,404,168,34,33,1,1,-1
294,11,404,169,34,33,1,1,-1
295,11,404,171,33,33,1,1,-1
296,11,404,172,33,33,1,1,-1
297,11,403,174,33,33,1,1,-1
298,11,403,175,33,33,1,1,-1
299,11,403,177,32,33,1,1,-1
300,11,403,178,32,33,1,1,-1
301,11,403,180,32,33,1,1,-1
302,11,403,181,32,33,1,1,-1
303,11,403,182,32,33,1,1,-1
304,11,404,183,31,34,1,1,-1
305,11,404,184,31,34,1,1,-1
306,11,405,185,30,35,1,1,-1
307,11,405,186,30,35,1,1,-1
308,11,406,188,30,35,1,1,-1
309,11,405,187,31,35,1,1,-1
310,11,405,187,31,34,1,1,-1
311,11,405,186,31,35,1,1,-1
312,11,404,186,32,34,1,1,-1
313,11,404,185,32,35,1,1,-1
314,11,404,185,32,34,1,1,-1
315,11,403,184,33,35,1,1,-1
316,11,403,184,33,34,1,1,-1
317,11,403,184,33,34,1,1,-1
318,11,403,184,33,34,1,1,-1
319,11,403,184,33,34,1,1,-1
320,11,403,184,33,34,1,1,-1
321,11,403,185,33,33,1,1,-1
322,11,403,185,33,33,1,1,-1
323,11,404,185,33,34,1,1,-1
324,11,404,185,33,34,1,1,-1
325,11,404,186,33,33,1,1,-1
326,11,404,186,33,33,1,1,-1
327,11,404,186,33,33,1,1,-1
328,11,405,187,33,33,1,1,-1
329,11,405,187,33,33,1,1,-1
330,11,405,187,33,33,1,1,-1
331,11,405,187,33,33,1,1,-1
332,11,405,187,33,33,1,1,-1
333,11,405,187,33,33,1,1,-1
334,11,405,187,33,33,1,1,-1
335,11,405,187,33,33,1,1,-1
336,11,405,187,33,33,1,1,-1
337,11,405,187,33,33,1,1,-1
338,11,405,187,33,33,1,1,-1
339,11,405,188,33,33,1,1,-1
340,11,405,188,33,33,1,1,-1
341,11,405,189,33,33,1,1,-1
342,11,405,189,33,33,1,1,-1
343,11,405,189,33,33,1,1,-1
344,11,405,190,33,33,1,1,-1
345,11,404,189,33,33,1,1,-1
346,11,404,189,33,33,1,1,-1
347,11,404,189,33,33,1,1,-1
348,11,403,189,33,33,1,1,-1
349,11,403,189,33,33,1,1,-1
350,11,403,189,33,33,1,1,-1
231,13,272,90,23,24,1,1,-1
232,13,272,90,23,24,1,1,-1
233,13,272,91,23,24,1,1,-1
234,13,273,92,23,24,1,1,-1
235,13,273,93,23,24,1,1,-1
236,13,274,94,23,24,1,1,-1
237,13,274,95,23,24,1,1,-1
238,13,274,96,23,24,1,1,-1
239,13,275,97,23,24,1,1,-1
240,13,275,98,23,24,1,1,-1
241,13,276,99,23,24,1,1,-1
242,13,277,99,23,24,1,1,-1
243,13,278,100,23,24,1,1,-1
244,13,279,101,23,24,1,1,-1
245,13,280,102,23,24,1,1,-1
246,13,281,103,23,24,1,1,-1
247,13,283,103,23,24,1,1,-1
248,13,285,104,23,24,1,1,-1
249,13,287,105,23,24,1,1,-1
250,13,290,106,23,24,1,1,-1
251,13,292,106,23,24,1,1,-1
252,13,294,107,23,24,1,1,-1
253,13,296,108,23,24,1,1,-1
254,13,299,109,23,24,1,1,-1
255,13,300,109,23,25,1,1,-1
256,13,301,110,23,25,1,1,-1
257,13,302,111,23,26,1,1,-1
258,13,303,112,24,26,1,1,-1
259,13,304,113,24,26,1,1,-1
260,13,305,114,24,27,1,1,-1
261,13,306,115,24,27,1,1,-1
262,13,307,116,25,27,1,1,-1
263,13,308,117,25,28,1,1,-1
264,13,309,118,25,28,1,1,-1
265,13,310,119,25,28,1,1,-1
266,13,312,120,25,29,1,1,-1
267,13,312,122,26,29,1,1,-1
268,13,313,124,26,29,1,1,-1
269,13,314,126,27,29,1,1,-1
270,13,314,128,28,29,1,1,-1
271,13,315,130,29,29,1,1,-1
272,13,316,132,29,29,1,1,-1
273,13,317,135,30,28,1,1,-1
274,13,316,137,31,28,1,1,-1
275,13,316,139,32,28,1,1,-1
276,13,316,141,33,28,1,1,-1
277,13,315,143,35,29,1,1,-1
278,13,315,145,36,29,1,1,-1
279,13,315,147,37,29,1,1,-1
280,13,315,150,38,29,1,1,-1
281,13,313,152,38,29,1,1,-1
282,13,312,154,38,29,1,1,-1
283,13,311,156,38,29,1,1,-1
284,13,310,158,38,29,1,1,-1
285,13,309,160,38,29,1,1,-1
286,13,308,162,38,29,1,1,-1
287,13,307,165,38,29,1,1,-1
288,13,306,167,38,29,1,1,-1
289,13,305,169,38,29,1,1,-1
290,13,304,171,38,29,1,1,-1
291,13,303,173,38,29,1,1,-1
292,13,302,176,38,29,1,1,-1
293,13,300,178,39,29,1,1,-1
294,13,298,180,40,29,1,1,-1
295,13,296,182,41,29,1,1,-1
296,13,294,184,42,29,1,1,-1
297,13,292,186,43,29,1,1,-1
298,13,290,188,44,29,1,1,-1
299,13,288,190,45,29,1,1,-1
300,13,286,192,46,29,1,1,-1
301,13,285,194,46,29,1,1,-1
302,13,284,195,45,28,1,1,-1
303,13,283,196,44,28,1,1,-1
304,13,282,197,43,28,1,1,-1
305,13,281,199,42,26,1,1,-1
306,13,280,200,41,26,1,1,-1
307,13,279,201,40,26,1,1,-1
308,13,278,203,40,25,1,1,-1
309,13,274,203,42,25,1,1,-1
310,13,271,203,43,26,1,1,-1
311,13,268,204,45,26,1,1,-1
312,13,265,204,46,27,1,1,-1
313,13,262,205,47,26,1,1,-1
314,13,259,205,49,27,1,1,-1
315,13,256,206,50,27,1,1,-1
316,13,253,206,51,28,1,1,-1
317,13,250,207,53,28,1,1,-1
318,13,247,207,53,28,1,1,-1
319,13,244,208,53,28,1,1,-1
320,13,242,208,53,28,1,1,-1
321,13,239,209,53,28,1,1,-1
322,13,237,209,53,28,1,1,-1
323,13,234,210,53,28,1,1,-1
324,13,232,210,53,28,1,1,-1
325,13,229,211,53,28,1,1,-1
326,13,227,211,53,28,1,1,-1
327,13,224,212,53,28,1,1,-1
328,13,222,213,53,28,1,1,-1
329,13,219,213,54,28,1,1,-1
330,13,216,213,56,28,1,1,-1
331,13,214,214,57,28,1,1,-1
332,13,211,214,59,28,1,1,-1
333,13,209,214,59,29,1,1,-1
334,13,206,215,61,28,1,1,-1
335,13,204,215,62,29,1,1,-1
336,13,201,215,64,29,1,1,-1
337,13,199,216,65,29,1,1,-1
338,13,196,216,65,29,1,1,-1
339,13,193,217,65,29,1,1,-1
340,13,190,217,65,29,1,1,-1
341,13,187,218,65,29,1,1,-1
342,13,184,218,65,29,1,1,-1
343,13,181,219,65,29,1,1,-1
344,13,179,220,65,29,1,1,-1
345,13,175,220,66,29,1,1,-1
346,13,172,220,67,29,1,1,-1
347,13,169,220,67,29,1,1,-1
348,13,166,220,68,29,1,1,-1
349,13,163,220,68,29,1,1,-1
350,13,160,221,69,29,1,1,-1
1,14,51,434,120,85,1,1,-1
2,14,61,430,118,85,1,1,-1
3,14,71,427,117,84,1,1,-1
4,14,81,424,116,83,1,1,-1
5,14,91,420,115,83,1,1,-1
6,14,101,417,114,82,1,1,-1
7,14,111,414,113,81,1,1,-1
8,14,121,410,112,81,1,1,-1
9,14,131,407,111,80,1,1,-1
10,14,141,404,110,79,1,1,-1
11,14,151,401,109,79,1,1,-1
12,14,160,398,108,77,1,1,-1
13,14,170,395,106,76,1,1,-1
14,14,179,392,105,75,1,1,-1
15,14,189,389,103,74,1,1,-1
16,14,198,386,102,73,1,1,-1
17,14,208,383,100,72,1,1,-1
18,14,215,379,100,72,1,1,-1
19,14,223,375,99,72,1,1,-1
20,14,230,372,100,71,1,1,-1
21,14,238,368,99,71,1,1,-1
22,14,246,365,99,71,1,1,-1
23,14,254,362,97,69,1,1,-1
24,14,263,360,95,67,1,1,-1
25,14,272,358,93,65,1,1,-1
26,14,278,354,93,64,1,1,-1
27,14,285,350,92,64,1,1,-1
28,14,292,347,91,63,1,1,-1
29,14,299,343,90,63,1,1,-1
30,14,306,340,90,62,1,1,-1
31,14,313,336,89,62,1,1,-1
32,14,320,332,88,62,1,1,-1
33,14,327,329,87,61,1,1,-1
34,14,334,325,87,60,1,1,-1
35,14,341,322,86,59,1,1,-1
36,14,348,318,85,59,1,1,-1
37,14,355,314,84,59,1,1,-1
38,14,362,311,84,58,1,1,-1
39,14,369,307,83,58,1,1,-1
40,14,376,304,82,57,1,1,-1
41,14,383,300,81,57,1,1,-1
42,14,390,297,81,56,1,1,-1
43,14,396,293,80,56,1,1,-1
44,14,402,290,79,55,1,1,-1
45,14,408,286,79,55,1,1,-1
46,14,414,283,78,55,1,1,-1
47,14,420,279,77,55,1,1,-1
48,14,426,276,77,54,1,1,-1
49,14,432,272,76,54,1,1,-1
50,14,438,269,75,54,1,1,-1
51,14,444,266,75,53,1,1,-1
52,14,450,262,74,53,1,1,-1
53,14,456,259,73,53,1,1,-1
54,14,462,255,73,53,1,1,-1
55,14,468,252,72,52,1,1,-1
56,14,474,248,71,52,1,1,-1
57,14,480,245,71,52,1,1,-1
58,14,486,241,70,52,1,1,-1
59,14,492,238,69,51,1,1,-1
60,14,498,235,69,51,1,1,-1
61,14,503,232,68,50,1,1,-1
62,14,508,229,67,49,1,1,-1
63,14,513,226,67,49,1,1,-1
64,14,518,223,66,48,1,1,-1
65,14,524,220,65,48,1,1,-1
66,14,531,217,64,48,1,1,-1
67,14,538,215,64,48,1,1,-1
68,14,545,213,64,48,1,1,-1
69,14,552,211,64,48,1,1,-1
70,14,559,209,64,48,1,1,-1
71,14,566,207,64,48,1,1,-1
72,14,575,204,64,47,1,1,-1
73,14,584,201,64,46,1,1,-1
74,14,593,198,64,45,1,1,-1
75,14,609,197,64,45,1,1,-1
76,14,626,197,64,45,1,1,-1
77,14,642,196,65,45,1,1,-1
78,14,659,196,64,45,1,1,-1
79,14,676,196,64,45,1,1,-1
80,14,692,195,65,45,1,1,-1
81,14,709,195,64,45,1,1,-1
82,14,725,194,65,45,1,1,-1
83,14,742,194,65,45,1,1,-1
84,14,759,194,65,45,1,1,-1
85,14,776,194,65,45,1,1,-1
86,14,793,194,65,45,1,1,-1
87,14,811,195,65,45,1,1,-1
88,14,827,196,65,45,1,1,-1
89,14,843,197,65,45,1,1,-1
90,14,860,198,65,45,1,1,-1
91,14,870,197,67,45,1,1,-1
92,14,881,197,68,45,1,1,-1
93,14,892,196,69,45,1,1,-1
94,14,903,196,70,45,1,1,-1
95,14,911,195,69,45,1,1,-1
96,14,920,194,67,45,1,1,-1
97,14,929,193,65,45,1,1,-1
98,14,937,192,64,45,1,1,-1
99,14,946,191,62,45,1,1,-1
100,14,955,190,60,45,1,1,-1
337,14,958,193,61,32,1,1,-1
338,14,953,193,61,32,1,1,-1
339,14,948,193,61,33,1,1,-1
340,14,943,193,61,33,1,1,-1
341,14,938,194,61,33,1,1,-1
342,14,932,194,62,33,1,1,-1
343,14,926,194,64,33,1,1,-1
344,14,921,194,65,33,1,1,-1
345,14,915,194,65,33,1,1,-1
346,14,910,194,65,33,1,1,-1
347,14,905,195,65,33,1,1,-1
348,14,899,195,65,33,1,1,-1
349,14,894,195,65,33,1,1,-1
350,14,889,196,65,33,1,1,-1
1,15,491,249,64,44,1,1,-1
2,15,495,247,64,44,1,1,-1
3,15,500,246,63,44,1,1,-1
4,15,505,245,62,43,1,1,-1
5,15,510,243,62,44,1,1,-1
6,15,515,242,61,44,1,1,-1
7,15,520,241,60,43,1,1,-1
8,15,525,239,60,44,1,1,-1
9,15,530,238,59,43,1,1,-1
10,15,535,237,58,43,1,1,-1
11,15,540,236,58,43,1,1,-1
12,15,544,235,57,42,1,1,-1
13,15,548,234,57,42,1,1,-1
14,15,553,233,55,42,1,1,-1
15,15,557,232,55,42,1,1,-1
16,15,561,231,54,42,1,1,-1
17,15,566,230,53,42,1,1,-1
18,15,570,228,53,42,1,1,-1
19,15,574,226,53,42,1,1,-1
20,15,578,225,53,42,1,1,-1
21,15,582,223,53,42,1,1,-1
22,15,586,222,53,42,1,1,-1
23,15,589,221,53,41,1,1,-1
24,15,592,221,53,39,1,1,-1
25,15,596,221,52,37,1,1,-1
26,15,599,219,52,37,1,1,-1
27,15,603,217,52,37,1,1,-1
28,15,607,215,51,37,1,1,-1
29,15,610,213,52,37,1,1,-1
30,15,614,211,52,37,1,1,-1
31,15,618,210,51,36,1,1,-1
32,15,621,208,52,36,1,1,-1
33,15,625,206,52,36,1,1,-1
34,15,629,204,51,36,1,1,-1
35,15,633,202,51,36,1,1,-1
36,15,636,200,52,36,1,1,-1
37,15,640,199,51,35,1,1,-1
38,15,644,197,51,35,1,1,-1
39,15,647,195,52,35,1,1,-1
40,15,651,193,51,35,1,1,-1
41,15,655,191,51,35,1,1,-1
42,15,659,190,51,35,1,1,-1
43,15,662,187,51,35,1,1,-1
44,15,665,185,51,35,1,1,-1
45,15,668,183,51,34,1,1,-1
46,15,671,181,51,34,1,1,-1
47,15,674,179,51,33,1,1,-1
48,15,677,177,51,33,1,1,-1
49,15,680,175,51,32,1,1,-1
50,15,683,173,51,32,1,1,-1
51,15,687,171,50,31,1,1,-1
52,15,690,169,50,31,1,1,-1
53,15,693,167,50,30,1,1,-1
54,15,696,165,50,30,1,1,-1
55,15,699,163,50,29,1,1,-1
56,15,702,161,50,29,1,1,-1
57,15,705,159,50,28,1,1,-1
58,15,708,157,50,28,1,1,-1
59,15,711,155,50,27,1,1,-1
60,15,715,153,49,27,1,1,-1
61,15,717,150,49,27,1,1,-1
62,15,720,148,48,27,1,1,-1
63,15,723,145,47,27,1,1,-1
64,15,726,143,46,27,1,1,-1
65,15,729,141,45,27,1,1,-1
66,15,734,139,45,27,1,1,-1
67,15,739,138,45,27,1,1,-1
68,15,745,136,45,28,1,1,-1
69,15,750,135,45,28,1,1,-1
70,15,755,133,45,29,1,1,-1
71,15,761,132,45,29,1,1,-1
72,15,768,132,45,29,1,1,-1
73,15,776,132,45,29,1,1,-1
1,16,841,275,51,50,1,1,-1
2,16,841,276,51,49,1,1,-1
3,16,841,277,51,49,1,1,-1
4,16,841,278,51,49,1,1,-1
5,16,842,280,50,48,1,1,-1
6,16,842,281,51,48,1,1,-1
7,16,842,282,51,48,1,1,-1
8,16,843,284,50,47,1,1,-1
9,16,843,285,50,47,1,1,-1
10,16,843,286,50,47,1,1,-1
11,16,844,288,50,46,1,1,-1
12,16,844,288,50,46,1,1,-1
13,16,844,288,50,46,1,1,-1
14,16,844,289,50,46,1,1,-1
15,16,844,289,50,46,1,1,-1
16,16,844,289,50,46,1,1,-1
17,16,845,290,50,46,1,1,-1
18,16,845,290,50,46,1,1,-1
19,16,845,291,50,46,1,1,-1
20,16,845,291,50,46,1,1,-1
21,16,845,292,50,46,1,1,-1
22,16,845,293,50,46,1,1,-1
23,16,845,292,50,46,1,1,-1
24,16,845,292,50,46,1,1,-1
25,16,846,292,50,46,1,1,-1
26,16,846,292,50,46,1,1,-1
27,16,847,292,50,46,1,1,-1
28,16,847,291,50,46,1,1,-1
29,16,847,291,50,46,1,1,-1
30,16,848,291,50,46,1,1,-1
31,16,848,291,50,46,1,1,-1
32,16,849,291,50,46,1,1,-1
33,16,849,290,50,46,1,1,-1
34,16,849,290,50,46,1,1,-1
35,16,850,290,50,46,1,1,-1
36,16,850,290,50,46,1,1,-1
37,16,851,290,50,46,1,1,-1
38,16,851,289,50,46,1,1,-1
39,16,851,289,50,46,1,1,-1
40,16,852,289,50,46,1,1,-1
41,16,852,289,50,46,1,1,-1
42,16,853,289,50,46,1,1,-1
43,16,853,288,50,46,1,1,-1
44,16,853,287,50,46,1,1,-1
45,16,854,286,50,46,1,1,-1
46,16,854,285,50,46,1,1,-1
47,16,854,284,50,46,1,1,-1
48,16,855,283,50,46,1,1,-1
49,16,855,282,50,46,1,1,-1
50,16,856,281,50,46,1,1,-1
51,16,856,281,50,46,1,1,-1
52,16,856,280,50,46,1,1,-1
53,16,857,279,50,46,1,1,-1
54,16,857,278,50,46,1,1,-1
55,16,858,277,50,46,1,1,-1
56,16,858,276,50,46,1,1,-1
57,16,858,275,50,46,1,1,-1
58,16,859,274,50,46,1,1,-1
59,16,859,273,50,46,1,1,-1
60,16,860,273,50,46,1,1,-1
61,16,860,272,50,45,1,1,-1
62,16,861,271,50,45,1,1,-1
63,16,862,270,49,45,1,1,-1
64,16,863,269,49,45,1,1,-1
65,16,864,268,49,45,1,1,-1
66,16,866,267,49,45,1,1,-1
67,16,869,267,49,45,1,1,-1
68,16,872,267,49,45,1,1,-1
69,16,875,267,49,45,1,1,-1
70,16,878,267,49,45,1,1,-1
71,16,881,267,49,45,1,1,-1
72,16,892,269,48,45,1,1,-1
73,16,904,271,46,45,1,1,-1
74,16,916,274,44,45,1,1,-1
75,16,928,276,42,45,1,1,-1
76,16,939,279,42,44,1,1,-1
77,16,951,281,40,45,1,1,-1
78,16,963,284,38,44,1,1,-1
79,16,975,286,36,44,1,1,-1
1,17,919,217,45,38,1,1,-1
2,17,919,218,45,38,1,1,-1
3,17,919,219,45,38,1,1,-1
4,17,919,220,45,38,1,1,-1
5,17,919,221,45,38,1,1,-1
6,17,919,223,45,38,1,1,-1
7,17,919,224,45,38,1,1,-1
8,17,919,225,45,38,1,1,-1
9,17,919,226,45,38,1,1,-1
10,17,919,227,45,38,1,1,-1
11,17,919,229,45,38,1,1,-1
12,17,919,230,45,37,1,1,-1
13,17,919,231,45,36,1,1,-1
14,17,920,233,45,34,1,1,-1
15,17,920,234,45,33,1,1,-1
16,17,920,235,45,32,1,1,-1
17,17,921,237,45,31,1,1,-1
18,17,921,237,45,31,1,1,-1
19,17,921,237,45,31,1,1,-1
20,17,921,238,45,31,1,1,-1
21,17,921,238,45,31,1,1,-1
22,17,922,239,45,31,1,1,-1
23,17,922,238,45,31,1,1,-1
24,17,922,238,45,31,1,1,-1
25,17,922,238,46,31,1,1,-1
26,17,923,237,45,32,1,1,-1
27,17,923,237,46,32,1,1,-1
28,17,923,237,46,32,1,1,-1
29,17,923,236,47,33,1,1,-1
30,17,924,236,46,33,1,1,-1
31,17,924,236,47,33,1,1,-1
32,17,924,236,47,33,1,1,-1
33,17,924,235,47,34,1,1,-1
34,17,925,235,47,34,1,1,-1
35,17,925,235,47,34,1,1,-1
36,17,925,234,48,35,1,1,-1
37,17,925,234,48,35,1,1,-1
38,17,926,234,48,35,1,1,-1
39,17,926,233,48,36,1,1,-1
40,17,926,233,49,36,1,1,-1
41,17,926,233,49,36,1,1,-1
42,17,927,233,49,36,1,1,-1
43,17,927,232,49,36,1,1,-1
44,17,928,231,49,36,1,1,-1
45,17,928,230,49,36,1,1,-1
46,17,929,229,49,36,1,1,-1
47,17,929,228,49,37,1,1,-1
48,17,930,228,49,36,1,1,-1
49,17,930,227,49,36,1,1,-1
50,17,931,226,49,36,1,1,-1
51,17,931,225,49,37,1,1,-1
52,17,932,224,49,37,1,1,-1
53,17,932,223,49,37,1,1,-1
54,17,933,223,49,36,1,1,-1
55,17,933,222,49,36,1,1,-1
56,17,934,221,49,37,1,1,-1
57,17,934,220,49,37,1,1,-1
58,17,935,219,49,37,1,1,-1
59,17,935,218,49,37,1,1,-1
60,17,936,218,49,37,1,1,-1
61,17,937,217,49,37,1,1,-1
62,17,939,217,49,37,1,1,-1
63,17,940,217,49,37,1,1,-1
64,17,942,217,49,37,1,1,-1
65,17,944,217,48,37,1,1,-1
66,17,945,217,49,37,1,1,-1
67,17,947,217,48,37,1,1,-1
68,17,949,217,48,37,1,1,-1
69,17,954,217,48,37,1,1,-1
70,17,960,217,48,37,1,1,-1
71,17,965,217,48,37,1,1,-1
1,18,74,173,33,29,1,1,-1
2,18,73,173,33,29,1,1,-1
3,18,72,173,33,29,1,1,-1
4,18,71,173,33,29,1,1,-1
5,18,70,173,33,29,1,1,-1
6,18,70,173,33,29,1,1,-1
7,18,69,173,33,29,1,1,-1
8,18,68,173,33,29,1,1,-1
9,18,67,173,33,29,1,1,-1
10,18,66,173,33,29,1,1,-1
11,18,66,174,33,29,1,1,-1
12,18,65,174,32,28,1,1,-1
13,18,65,175,31,27,1,1,-1
14,18,65,176,30,25,1,1,-1
15,18,64,176,30,25,1,1,-1
16,18,64,177,29,23,1,1,-1
17,18,64,178,28,22,1,1,-1
18,18,63,177,28,22,1,1,-1
19,18,62,176,28,22,1,1,-1
20,18,61,175,28,22,1,1,-1
21,18,60,174,28,22,1,1,-1
22,18,59,174,28,22,1,1,-1
23,18,58,174,28,22,1,1,-1
24,18,57,174,29,22,1,1,-1
25,18,57,174,29,22,1,1,-1
26,18,55,173,29,22,1,1,-1
27,18,54,172,29,22,1,1,-1
28,18,53,171,29,22,1,1,-1
29,18,52,170,29,22,1,1,-1
30,18,51,169,29,22,1,1,-1
31,18,49,168,29,22,1,1,-1
32,18,48,167,29,22,1,1,-1
33,18,47,166,29,22,1,1,-1
34,18,46,165,29,22,1,1,-1
35,18,45,164,29,22,1,1,-1
36,18,44,163,29,22,1,1,-1
37,18,42,162,29,22,1,1,-1
38,18,41,161,29,22,1,1,-1
39,18,40,160,29,22,1,1,-1
40,18,39,159,29,22,1,1,-1
41,18,38,158,29,22,1,1,-1
42,18,37,157,29,22,1,1,-1
43,18,36,155,29,22,1,1,-1
44,18,35,154,29,22,1,1,-1
45,18,34,153,29,22,1,1,-1
46,18,33,151,29,22,1,1,-1
47,18,32,150,29,22,1,1,-1
48,18,31,149,29,22,1,1,-1
49,18,30,147,29,22,1,1,-1
50,18,29,146,29,22,1,1,-1
51,18,28,145,29,22,1,1,-1
52,18,27,143,29,22,1,1,-1
53,18,26,142,29,22,1,1,-1
54,18,25,141,29,22,1,1,-1
55,18,24,139,29,22,1,1,-1
56,18,23,138,29,22,1,1,-1
57,18,22,137,29,22,1,1,-1
58,18,21,135,29,22,1,1,-1
59,18,20,134,29,22,1,1,-1
60,18,20,133,29,22,1,1,-1
61,18,19,131,29,22,1,1,-1
62,18,18,130,29,22,1,1,-1
63,18,17,129,29,21,1,1,-1
64,18,16,128,29,21,1,1,-1
65,18,16,127,29,21,1,1,-1
66,18,18,125,29,21,1,1,-1
67,18,20,124,29,21,1,1,-1
68,18,22,122,29,22,1,1,-1
69,18,24,121,29,21,1,1,-1
70,18,26,119,29,22,1,1,-1
71,18,29,118,29,22,1,1,-1
72,18,35,115,29,22,1,1,-1
73,18,41,112,29,22,1,1,-1
74,18,48,109,29,22,1,1,-1
75,18,61,106,29,22,1,1,-1
103,18,310,67,21,15,1,1,-1
104,18,310,66,21,15,1,1,-1
105,18,311,65,21,15,1,1,-1
106,18,312,64,21,15,1,1,-1
107,18,313,63,21,15,1,1,-1
108,18,314,62,21,15,1,1,-1
109,18,315,61,21,15,1,1,-1
110,18,316,61,21,15,1,1,-1
111,18,316,60,21,15,1,1,-1
112,18,316,60,21,15,1,1,-1
113,18,317,59,21,15,1,1,-1
114,18,317,59,21,15,1,1,-1
115,18,318,59,21,15,1,1,-1
116,18,318,58,21,15,1,1,-1
117,18,318,57,21,15,1,1,-1
118,18,318,56,21,15,1,1,-1
119,18,319,55,21,15,1,1,-1
120,18,319,55,21,15,1,1,-1
121,18,319,54,21,15,1,1,-1
122,18,320,53,21,15,1,1,-1
123,18,320,52,21,15,1,1,-1
124,18,320,51,21,15,1,1,-1
125,18,321,51,21,15,1,1,-1
126,18,321,50,20,15,1,1,-1
127,18,321,49,20,15,1,1,-1
128,18,321,49,20,14,1,1,-1
129,18,321,48,20,15,1,1,-1
130,18,321,47,20,15,1,1,-1
131,18,322,47,19,14,1,1,-1
132,18,322,46,19,14,1,1,-1
133,18,322,45,19,15,1,1,-1
134,18,322,45,19,14,1,1,-1
135,18,322,44,19,14,1,1,-1
136,18,323,44,18,14,1,1,-1
137,18,323,43,18,14,1,1,-1
138,18,323,42,18,14,1,1,-1
139,18,323,42,18,14,1,1,-1
140,18,323,41,18,14,1,1,-1
141,18,323,40,18,14,1,1,-1
142,18,323,40,18,14,1,1,-1
143,18,323,39,18,14,1,1,-1
144,18,323,38,18,14,1,1,-1
145,18,323,38,18,14,1,1,-1
146,18,322,37,18,14,1,1,-1
147,18,322,37,18,14,1,1,-1
148,18,321,36,18,14,1,1,-1
149,18,321,36,18,14,1,1,-1
150,18,320,36,18,13,1,1,-1
151,18,320,35,18,14,1,1,-1
152,18,319,35,18,13,1,1,-1
153,18,319,35,18,13,1,1,-1
154,18,318,34,18,13,1,1,-1
155,18,318,34,18,13,1,1,-1
156,18,318,33,18,13,1,1,-1
157,18,318,33,18,13,1,1,-1
158,18,318,33,17,12,1,1,-1
159,18,318,32,17,13,1,1,-1
160,18,318,32,17,12,1,1,-1
161,18,318,32,17,12,1,1,-1
162,18,317,31,17,12,1,1,-1
163,18,317,31,17,12,1,1,-1
164,18,317,31,16,12,1,1,-1
165,18,317,31,16,12,1,1,-1
166,18,316,30,17,13,1,1,-1
167,18,316,30,16,13,1,1,-1
168,18,316,30,16,13,1,1,-1
1,19,121,279,82,57,1,1,-1
2,19,113,283,84,57,1,1,-1
3,19,106,287,85,58,1,1,-1
4,19,98,291,87,59,1,1,-1
5,19,91,295,88,59,1,1,-1
6,19,83,299,90,60,1,1,-1
7,19,76,303,91,61,1,1,-1
8,19,68,307,93,61,1,1,-1
9,19,61,311,94,62,1,1,-1
10,19,53,315,96,63,1,1,-1
11,19,46,320,97,63,1,1,-1
12,19,39,323,97,64,1,1,-1
13,19,32,326,97,66,1,1,-1
14,19,25,329,97,68,1,1,-1
15,19,18,332,97,69,1,1,-1
16,19,11,335,97,71,1,1,-1
17,19,4,338,97,73,1,1,-1
18,19,3,341,90,70,1,1,-1
19,19,2,344,84,68,1,1,-1
20,19,1,348,77,65,1,1,-1
21,19,0,351,71,63,1,1,-1
1,20,589,137,48,34,1,1,-1
2,20,587,138,48,34,1,1,-1
3,20,585,140,48,34,1,1,-1
4,20,583,142,48,34,1,1,-1
5,20,581,144,48,34,1,1,-1
6,20,579,146,48,34,1,1,-1
7,20,577,148,48,34,1,1,-1
8,20,575,150,48,34,1,1,-1
9,20,573,152,48,34,1,1,-1
10,20,571,154,48,34,1,1,-1
11,20,569,156,48,34,1,1,-1
12,20,566,157,48,34,1,1,-1
13,20,564,159,48,34,1,1,-1
14,20,562,161,48,34,1,1,-1
15,20,559,162,48,34,1,1,-1
16,20,557,164,48,34,1,1,-1
17,20,555,166,48,34,1,1,-1
18,20,552,167,48,34,1,1,-1
19,20,550,169,48,34,1,1,-1
20,20,547,170,48,34,1,1,-1
21,20,545,172,48,34,1,1,-1
22,20,543,174,48,34,1,1,-1
23,20,541,175,48,34,1,1,-1
24,20,539,177,48,33,1,1,-1
25,20,537,179,48,33,1,1,-1
26,20,534,179,48,33,1,1,-1
27,20,531,180,48,33,1,1,-1
28,20,529,181,48,33,1,1,-1
29,20,526,182,48,33,1,1,-1
30,20,524,183,47,33,1,1,-1
31,20,521,183,48,33,1,1,-1
32,20,518,184,48,33,1,1,-1
33,20,516,185,47,33,1,1,-1
34,20,513,186,48,33,1,1,-1
35,20,511,187,47,33,1,1,-1
36,20,508,188,47,33,1,1,-1
37,20,505,188,48,33,1,1,-1
38,20,503,189,47,33,1,1,-1
39,20,500,190,47,33,1,1,-1
40,20,498,191,47,33,1,1,-1
41,20,495,192,47,33,1,1,-1
42,20,493,193,47,33,1,1,-1
43,20,490,193,47,33,1,1,-1
44,20,487,193,48,34,1,1,-1
45,20,484,193,49,34,1,1,-1
46,20,481,193,50,35,1,1,-1
47,20,479,193,49,36,1,1,-1
48,20,476,194,50,35,1,1,-1
49,20,473,194,51,36,1,1,-1
50,20,470,194,52,36,1,1,-1
51,20,468,194,52,37,1,1,-1
52,20,465,194,52,38,1,1,-1
53,20,462,194,53,38,1,1,-1
54,20,459,195,54,38,1,1,-1
55,20,456,195,55,38,1,1,-1
56,20,454,195,54,39,1,1,-1
57,20,451,195,55,40,1,1,-1
58,20,448,195,56,40,1,1,-1
59,20,445,195,57,41,1,1,-1
60,20,443,196,57,41,1,1,-1
61,20,440,196,57,40,1,1,-1
62,20,437,197,57,39,1,1,-1
63,20,434,197,57,39,1,1,-1
64,20,431,198,57,38,1,1,-1
65,20,428,199,58,37,1,1,-1
66,20,426,199,59,38,1,1,-1
67,20,425,200,59,38,1,1,-1
68,20,423,200,60,39,1,1,-1
69,20,422,201,60,40,1,1,-1
70,20,423,201,60,40,1,1,-1
71,20,424,202,60,39,1,1,-1
72,20,425,202,61,40,1,1,-1
73,20,426,203,61,39,1,1,-1
74,20,428,204,61,39,1,1,-1
75,20,435,204,61,39,1,1,-1
76,20,442,204,61,39,1,1,-1
77,20,449,204,61,39,1,1,-1
78,20,456,205,61,38,1,1,-1
79,20,464,206,61,38,1,1,-1
80,20,472,207,62,38,1,1,-1
81,20,480,208,62,38,1,1,-1
82,20,488,209,63,38,1,1,-1
83,20,496,210,63,38,1,1,-1
84,20,505,212,63,37,1,1,-1
85,20,512,212,63,37,1,1,-1
86,20,519,212,63,37,1,1,-1
87,20,526,213,63,37,1,1,-1
88,20,530,214,63,37,1,1,-1
89,20,535,215,63,37,1,1,-1
90,20,540,216,63,37,1,1,-1
91,20,540,216,64,37,1,1,-1
92,20,540,217,65,37,1,1,-1
93,20,540,217,66,37,1,1,-1
94,20,541,218,66,37,1,1,-1
95,20,540,218,67,37,1,1,-1
96,20,539,218,69,37,1,1,-1
97,20,539,218,70,37,1,1,-1
98,20,539,218,67,37,1,1,-1
99,20,539,219,65,37,1,1,-1
100,20,539,220,63,37,1,1,-1
101,20,535,219,64,37,1,1,-1
102,20,532,219,65,37,1,1,-1
103,20,529,219,66,36,1,1,-1
104,20,526,219,67,36,1,1,-1
105,20,522,218,67,37,1,1,-1
106,20,519,218,67,37,1,1,-1
107,20,515,218,68,37,1,1,-1
108,20,512,218,68,37,1,1,-1
109,20,508,218,69,37,1,1,-1
110,20,505,218,69,37,1,1,-1
111,20,501,217,69,37,1,1,-1
112,20,498,216,69,37,1,1,-1
113,20,495,216,69,37,1,1,-1
114,20,492,215,69,37,1,1,-1
115,20,489,215,69,37,1,1,-1
116,20,485,214,69,37,1,1,-1
117,20,481,213,70,37,1,1,-1
118,20,477,212,70,37,1,1,-1
119,20,473,211,71,37,1,1,-1
120,20,469,211,71,36,1,1,-1
121,20,465,210,72,36,1,1,-1
122,20,461,209,72,36,1,1,-1
123,20,457,208,73,36,1,1,-1
124,20,453,207,73,36,1,1,-1
125,20,449,207,74,36,1,1,-1
126,20,444,206,75,36,1,1,-1
127,20,440,205,75,36,1,1,-1
128,20,435,204,76,36,1,1,-1
129,20,431,204,77,35,1,1,-1
130,20,427,203,77,35,1,1,-1
131,20,422,202,78,36,1,1,-1
132,20,418,201,78,36,1,1,-1
133,20,414,201,79,35,1,1,-1
134,20,409,200,80,35,1,1,-1
135,20,405,199,80,35,1,1,-1
136,20,401,199,81,35,1,1,-1
137,20,396,198,81,35,1,1,-1
138,20,391,197,81,35,1,1,-1
139,20,387,197,81,35,1,1,-1
140,20,382,196,81,35,1,1,-1
141,20,377,196,81,35,1,1,-1
142,20,373,195,81,35,1,1,-1
143,20,368,195,81,35,1,1,-1
144,20,363,194,81,35,1,1,-1
145,20,359,194,81,35,1,1,-1
146,20,353,193,81,35,1,1,-1
147,20,348,192,81,35,1,1,-1
148,20,342,192,81,35,1,1,-1
149,20,337,191,81,35,1,1,-1
150,20,331,190,81,35,1,1,-1
151,20,326,190,81,35,1,1,-1
152,20,320,189,81,35,1,1,-1
153,20,315,189,81,35,1,1,-1
154,20,309,187,81,35,1,1,-1
155,20,304,186,81,35,1,1,-1
156,20,298,185,81,35,1,1,-1
157,20,293,184,81,35,1,1,-1
158,20,288,183,81,35,1,1,-1
159,20,282,182,81,35,1,1,-1
160,20,277,181,81,35,1,1,-1
161,20,272,180,81,35,1,1,-1
162,20,266,179,82,34,1,1,-1
163,20,260,178,83,34,1,1,-1
164,20,254,177,84,34,1,1,-1
165,20,248,176,85,34,1,1,-1
166,20,242,175,86,34,1,1,-1
167,20,236,174,87,34,1,1,-1
168,20,230,173,88,34,1,1,-1
169,20,224,173,89,33,1,1,-1
170,20,220,171,87,34,1,1,-1
171,20,216,170,86,34,1,1,-1
172,20,212,169,85,35,1,1,-1
173,20,208,167,84,36,1,1,-1
174,20,204,166,83,36,1,1,-1
175,20,200,165,82,37,1,1,-1
176,20,192,164,83,37,1,1,-1
177,20,184,163,85,37,1,1,-1
178,20,176,162,87,37,1,1,-1
179,20,168,162,88,37,1,1,-1
180,20,160,161,90,37,1,1,-1
181,20,152,160,92,37,1,1,-1
182,20,145,160,93,37,1,1,-1
183,20,138,159,93,37,1,1,-1
184,20,132,159,93,37,1,1,-1
185,20,126,158,93,37,1,1,-1
186,20,119,158,93,37,1,1,-1
187,20,113,157,93,37,1,1,-1
188,20,107,157,93,37,1,1,-1
189,20,101,157,93,37,1,1,-1
190,20,94,156,93,37,1,1,-1
191,20,87,156,93,37,1,1,-1
192,20,80,156,93,37,1,1,-1
193,20,73,156,93,37,1,1,-1
194,20,67,156,93,37,1,1,-1
195,20,60,155,93,37,1,1,-1
196,20,53,155,93,37,1,1,-1
197,20,46,155,93,37,1,1,-1
198,20,39,155,93,37,1,1,-1
199,20,33,155,93,37,1,1,-1
200,20,27,155,93,38,1,1,-1
201,20,22,156,92,39,1,1,-1
202,20,16,157,93,40,1,1,-1
203,20,11,158,92,41,1,1,-1
204,20,5,159,92,42,1,1,-1
1,21,696,178,57,34,1,1,-1
2,21,698,177,57,34,1,1,-1
3,21,701,177,56,34,1,1,-1
4,21,703,177,57,34,1,1,-1
5,21,706,177,56,34,1,1,-1
6,21,708,177,57,34,1,1,-1
7,21,711,177,56,33,1,1,-1
8,21,713,177,56,33,1,1,-1
9,21,716,177,56,33,1,1,-1
10,21,718,177,56,33,1,1,-1
11,21,721,177,56,33,1,1,-1
12,21,723,176,56,33,1,1,-1
13,21,725,176,56,33,1,1,-1
14,21,727,175,56,33,1,1,-1
15,21,729,175,56,33,1,1,-1
16,21,731,174,56,33,1,1,-1
17,21,733,174,56,33,1,1,-1
18,21,736,173,54,33,1,1,-1
19,21,739,173,53,33,1,1,-1
20,21,742,172,51,33,1,1,-1
21,21,745,172,50,33,1,1,-1
22,21,748,172,49,33,1,1,-1
23,21,749,171,49,33,1,1,-1
24,21,750,170,49,33,1,1,-1
25,21,752,170,49,33,1,1,-1
26,21,754,168,49,33,1,1,-1
27,21,756,167,49,33,1,1,-1
28,21,758,166,49,32,1,1,-1
29,21,760,165,49,32,1,1,-1
30,21,762,164,49,31,1,1,-1
31,21,764,163,49,31,1,1,-1
32,21,766,162,49,31,1,1,-1
33,21,768,161,49,30,1,1,-1
34,21,771,159,48,31,1,1,-1
35,21,773,158,48,30,1,1,-1
36,21,775,157,48,30,1,1,-1
37,21,777,156,48,30,1,1,-1
38,21,779,155,48,29,1,1,-1
39,21,781,154,48,29,1,1,-1
40,21,783,153,48,28,1,1,-1
41,21,785,152,48,28,1,1,-1
42,21,788,151,48,28,1,1,-1
43,21,790,149,47,28,1,1,-1
44,21,792,148,47,28,1,1,-1
45,21,794,146,47,28,1,1,-1
46,21,796,145,47,28,1,1,-1
47,21,798,143,47,28,1,1,-1
48,21,800,142,47,28,1,1,-1
49,21,802,140,47,28,1,1,-1
50,21,804,139,47,28,1,1,-1
51,21,806,138,47,27,1,1,-1
52,21,808,136,46,28,1,1,-1
53,21,810,135,46,27,1,1,-1
54,21,812,133,46,28,1,1,-1
55,21,814,132,46,27,1,1,-1
56,21,816,130,46,28,1,1,-1
57,21,818,129,46,27,1,1,-1
58,21,820,127,46,28,1,1,-1
59,21,822,126,46,27,1,1,-1
60,21,825,125,45,27,1,1,-1
61,21,826,124,45,27,1,1,-1
62,21,828,123,44,27,1,1,-1
63,21,829,122,44,27,1,1,-1
64,21,831,121,43,27,1,1,-1
65,21,833,120,43,28,1,1,-1
66,21,837,119,43,28,1,1,-1
67,21,842,118,42,28,1,1,-1
68,21,846,117,42,28,1,1,-1
69,21,851,116,41,28,1,1,-1
70,21,855,115,41,28,1,1,-1
1,22,9,204,39,32,1,1,-1
2,22,9,205,39,32,1,1,-1
3,22,9,206,39,32,1,1,-1
4,22,9,207,39,32,1,1,-1
5,22,9,208,39,32,1,1,-1
6,22,9,209,39,32,1,1,-1
7,22,9,210,39,32,1,1,-1
8,22,9,211,39,32,1,1,-1
9,22,9,212,39,32,1,1,-1
10,22,9,213,39,32,1,1,-1
11,22,9,215,39,32,1,1,-1
12,22,9,216,39,32,1,1,-1
13,22,9,217,39,32,1,1,-1
14,22,10,218,39,32,1,1,-1
15,22,10,219,39,32,1,1,-1
16,22,10,220,39,32,1,1,-1
17,22,11,221,39,32,1,1,-1
18,22,11,221,39,32,1,1,-1
19,22,11,222,39,32,1,1,-1
20,22,11,222,39,32,1,1,-1
21,22,11,223,39,32,1,1,-1
22,22,11,224,39,32,1,1,-1
23,22,11,225,39,32,1,1,-1
24,22,11,226,39,32,1,1,-1
25,22,11,227,39,32,1,1,-1
26,22,10,226,39,32,1,1,-1
27,22,10,226,39,31,1,1,-1
28,22,10,225,38,32,1,1,-1
29,22,10,225,38,31,1,1,-1
30,22,10,225,37,31,1,1,-1
31,22,9,224,38,31,1,1,-1
32,22,9,224,38,31,1,1,-1
33,22,9,224,37,30,1,1,-1
34,22,9,223,37,31,1,1,-1
35,22,9,223,36,30,1,1,-1
36,22,9,222,36,31,1,1,-1
37,22,8,222,36,30,1,1,-1
38,22,8,222,36,29,1,1,-1
39,22,8,221,36,30,1,1,-1
40,22,8,221,35,29,1,1,-1
41,22,8,221,35,29,1,1,-1
42,22,8,220,34,29,1,1,-1
43,22,7,220,35,29,1,1,-1
44,22,7,219,34,29,1,1,-1
45,22,7,219,34,29,1,1,-1
46,22,7,219,34,28,1,1,-1
47,22,7,218,33,29,1,1,-1
48,22,7,218,33,28,1,1,-1
49,22,6,218,33,27,1,1,-1
50,22,6,217,33,28,1,1,-1
51,22,6,217,32,27,1,1,-1
52,22,6,216,32,28,1,1,-1
53,22,6,216,32,27,1,1,-1
54,22,6,216,31,27,1,1,-1
55,22,5,215,32,27,1,1,-1
56,22,5,215,31,27,1,1,-1
57,22,5,215,31,26,1,1,-1
58,22,5,214,30,27,1,1,-1
59,22,5,214,30,26,1,1,-1
60,22,5,214,30,26,1,1,-1
61,22,5,212,29,26,1,1,-1
62,22,5,211,29,26,1,1,-1
63,22,5,210,29,25,1,1,-1
64,22,5,209,29,25,1,1,-1
65,22,6,208,28,25,1,1,-1
66,22,8,207,28,25,1,1,-1
67,22,11,206,27,25,1,1,-1
68,22,14,205,26,25,1,1,-1
69,22,16,204,26,25,1,1,-1
70,22,19,203,25,25,1,1,-1
71,22,22,203,25,25,1,1,-1
72,22,28,200,25,25,1,1,-1
73,22,35,197,25,25,1,1,-1
74,22,42,195,25,25,1,1,-1
75,22,56,192,25,25,1,1,-1
81,22,141,174,25,25,1,1,-1
82,22,155,171,25,25,1,1,-1
83,22,169,168,25,25,1,1,-1
84,22,184,165,25,25,1,1,-1
85,22,196,164,25,25,1,1,-1
86,22,209,163,25,25,1,1,-1
87,22,222,162,25,25,1,1,-1
88,22,231,160,24,26,1,1,-1
89,22,240,159,24,26,1,1,-1
90,22,249,157,23,27,1,1,-1
91,22,259,156,22,27,1,1,-1
92,22,263,155,23,25,1,1,-1
93,22,268,155,23,22,1,1,-1
94,22,272,154,24,20,1,1,-1
95,22,277,154,24,17,1,1,-1
96,22,282,154,25,15,1,1,-1
97,22,285,153,25,15,1,1,-1
98,22,288,153,25,15,1,1,-1
99,22,291,152,25,15,1,1,-1
100,22,294,152,25,15,1,1,-1
101,22,297,152,25,15,1,1,-1
102,22,298,151,25,15,1,1,-1
103,22,299,150,25,15,1,1,-1
104,22,300,149,25,15,1,1,-1
105,22,301,149,25,15,1,1,-1
106,22,302,148,25,15,1,1,-1
107,22,303,147,25,15,1,1,-1
108,22,304,147,25,15,1,1,-1
109,22,305,146,25,15,1,1,-1
110,22,306,145,25,15,1,1,-1
111,22,307,145,25,15,1,1,-1
112,22,307,144,25,15,1,1,-1
113,22,308,143,25,15,1,1,-1
114,22,309,142,25,15,1,1,-1
115,22,309,141,25,15,1,1,-1
116,22,310,140,25,15,1,1,-1
117,22,311,139,25,15,1,1,-1
118,22,311,138,25,15,1,1,-1
119,22,312,137,25,15,1,1,-1
120,22,313,136,25,15,1,1,-1
121,22,314,136,25,15,1,1,-1
122,22,314,134,25,15,1,1,-1
123,22,315,133,24,15,1,1,-1
124,22,316,132,23,15,1,1,-1
125,22,317,131,23,15,1,1,-1
126,22,318,130,22,15,1,1,-1
127,22,319,129,21,14,1,1,-1
128,22,320,128,21,14,1,1,-1
129,22,321,127,20,14,1,1,-1
130,22,322,126,19,14,1,1,-1
131,22,323,125,19,14,1,1,-1
132,22,322,124,20,14,1,1,-1
133,22,322,123,20,14,1,1,-1
134,22,322,122,20,14,1,1,-1
135,22,322,122,20,14,1,1,-1
136,22,322,121,20,14,1,1,-1
137,22,321,120,21,14,1,1,-1
138,22,321,120,21,14,1,1,-1
139,22,321,119,21,14,1,1,-1
140,22,321,118,21,14,1,1,-1
141,22,321,118,21,14,1,1,-1
142,22,320,117,21,14,1,1,-1
143,22,320,116,21,14,1,1,-1
144,22,320,115,21,14,1,1,-1
145,22,319,114,22,14,1,1,-1
146,22,319,114,22,14,1,1,-1
147,22,319,113,21,14,1,1,-1
148,22,318,112,22,14,1,1,-1
149,22,318,111,22,14,1,1,-1
150,22,318,110,22,14,1,1,-1
151,22,318,110,22,14,1,1,-1
152,22,318,109,22,14,1,1,-1
153,22,318,108,22,14,1,1,-1
154,22,318,107,22,14,1,1,-1
155,22,318,106,22,14,1,1,-1
156,22,319,106,21,14,1,1,-1
157,22,319,105,21,14,1,1,-1
158,22,319,104,21,14,1,1,-1
159,22,319,103,21,14,1,1,-1
160,22,319,102,21,14,1,1,-1
161,22,320,102,21,14,1,1,-1
162,22,319,101,22,14,1,1,-1
163,22,319,100,22,14,1,1,-1
164,22,319,99,22,14,1,1,-1
165,22,319,98,22,14,1,1,-1
166,22,319,98,22,14,1,1,-1
167,22,318,97,23,14,1,1,-1
168,22,318,96,23,14,1,1,-1
169,22,318,95,23,14,1,1,-1
170,22,318,94,23,14,1,1,-1
171,22,318,94,23,14,1,1,-1
172,22,318,93,22,14,1,1,-1
173,22,318,92,22,14,1,1,-1
174,22,318,91,22,14,1,1,-1
175,22,319,90,21,14,1,1,-1
176,22,319,90,21,14,1,1,-1
177,22,319,89,21,14,1,1,-1
178,22,320,88,20,14,1,1,-1
179,22,320,87,20,14,1,1,-1
180,22,320,86,20,14,1,1,-1
181,22,321,86,19,14,1,1,-1
182,22,320,85,19,14,1,1,-1
183,22,320,84,19,15,1,1,-1
184,22,320,84,19,14,1,1,-1
185,22,320,83,19,15,1,1,-1
186,22,320,83,19,15,1,1,-1
187,22,319,82,20,15,1,1,-1
188,22,319,81,20,16,1,1,-1
189,22,319,81,20,15,1,1,-1
190,22,319,80,20,16,1,1,-1
191,22,319,80,20,16,1,1,-1
192,22,318,80,20,15,1,1,-1
193,22,318,80,20,15,1,1,-1
194,22,318,80,20,15,1,1,-1
195,22,318,80,20,15,1,1,-1
196,22,318,80,20,15,1,1,-1
197,22,317,80,20,15,1,1,-1
198,22,317,80,20,15,1,1,-1
199,22,317,80,20,15,1,1,-1
200,22,317,80,20,15,1,1,-1
201,22,317,81,20,14,1,1,-1
202,22,317,81,20,14,1,1,-1
203,22,317,81,20,14,1,1,-1
204,22,317,82,20,14,1,1,-1
205,22,317,82,20,14,1,1,-1
206,22,317,83,20,14,1,1,-1
207,22,317,83,20,14,1,1,-1
208,22,317,83,20,14,1,1,-1
209,22,317,84,20,14,1,1,-1
210,22,317,84,20,14,1,1,-1
211,22,318,85,20,14,1,1,-1
212,22,318,85,20,14,1,1,-1
213,22,318,86,21,14,1,1,-1
214,22,318,87,21,14,1,1,-1
215,22,318,88,22,14,1,1,-1
216,22,318,89,22,14,1,1,-1
217,22,318,89,23,15,1,1,-1
218,22,318,90,23,15,1,1,-1
219,22,318,91,24,15,1,1,-1
220,22,318,92,24,15,1,1,-1
221,22,318,93,25,15,1,1,-1
222,22,318,93,25,15,1,1,-1
223,22,318,94,25,15,1,1,-1
224,22,318,94,25,15,1,1,-1
225,22,318,95,25,15,1,1,-1
226,22,318,96,25,15,1,1,-1
227,22,318,96,25,15,1,1,-1
228,22,318,97,25,15,1,1,-1
229,22,318,97,25,15,1,1,-1
230,22,318,98,25,15,1,1,-1
231,22,319,99,25,15,1,1,-1
232,22,320,99,24,15,1,1,-1
233,22,321,100,23,15,1,1,-1
234,22,322,100,22,15,1,1,-1
235,22,323,101,21,15,1,1,-1
236,22,324,102,21,14,1,1,-1
237,22,325,102,20,15,1,1,-1
238,22,326,103,19,14,1,1,-1
239,22,327,103,18,15,1,1,-1
240,22,328,104,17,14,1,1,-1
241,22,329,105,17,14,1,1,-1
242,22,331,105,17,14,1,1,-1
243,22,333,105,17,14,1,1,-1
244,22,335,106,17,14,1,1,-1
245,22,337,106,17,14,1,1,-1
246,22,340,107,17,14,1,1,-1
247,22,342,107,17,14,1,1,-1
248,22,344,107,17,14,1,1,-1
249,22,346,108,17,14,1,1,-1
250,22,348,108,17,14,1,1,-1
251,22,351,109,17,14,1,1,-1
252,22,353,109,17,14,1,1,-1
253,22,355,110,17,14,1,1,-1
254,22,357,111,17,14,1,1,-1
255,22,359,111,17,14,1,1,-1
256,22,361,112,18,14,1,1,-1
257,22,363,113,18,14,1,1,-1
258,22,365,113,18,14,1,1,-1
259,22,367,114,18,14,1,1,-1
260,22,369,115,18,14,1,1,-1
261,22,371,116,19,14,1,1,-1
262,22,373,117,19,14,1,1,-1
263,22,375,118,19,14,1,1,-1
264,22,377,119,19,14,1,1,-1
265,22,379,120,19,14,1,1,-1
266,22,381,121,19,14,1,1,-1
267,22,383,122,19,14,1,1,-1
268,22,385,123,19,14,1,1,-1
269,22,387,124,19,14,1,1,-1
270,22,389,125,19,14,1,1,-1
271,22,392,127,19,14,1,1,-1
272,22,392,128,19,14,1,1,-1
273,22,393,130,19,14,1,1,-1
274,22,394,132,19,14,1,1,-1
275,22,394,133,20,14,1,1,-1
276,22,395,135,20,14,1,1,-1
277,22,396,137,20,14,1,1,-1
278,22,396,138,21,14,1,1,-1
279,22,397,140,21,14,1,1,-1
280,22,398,142,21,14,1,1,-1
281,22,399,144,21,14,1,1,-1
282,22,399,145,20,14,1,1,-1
283,22,399,147,20,14,1,1,-1
284,22,399,149,20,14,1,1,-1
285,22,399,151,20,14,1,1,-1
286,22,400,153,19,14,1,1,-1
287,22,400,154,18,14,1,1,-1
288,22,400,156,18,14,1,1,-1
289,22,400,158,18,14,1,1,-1
290,22,400,160,18,14,1,1,-1
291,22,401,162,17,14,1,1,-1
292,22,400,163,18,14,1,1,-1
293,22,400,165,18,14,1,1,-1
294,22,400,166,18,14,1,1,-1
295,22,400,168,19,14,1,1,-1
296,22,400,169,19,14,1,1,-1
297,22,400,171,19,14,1,1,-1
298,22,400,172,20,14,1,1,-1
299,22,400,174,20,14,1,1,-1
300,22,400,175,20,14,1,1,-1
301,22,400,177,21,14,1,1,-1
302,22,400,177,21,14,1,1,-1
303,22,400,178,21,14,1,1,-1
304,22,401,179,20,14,1,1,-1
305,22,401,180,20,14,1,1,-1
306,22,402,181,20,14,1,1,-1
307,22,402,181,20,14,1,1,-1
308,22,402,182,20,14,1,1,-1
309,22,403,183,19,14,1,1,-1
310,22,403,184,19,14,1,1,-1
311,22,404,185,19,14,1,1,-1
312,22,392,182,20,14,1,1,-1
313,22,381,179,20,14,1,1,-1
314,22,370,176,21,14,1,1,-1
315,22,359,173,21,15,1,1,-1
316,22,348,170,22,15,1,1,-1
317,22,337,168,22,14,1,1,-1
318,22,326,165,23,14,1,1,-1
319,22,315,162,23,15,1,1,-1
320,22,304,159,24,15,1,1,-1
321,22,293,156,24,15,1,1,-1
322,22,282,154,25,15,1,1,-1
1,23,910,51,29,24,1,1,-1
2,23,911,51,29,24,1,1,-1
3,23,912,52,29,24,1,1,-1
4,23,913,52,29,24,1,1,-1
5,23,914,53,29,24,1,1,-1
6,23,915,53,29,24,1,1,-1
7,23,916,54,29,24,1,1,-1
8,23,917,54,29,24,1,1,-1
9,23,918,55,29,24,1,1,-1
10,23,919,55,29,24,1,1,-1
11,23,920,56,29,24,1,1,-1
12,23,921,56,29,24,1,1,-1
13,23,922,56,29,24,1,1,-1
14,23,924,56,29,24,1,1,-1
15,23,925,56,29,24,1,1,-1
16,23,926,56,29,24,1,1,-1
17,23,928,57,29,24,1,1,-1
18,23,928,57,29,24,1,1,-1
19,23,929,57,29,24,1,1,-1
20,23,930,57,29,25,1,1,-1
21,23,931,57,29,25,1,1,-1
22,23,932,58,29,25,1,1,-1
23,23,933,57,29,25,1,1,-1
24,23,934,57,29,25,1,1,-1
25,23,936,57,29,25,1,1,-1
26,23,937,56,29,25,1,1,-1
27,23,938,56,29,25,1,1,-1
28,23,939,55,29,25,1,1,-1
29,23,940,55,29,25,1,1,-1
30,23,942,54,29,25,1,1,-1
31,23,943,54,29,25,1,1,-1
32,23,944,53,29,25,1,1,-1
33,23,945,53,29,25,1,1,-1
34,23,947,52,29,25,1,1,-1
35,23,948,52,29,25,1,1,-1
36,23,949,51,29,25,1,1,-1
37,23,950,51,29,25,1,1,-1
38,23,952,50,29,25,1,1,-1
39,23,953,50,29,25,1,1,-1
40,23,954,49,29,25,1,1,-1
41,23,955,49,29,25,1,1,-1
42,23,957,49,29,25,1,1,-1
43,23,958,48,29,25,1,1,-1
44,23,959,47,29,25,1,1,-1
45,23,961,46,28,25,1,1,-1
46,23,962,46,28,24,1,1,-1
47,23,964,45,27,25,1,1,-1
48,23,965,44,27,25,1,1,-1
49,23,966,43,27,25,1,1,-1
50,23,968,43,26,24,1,1,-1
51,23,969,42,26,24,1,1,-1
52,23,971,41,26,25,1,1,-1
53,23,972,40,26,25,1,1,-1
54,23,974,40,25,24,1,1,-1
55,23,975,39,25,24,1,1,-1
56,23,976,38,25,24,1,1,-1
57,23,978,37,24,25,1,1,-1
58,23,979,37,24,24,1,1,-1
59,23,981,36,23,24,1,1,-1
60,23,982,35,23,24,1,1,-1
1,24,694,107,37,31,1,1,-1
2,24,691,109,37,31,1,1,-1
3,24,689,111,37,31,1,1,-1
4,24,687,113,37,31,1,1,-1
5,24,685,115,37,31,1,1,-1
6,24,683,117,37,31,1,1,-1
7,24,681,119,37,31,1,1,-1
8,24,679,121,37,31,1,1,-1
9,24,677,123,37,31,1,1,-1
10,24,675,125,37,31,1,1,-1
11,24,673,127,37,31,1,1,-1
12,24,671,128,37,31,1,1,-1
13,24,669,130,38,30,1,1,-1
14,24,667,132,39,30,1,1,-1
15,24,665,133,39,30,1,1,-1
16,24,663,135,40,29,1,1,-1
17,24,661,137,41,29,1,1,-1
18,24,658,138,41,29,1,1,-1
19,24,656,140,41,29,1,1,-1
20,24,654,142,41,29,1,1,-1
21,24,652,144,41,29,1,1,-1
22,24,650,146,41,29,1,1,-1
23,24,647,147,43,29,1,1,-1
24,24,645,148,44,29,1,1,-1
25,24,643,150,45,29,1,1,-1
26,24,640,150,45,30,1,1,-1
27,24,637,151,45,30,1,1,-1
28,24,635,152,45,30,1,1,-1
29,24,632,153,45,30,1,1,-1
30,24,630,154,45,30,1,1,-1
31,24,627,155,45,30,1,1,-1
32,24,625,156,44,30,1,1,-1
33,24,622,157,45,30,1,1,-1
34,24,620,158,44,30,1,1,-1
35,24,617,159,45,30,1,1,-1
36,24,615,160,44,30,1,1,-1
37,24,612,161,44,30,1,1,-1
38,24,610,162,44,30,1,1,-1
39,24,607,163,44,30,1,1,-1
40,24,605,164,44,30,1,1,-1
41,24,602,165,44,30,1,1,-1
42,24,600,166,44,31,1,1,-1
43,24,597,166,44,31,1,1,-1
44,24,594,167,45,30,1,1,-1
45,24,592,167,44,31,1,1,-1
46,24,589,168,45,30,1,1,-1
47,24,587,168,44,30,1,1,-1
48,24,584,169,45,30,1,1,-1
49,24,582,169,44,30,1,1,-1
50,24,579,170,45,30,1,1,-1
51,24,577,170,44,30,1,1,-1
52,24,574,171,45,29,1,1,-1
53,24,571,171,45,30,1,1,-1
54,24,569,172,45,29,1,1,-1
55,24,566,172,45,30,1,1,-1
56,24,564,173,45,29,1,1,-1
57,24,561,173,45,29,1,1,-1
58,24,559,174,45,29,1,1,-1
59,24,556,174,45,29,1,1,-1
60,24,554,175,45,29,1,1,-1
61,24,550,175,46,30,1,1,-1
62,24,547,175,47,31,1,1,-1
63,24,543,175,49,32,1,1,-1
64,24,540,175,50,33,1,1,-1
65,24,537,176,51,33,1,1,-1
66,24,535,176,53,34,1,1,-1
67,24,534,176,54,35,1,1,-1
68,24,532,176,56,36,1,1,-1
69,24,531,176,57,37,1,1,-1
70,24,532,177,57,36,1,1,-1
71,24,533,178,57,36,1,1,-1
72,24,534,180,57,35,1,1,-1
73,24,535,181,57,35,1,1,-1
74,24,536,183,58,34,1,1,-1
75,24,542,184,58,34,1,1,-1
76,24,549,186,58,33,1,1,-1
77,24,555,187,59,33,1,1,-1
78,24,562,189,59,32,1,1,-1
79,24,570,190,60,32,1,1,-1
80,24,579,192,60,31,1,1,-1
81,24,588,194,60,30,1,1,-1
82,24,596,195,61,30,1,1,-1
83,24,605,197,61,29,1,1,-1
84,24,614,199,61,29,1,1,-1
85,24,621,200,62,30,1,1,-1
86,24,628,201,63,32,1,1,-1
87,24,636,203,63,33,1,1,-1
88,24,641,204,63,33,1,1,-1
89,24,647,205,63,33,1,1,-1
90,24,653,207,63,33,1,1,-1
91,24,653,208,63,33,1,1,-1
92,24,654,210,63,33,1,1,-1
93,24,654,211,63,33,1,1,-1
94,24,655,213,63,33,1,1,-1
95,24,655,214,63,33,1,1,-1
96,24,656,216,63,33,1,1,-1
97,24,653,216,63,33,1,1,-1
98,24,650,216,63,33,1,1,-1
99,24,647,216,63,33,1,1,-1
100,24,645,216,63,33,1,1,-1
101,24,643,216,63,33,1,1,-1
102,24,641,216,63,33,1,1,-1
103,24,640,217,63,33,1,1,-1
104,24,636,216,63,33,1,1,-1
105,24,632,216,64,33,1,1,-1
106,24,628,215,65,33,1,1,-1
107,24,624,215,66,33,1,1,-1
108,24,620,214,67,33,1,1,-1
109,24,616,214,68,33,1,1,-1
110,24,612,214,69,33,1,1,-1
111,24,607,214,69,33,1,1,-1
112,24,603,214,69,33,1,1,-1
113,24,599,215,69,33,1,1,-1
114,24,595,215,69,33,1,1,-1
115,24,591,216,69,33,1,1,-1
116,24,586,215,70,33,1,1,-1
117,24,582,214,70,34,1,1,-1
118,24,578,213,70,34,1,1,-1
119,24,574,212,70,35,1,1,-1
120,24,570,212,71,35,1,1,-1
121,24,565,211,72,35,1,1,-1
122,24,561,210,72,36,1,1,-1
123,24,557,209,72,36,1,1,-1
124,24,553,208,72,37,1,1,-1
125,24,549,208,73,37,1,1,-1
126,24,544,207,73,37,1,1,-1
127,24,539,206,73,37,1,1,-1
128,24,535,205,73,37,1,1,-1
129,24,530,205,73,37,1,1,-1
130,24,525,204,73,37,1,1,-1
131,24,521,203,73,37,1,1,-1
132,24,516,202,73,37,1,1,-1
133,24,511,202,73,37,1,1,-1
134,24,507,201,73,37,1,1,-1
135,24,502,200,73,37,1,1,-1
136,24,498,200,73,37,1,1,-1
137,24,492,199,74,37,1,1,-1
138,24,486,198,75,37,1,1,-1
139,24,480,198,76,37,1,1,-1
140,24,474,197,77,37,1,1,-1
141,24,469,197,77,36,1,1,-1
142,24,463,196,78,37,1,1,-1
143,24,457,196,79,36,1,1,-1
144,24,451,195,80,36,1,1,-1
145,24,446,195,81,36,1,1,-1
146,24,440,194,81,36,1,1,-1
147,24,434,193,81,37,1,1,-1
148,24,428,193,81,36,1,1,-1
149,24,422,192,81,37,1,1,-1
150,24,416,191,81,37,1,1,-1
151,24,410,191,81,37,1,1,-1
152,24,404,190,81,37,1,1,-1
153,24,399,190,81,37,1,1,-1
154,24,393,189,81,37,1,1,-1
155,24,387,188,81,37,1,1,-1
156,24,381,187,81,37,1,1,-1
157,24,375,187,81,37,1,1,-1
158,24,369,186,81,37,1,1,-1
159,24,363,185,81,37,1,1,-1
160,24,357,184,81,37,1,1,-1
161,24,352,184,81,37,1,1,-1
162,24,346,182,81,37,1,1,-1
163,24,340,181,81,37,1,1,-1
164,24,334,180,81,37,1,1,-1
165,24,328,179,81,37,1,1,-1
166,24,322,177,81,37,1,1,-1
167,24,316,176,81,37,1,1,-1
168,24,310,175,81,37,1,1,-1
169,24,305,174,81,37,1,1,-1
170,24,300,173,79,35,1,1,-1
171,24,295,172,78,34,1,1,-1
172,24,290,171,76,33,1,1,-1
173,24,285,170,75,32,1,1,-1
174,24,280,169,73,31,1,1,-1
175,24,275,168,72,30,1,1,-1
176,24,265,167,75,31,1,1,-1
177,24,255,166,78,33,1,1,-1
178,24,245,165,82,35,1,1,-1
179,24,236,164,84,36,1,1,-1
180,24,226,163,88,38,1,1,-1
181,24,216,162,91,40,1,1,-1
182,24,207,162,94,41,1,1,-1
183,24,200,161,93,41,1,1,-1
184,24,193,161,93,41,1,1,-1
185,24,186,160,93,41,1,1,-1
186,24,179,160,93,41,1,1,-1
187,24,172,159,93,41,1,1,-1
188,24,165,159,93,41,1,1,-1
189,24,158,159,93,41,1,1,-1
190,24,150,159,94,41,1,1,-1
191,24,142,159,95,41,1,1,-1
192,24,134,159,96,41,1,1,-1
193,24,126,159,97,41,1,1,-1
194,24,119,160,97,40,1,1,-1
195,24,111,160,98,40,1,1,-1
196,24,103,160,99,40,1,1,-1
197,24,95,160,100,40,1,1,-1
198,24,87,160,101,40,1,1,-1
199,24,80,161,102,40,1,1,-1
200,24,71,161,103,41,1,1,-1
201,24,63,162,104,41,1,1,-1
202,24,55,163,105,41,1,1,-1
203,24,46,164,107,41,1,1,-1
204,24,38,165,108,41,1,1,-1
205,24,30,166,109,41,1,1,-1
206,24,25,166,106,41,1,1,-1
207,24,21,167,102,41,1,1,-1
208,24,17,168,99,41,1,1,-1
209,24,13,169,95,40,1,1,-1
210,24,9,170,92,40,1,1,-1
211,24,5,171,88,40,1,1,-1
1,25,722,70,37,24,1,1,-1
2,25,720,71,37,24,1,1,-1
3,25,718,73,37,24,1,1,-1
4,25,716,75,37,24,1,1,-1
5,25,714,77,37,24,1,1,-1
6,25,712,79,37,24,1,1,-1
7,25,710,80,37,24,1,1,-1
8,25,708,82,37,24,1,1,-1
9,25,706,84,37,24,1,1,-1
10,25,704,86,37,24,1,1,-1
11,25,703,88,37,24,1,1,-1
12,25,701,89,37,24,1,1,-1
13,25,699,90,38,24,1,1,-1
14,25,698,91,37,24,1,1,-1
15,25,696,92,38,24,1,1,-1
16,25,694,93,38,24,1,1,-1
17,25,693,95,38,24,1,1,-1
18,25,691,96,38,24,1,1,-1
19,25,689,97,38,25,1,1,-1
20,25,687,98,38,26,1,1,-1
21,25,685,99,38,27,1,1,-1
22,25,684,101,38,27,1,1,-1
23,25,682,102,38,27,1,1,-1
24,25,680,103,38,27,1,1,-1
25,25,678,105,38,27,1,1,-1
26,25,676,105,38,28,1,1,-1
27,25,674,106,38,28,1,1,-1
28,25,672,106,38,29,1,1,-1
29,25,670,107,38,29,1,1,-1
30,25,668,108,39,29,1,1,-1
31,25,666,108,39,30,1,1,-1
32,25,664,109,39,30,1,1,-1
33,25,662,110,39,30,1,1,-1
34,25,660,110,40,31,1,1,-1
35,25,658,111,40,31,1,1,-1
36,25,656,112,40,31,1,1,-1
37,25,654,112,40,32,1,1,-1
38,25,652,113,41,32,1,1,-1
39,25,650,114,41,32,1,1,-1
40,25,648,114,41,33,1,1,-1
41,25,646,115,41,33,1,1,-1
42,25,645,116,41,33,1,1,-1
43,25,642,116,42,33,1,1,-1
44,25,640,116,42,33,1,1,-1
45,25,638,117,42,32,1,1,-1
46,25,636,117,42,32,1,1,-1
47,25,633,117,43,33,1,1,-1
48,25,631,118,43,32,1,1,-1
49,25,629,118,43,32,1,1,-1
50,25,627,118,43,32,1,1,-1
51,25,625,119,43,32,1,1,-1
52,25,622,119,44,32,1,1,-1
53,25,620,119,44,32,1,1,-1
54,25,618,120,44,31,1,1,-1
55,25,616,120,44,31,1,1,-1
56,25,613,120,45,32,1,1,-1
57,25,611,121,45,31,1,1,-1
58,25,609,121,45,31,1,1,-1
59,25,607,121,45,31,1,1,-1
60,25,605,122,46,31,1,1,-1
61,25,603,122,45,31,1,1,-1
62,25,601,123,45,31,1,1,-1
63,25,599,124,45,30,1,1,-1
64,25,597,125,45,30,1,1,-1
65,25,595,126,45,30,1,1,-1
66,25,595,126,45,30,1,1,-1
67,25,596,127,45,29,1,1,-1
68,25,597,128,44,29,1,1,-1
69,25,597,128,45,29,1,1,-1
70,25,598,129,44,28,1,1,-1
71,25,599,130,44,28,1,1,-1
72,25,599,130,44,28,1,1,-1
73,25,600,131,44,27,1,1,-1
74,25,601,132,44,27,1,1,-1
75,25,609,134,44,27,1,1,-1
76,25,617,136,45,27,1,1,-1
77,25,625,138,45,27,1,1,-1
78,25,634,140,45,28,1,1,-1
79,25,645,141,45,28,1,1,-1
80,25,656,142,45,28,1,1,-1
81,25,668,143,44,29,1,1,-1
82,25,679,144,44,29,1,1,-1
83,25,691,146,43,29,1,1,-1
84,25,699,148,44,29,1,1,-1
85,25,708,150,45,29,1,1,-1
86,25,716,152,46,29,1,1,-1
87,25,725,155,47,29,1,1,-1
88,25,731,157,47,29,1,1,-1
89,25,738,159,47,29,1,1,-1
90,25,745,162,47,29,1,1,-1
91,25,746,163,50,29,1,1,-1
92,25,747,164,53,29,1,1,-1
93,25,748,165,56,29,1,1,-1
94,25,750,166,59,29,1,1,-1
95,25,750,166,58,29,1,1,-1
96,25,750,167,58,29,1,1,-1
97,25,750,168,58,29,1,1,-1
98,25,750,169,57,29,1,1,-1
99,25,750,170,57,29,1,1,-1
100,25,751,171,56,29,1,1,-1
101,25,750,171,56,29,1,1,-1
102,25,749,171,57,29,1,1,-1
103,25,749,171,57,29,1,1,-1
104,25,746,170,57,29,1,1,-1
105,25,743,170,57,29,1,1,-1
106,25,740,170,58,28,1,1,-1
107,25,737,169,58,29,1,1,-1
108,25,734,169,59,28,1,1,-1
109,25,731,169,59,28,1,1,-1
110,25,728,169,60,28,1,1,-1
111,25,725,169,60,28,1,1,-1
112,25,722,169,60,28,1,1,-1
113,25,720,169,60,28,1,1,-1
114,25,717,169,60,28,1,1,-1
115,25,715,169,60,28,1,1,-1
116,25,711,168,61,28,1,1,-1
117,25,708,167,61,28,1,1,-1
118,25,705,166,62,28,1,1,-1
119,25,702,165,62,29,1,1,-1
120,25,699,165,63,28,1,1,-1
121,25,696,164,63,28,1,1,-1
122,25,693,163,63,29,1,1,-1
123,25,690,162,64,29,1,1,-1
124,25,687,161,64,29,1,1,-1
125,25,684,161,65,29,1,1,-1
126,25,680,160,65,29,1,1,-1
127,25,677,160,65,29,1,1,-1
128,25,673,159,65,29,1,1,-1
129,25,670,159,65,29,1,1,-1
130,25,666,159,65,29,1,1,-1
131,25,663,158,65,29,1,1,-1
132,25,659,158,65,29,1,1,-1
133,25,656,158,65,29,1,1,-1
134,25,652,157,65,29,1,1,-1
135,25,649,157,65,29,1,1,-1
136,25,646,157,65,29,1,1,-1
137,25,641,156,65,29,1,1,-1
138,25,637,155,65,29,1,1,-1
139,25,633,155,65,29,1,1,-1
140,25,629,154,65,29,1,1,-1
141,25,625,153,65,29,1,1,-1
142,25,621,153,65,29,1,1,-1
143,25,617,152,65,29,1,1,-1
144,25,613,151,65,29,1,1,-1
145,25,609,151,65,29,1,1,-1
146,25,604,150,66,29,1,1,-1
147,25,600,149,66,30,1,1,-1
148,25,595,149,67,29,1,1,-1
149,25,591,148,68,30,1,1,-1
150,25,587,147,68,30,1,1,-1
151,25,582,147,69,30,1,1,-1
152,25,578,146,69,30,1,1,-1
153,25,574,146,70,30,1,1,-1
154,25,570,145,70,30,1,1,-1
155,25,566,144,70,30,1,1,-1
156,25,562,143,70,30,1,1,-1
157,25,558,143,70,30,1,1,-1
158,25,554,142,70,30,1,1,-1
159,25,550,141,70,30,1,1,-1
160,25,546,140,70,30,1,1,-1
161,25,542,140,70,30,1,1,-1
162,25,537,139,70,30,1,1,-1
163,25,532,139,70,30,1,1,-1
164,25,527,138,70,30,1,1,-1
165,25,523,138,70,30,1,1,-1
166,25,518,137,70,30,1,1,-1
167,25,513,137,70,30,1,1,-1
168,25,508,136,70,30,1,1,-1
169,25,504,136,70,30,1,1,-1
170,25,499,134,71,31,1,1,-1
171,25,494,133,72,31,1,1,-1
172,25,490,132,73,31,1,1,-1
173,25,485,131,74,31,1,1,-1
174,25,480,130,75,31,1,1,-1
175,25,476,129,76,32,1,1,-1
176,25,471,128,76,32,1,1,-1
177,25,466,127,76,32,1,1,-1
178,25,461,127,76,32,1,1,-1
179,25,456,126,76,32,1,1,-1
180,25,451,126,76,32,1,1,-1
181,25,446,125,76,32,1,1,-1
182,25,441,125,77,32,1,1,-1
183,25,436,124,77,32,1,1,-1
184,25,431,123,78,32,1,1,-1
185,25,426,122,79,32,1,1,-1
186,25,421,121,80,33,1,1,-1
187,25,416,120,81,33,1,1,-1
188,25,411,119,82,33,1,1,-1
189,25,407,119,82,33,1,1,-1
190,25,402,119,82,33,1,1,-1
191,25,397,119,82,33,1,1,-1
192,25,392,119,82,33,1,1,-1
193,25,387,119,82,33,1,1,-1
194,25,382,119,82,33,1,1,-1
195,25,377,119,82,33,1,1,-1
196,25,372,119,82,33,1,1,-1
197,25,367,119,82,33,1,1,-1
198,25,362,119,82,33,1,1,-1
199,25,358,120,81,33,1,1,-1
200,25,352,121,81,33,1,1,-1
201,25,347,122,81,33,1,1,-1
202,25,342,123,81,33,1,1,-1
203,25,336,124,81,33,1,1,-1
204,25,331,125,81,33,1,1,-1
205,25,326,126,81,33,1,1,-1
206,25,320,126,82,33,1,1,-1
207,25,315,127,82,33,1,1,-1
208,25,309,127,83,33,1,1,-1
209,25,304,128,84,33,1,1,-1
210,25,298,129,84,33,1,1,-1
211,25,293,130,84,33,1,1,-1
212,25,288,131,84,33,1,1,-1
213,25,283,132,84,33,1,1,-1
214,25,278,133,84,33,1,1,-1
215,25,273,134,84,33,1,1,-1
216,25,268,135,84,33,1,1,-1
217,25,263,136,84,33,1,1,-1
218,25,258,137,84,33,1,1,-1
219,25,253,138,84,33,1,1,-1
220,25,248,139,84,33,1,1,-1
221,25,243,141,85,33,1,1,-1
222,25,236,142,85,33,1,1,-1
223,25,230,143,85,33,1,1,-1
224,25,223,144,85,33,1,1,-1
225,25,217,146,85,33,1,1,-1
226,25,211,146,85,34,1,1,-1
227,25,205,147,86,34,1,1,-1
228,25,200,147,86,35,1,1,-1
229,25,194,148,87,35,1,1,-1
230,25,189,148,87,36,1,1,-1
231,25,183,149,88,36,1,1,-1
232,25,178,150,88,37,1,1,-1
233,25,172,150,88,37,1,1,-1
234,25,167,151,88,37,1,1,-1
235,25,162,152,88,37,1,1,-1
236,25,156,153,88,37,1,1,-1
237,25,151,154,88,37,1,1,-1
238,25,146,155,88,37,1,1,-1
239,25,140,156,88,37,1,1,-1
240,25,135,157,88,37,1,1,-1
241,25,130,158,88,37,1,1,-1
242,25,124,158,89,38,1,1,-1
243,25,119,158,89,39,1,1,-1
244,25,113,159,91,39,1,1,-1
245,25,108,159,91,40,1,1,-1
246,25,103,160,92,41,1,1,-1
247,25,100,160,92,41,1,1,-1
248,25,97,161,92,41,1,1,-1
249,25,94,161,93,41,1,1,-1
250,25,91,162,93,41,1,1,-1
251,25,88,162,93,41,1,1,-1
252,25,85,163,94,41,1,1,-1
253,25,82,163,94,41,1,1,-1
254,25,79,164,95,41,1,1,-1
255,25,74,165,96,41,1,1,-1
256,25,70,166,96,41,1,1,-1
257,25,65,167,97,41,1,1,-1
258,25,61,168,97,41,1,1,-1
259,25,56,169,98,41,1,1,-1
260,25,52,170,98,41,1,1,-1
261,25,47,171,99,41,1,1,-1
262,25,43,172,99,41,1,1,-1
263,25,38,173,100,41,1,1,-1
264,25,34,174,100,41,1,1,-1
265,25,29,175,101,41,1,1,-1
266,25,25,177,101,40,1,1,-1
267,25,21,178,101,40,1,1,-1
268,25,17,180,101,40,1,1,-1
269,25,14,181,100,40,1,1,-1
270,25,10,183,101,40,1,1,-1
271,25,7,184,100,40,1,1,-1
272,25,3,186,100,40,1,1,-1
273,25,0,188,100,40,1,1,-1
274,25,0,190,94,39,1,1,-1
275,25,0,192,89,38,1,1,-1
276,25,0,194,84,37,1,1,-1
277,25,0,196,79,37,1,1,-1
278,25,0,198,73,36,1,1,-1
279,25,0,200,68,35,1,1,-1
280,25,0,202,63,34,1,1,-1
1,26,925,3,30,20,1,1,-1
2,26,924,4,30,20,1,1,-1
3,26,923,5,30,20,1,1,-1
4,26,922,6,30,20,1,1,-1
5,26,921,8,30,20,1,1,-1
6,26,921,9,30,20,1,1,-1
7,26,920,10,30,20,1,1,-1
8,26,919,12,30,20,1,1,-1
9,26,918,13,30,20,1,1,-1
10,26,917,14,30,20,1,1,-1
11,26,917,16,30,20,1,1,-1
12,26,916,17,30,20,1,1,-1
13,26,915,18,30,20,1,1,-1
14,26,915,19,30,20,1,1,-1
15,26,914,20,30,20,1,1,-1
16,26,913,21,30,20,1,1,-1
17,26,913,22,30,21,1,1,-1
18,26,911,23,30,21,1,1,-1
19,26,910,24,30,21,1,1,-1
20,26,909,25,29,21,1,1,-1
21,26,908,26,29,21,1,1,-1
22,26,907,28,29,21,1,1,-1
23,26,906,28,29,21,1,1,-1
24,26,906,29,29,21,1,1,-1
25,26,906,30,29,21,1,1,-1
26,26,905,30,29,21,1,1,-1
27,26,904,30,29,22,1,1,-1
28,26,903,31,30,21,1,1,-1
29,26,902,31,30,22,1,1,-1
30,26,901,32,31,21,1,1,-1
31,26,901,32,30,22,1,1,-1
32,26,900,32,30,22,1,1,-1
33,26,899,33,31,22,1,1,-1
34,26,898,33,31,22,1,1,-1
35,26,897,34,32,22,1,1,-1
36,26,896,34,32,22,1,1,-1
37,26,896,34,31,23,1,1,-1
38,26,895,35,32,22,1,1,-1
39,26,894,35,32,23,1,1,-1
40,26,893,36,33,22,1,1,-1
41,26,892,36,33,23,1,1,-1
42,26,892,37,33,23,1,1,-1
43,26,891,37,33,22,1,1,-1
44,26,890,37,33,22,1,1,-1
45,26,890,37,33,22,1,1,-1
46,26,889,37,33,22,1,1,-1
47,26,888,37,33,22,1,1,-1
48,26,888,37,33,22,1,1,-1
49,26,887,37,33,22,1,1,-1
50,26,887,37,33,22,1,1,-1
51,26,886,37,33,22,1,1,-1
52,26,885,37,33,21,1,1,-1
53,26,885,37,33,21,1,1,-1
54,26,884,37,33,21,1,1,-1
55,26,884,37,33,21,1,1,-1
56,26,883,37,33,21,1,1,-1
57,26,882,37,33,21,1,1,-1
58,26,882,37,33,21,1,1,-1
59,26,881,37,33,21,1,1,-1
60,26,881,37,33,21,1,1,-1
61,26,880,37,33,21,1,1,-1
62,26,879,37,33,22,1,1,-1
63,26,879,37,32,22,1,1,-1
64,26,878,37,32,23,1,1,-1
65,26,878,38,31,23,1,1,-1
66,26,880,38,31,23,1,1,-1
67,26,882,39,32,22,1,1,-1
68,26,885,39,32,22,1,1,-1
69,26,887,40,32,21,1,1,-1
70,26,889,40,33,21,1,1,-1
1,27,991,16,24,18,1,1,-1
2,27,991,16,24,18,1,1,-1
3,27,992,17,24,18,1,1,-1
4,27,992,18,24,18,1,1,-1
5,27,993,19,24,18,1,1,-1
6,27,994,20,24,18,1,1,-1
7,27,994,21,24,18,1,1,-1
8,27,995,22,24,18,1,1,-1
9,27,995,23,24,18,1,1,-1
10,27,996,24,24,18,1,1,-1
11,27,997,25,24,18,1,1,-1
12,27,998,25,23,17,1,1,-1
13,27,999,25,22,17,1,1,-1
14,27,1000,25,21,17,1,1,-1
15,27,1001,25,20,17,1,1,-1
16,27,1002,25,19,17,1,1,-1
17,27,1004,25,17,17,1,1,-1
18,27,1004,25,17,17,1,1,-1
19,27,1005,26,17,17,1,1,-1
20,27,1005,26,17,17,1,1,-1
11,28,1003,56,20,20,1,1,-1
12,28,1003,56,19,20,1,1,-1
13,28,1003,56,19,21,1,1,-1
14,28,1004,57,18,20,1,1,-1
15,28,1004,57,18,21,1,1,-1
16,28,1004,57,18,21,1,1,-1
17,28,1005,58,17,21,1,1,-1
18,28,1005,58,17,20,1,1,-1
19,28,1005,59,17,19,1,1,-1
20,28,1005,59,17,19,1,1,-1
17,29,974,0,25,18,1,1,-1
18,29,973,0,25,18,1,1,-1
19,29,972,1,25,18,1,1,-1
20,29,971,2,25,18,1,1,-1
21,29,970,3,25,18,1,1,-1
22,29,969,4,25,18,1,1,-1
23,29,968,4,25,18,1,1,-1
24,29,967,5,25,18,1,1,-1
25,29,967,6,25,18,1,1,-1
26,29,966,6,25,18,1,1,-1
27,29,965,6,25,18,1,1,-1
28,29,965,7,25,18,1,1,-1
29,29,964,7,25,18,1,1,-1
30,29,964,8,25,18,1,1,-1
31,29,963,8,25,18,1,1,-1
32,29,962,9,25,18,1,1,-1
33,29,962,9,25,18,1,1,-1
34,29,961,10,25,18,1,1,-1
35,29,961,10,25,18,1,1,-1
36,29,960,11,25,18,1,1,-1
37,29,959,11,25,18,1,1,-1
38,29,959,12,25,18,1,1,-1
39,29,958,12,25,18,1,1,-1
40,29,958,13,25,18,1,1,-1
41,29,957,13,25,18,1,1,-1
42,29,957,14,25,18,1,1,-1
43,29,956,14,25,18,1,1,-1
44,29,956,14,25,18,1,1,-1
45,29,955,14,25,18,1,1,-1
46,29,955,14,25,18,1,1,-1
47,29,954,14,25,18,1,1,-1
48,29,954,14,25,18,1,1,-1
49,29,953,14,25,18,1,1,-1
50,29,953,14,25,18,1,1,-1
51,29,953,15,25,18,1,1,-1
52,29,952,15,25,18,1,1,-1
53,29,952,15,25,18,1,1,-1
54,29,951,15,25,18,1,1,-1
55,29,951,15,25,18,1,1,-1
56,29,950,15,25,18,1,1,-1
57,29,950,15,25,18,1,1,-1
58,29,949,15,25,18,1,1,-1
59,29,949,15,25,18,1,1,-1
60,29,949,16,25,18,1,1,-1
61,29,948,16,25,18,1,1,-1
62,29,947,16,26,18,1,1,-1
63,29,947,17,25,17,1,1,-1
64,29,946,17,26,17,1,1,-1
65,29,946,18,26,17,1,1,-1
66,29,948,18,26,17,1,1,-1
67,29,950,18,26,17,1,1,-1
68,29,952,19,26,17,1,1,-1
69,29,954,19,26,17,1,1,-1
70,29,956,19,26,17,1,1,-1
