61,1,546,307,15,19,1,1,-1
62,1,545,309,15,19,1,1,-1
63,1,545,311,15,19,1,1,-1
64,1,545,313,15,19,1,1,-1
65,1,544,315,15,19,1,1,-1
66,1,544,317,15,19,1,1,-1
67,1,544,320,15,19,1,1,-1
68,1,543,322,15,19,1,1,-1
69,1,543,324,15,19,1,1,-1
70,1,543,327,15,19,1,1,-1
71,1,543,329,15,19,1,1,-1
72,1,543,332,15,19,1,1,-1
73,1,543,334,15,19,1,1,-1
74,1,543,337,15,19,1,1,-1
75,1,543,340,15,19,1,1,-1
76,1,543,342,15,19,1,1,-1
77,1,543,345,15,19,1,1,-1
78,1,543,348,15,19,1,1,-1
79,1,543,351,15,19,1,1,-1
80,1,543,354,15,19,1,1,-1
81,1,543,357,15,19,1,1,-1
82,1,543,360,15,19,1,1,-1
83,1,543,363,15,19,1,1,-1
84,1,542,366,15,19,1,1,-1
85,1,542,369,15,20,1,1,-1
86,1,542,372,14,20,1,1,-1
87,1,542,375,14,21,1,1,-1
88,1,541,378,15,22,1,1,-1
89,1,541,381,15,23,1,1,-1
90,1,541,385,15,23,1,1,-1
91,1,541,388,15,24,1,1,-1
92,1,541,391,15,25,1,1,-1
93,1,541,395,15,25,1,1,-1
94,1,541,398,15,26,1,1,-1
95,1,541,402,16,26,1,1,-1
96,1,541,406,16,26,1,1,-1
97,1,541,410,16,26,1,1,-1
98,1,542,414,16,26,1,1,-1
99,1,542,418,16,26,1,1,-1
100,1,542,422,16,26,1,1,-1
101,1,542,426,17,26,1,1,-1
102,1,542,430,17,26,1,1,-1
103,1,542,434,17,26,1,1,-1
104,1,543,439,17,26,1,1,-1
105,1,543,444,17,26,1,1,-1
106,1,544,450,17,26,1,1,-1
107,1,545,456,17,26,1,1,-1
108,1,544,460,17,27,1,1,-1
109,1,544,464,17,28,1,1,-1
110,1,544,468,17,29,1,1,-1
64,2,532,297,16,18,1,1,-1
65,2,531,298,16,18,1,1,-1
66,2,531,300,16,18,1,1,-1
67,2,531,302,16,18,1,1,-1
68,2,530,303,16,18,1,1,-1
69,2,530,305,16,18,1,1,-1
70,2,529,307,16,17,1,1,-1
71,2,529,309,16,17,1,1,-1
72,2,529,311,16,17,1,1,-1
73,2,528,313,16,17,1,1,-1
74,2,528,316,16,17,1,1,-1
75,2,528,318,16,17,1,1,-1
76,2,528,321,16,17,1,1,-1
77,2,528,323,16,17,1,1,-1
78,2,528,326,16,17,1,1,-1
79,2,528,329,16,17,1,1,-1
80,2,527,331,16,17,1,1,-1
81,2,527,333,16,17,1,1,-1
82,2,527,335,16,17,1,1,-1
83,2,526,337,17,17,1,1,-1
84,2,526,339,17,18,1,1,-1
85,2,526,342,17,18,1,1,-1
86,2,526,344,17,19,1,1,-1
87,2,526,347,17,19,1,1,-1
88,2,525,349,17,20,1,1,-1
89,2,525,352,17,20,1,1,-1
90,2,525,355,16,20,1,1,-1
91,2,525,358,16,20,1,1,-1
92,2,525,360,15,21,1,1,-1
93,2,525,363,15,21,1,1,-1
94,2,525,366,14,21,1,1,-1
95,2,525,369,14,22,1,1,-1
96,2,525,372,14,22,1,1,-1
97,2,525,375,14,22,1,1,-1
98,2,525,379,14,22,1,1,-1
99,2,525,382,14,22,1,1,-1
100,2,525,385,14,22,1,1,-1
101,2,525,388,14,22,1,1,-1
102,2,525,391,14,22,1,1,-1
103,2,525,394,14,22,1,1,-1
104,2,525,398,15,22,1,1,-1
105,2,524,401,15,22,1,1,-1
106,2,524,405,15,22,1,1,-1
107,2,524,409,15,22,1,1,-1
108,2,524,412,15,23,1,1,-1
109,2,524,416,16,23,1,1,-1
110,2,524,419,16,24,1,1,-1
111,2,524,423,17,25,1,1,-1
112,2,524,427,17,25,1,1,-1
113,2,524,431,17,26,1,1,-1
114,2,524,435,17,27,1,1,-1
115,2,524,439,17,28,1,1,-1
116,2,524,443,17,29,1,1,-1
117,2,524,448,18,29,1,1,-1
118,2,524,452,18,29,1,1,-1
119,2,524,457,18,29,1,1,-1
120,2,525,462,17,29,1,1,-1
121,2,525,467,17,29,1,1,-1
122,2,526,472,17,29,1,1,-1
123,2,526,477,16,29,1,1,-1
124,2,526,482,16,30,1,1,-1
88,3,542,319,16,15,1,1,-1
89,3,541,321,16,15,1,1,-1
90,3,541,324,16,15,1,1,-1
91,3,541,327,16,15,1,1,-1
92,3,541,329,16,15,1,1,-1
93,3,541,332,16,15,1,1,-1
94,3,541,335,16,15,1,1,-1
95,3,541,338,16,15,1,1,-1
96,3,541,340,15,16,1,1,-1
97,3,541,342,15,17,1,1,-1
98,3,541,345,15,18,1,1,-1
99,3,541,348,15,18,1,1,-1
100,3,541,351,15,18,1,1,-1
101,3,541,354,15,18,1,1,-1
102,3,541,357,15,18,1,1,-1
103,3,541,360,15,18,1,1,-1
104,3,541,364,15,18,1,1,-1
105,3,541,367,15,18,1,1,-1
106,3,541,370,15,18,1,1,-1
107,3,541,373,15,18,1,1,-1
108,3,541,376,15,18,1,1,-1
109,3,542,380,15,18,1,1,-1
110,3,543,383,15,18,1,1,-1
111,3,544,387,15,18,1,1,-1
112,3,543,391,16,19,1,1,-1
113,3,543,396,16,19,1,1,-1
114,3,543,400,16,20,1,1,-1
115,3,543,405,16,20,1,1,-1
116,3,543,409,16,21,1,1,-1
117,3,543,414,17,22,1,1,-1
118,3,543,417,17,22,1,1,-1
119,3,543,421,17,22,1,1,-1
120,3,543,425,17,22,1,1,-1
121,3,543,429,17,22,1,1,-1
122,3,544,433,17,22,1,1,-1
123,3,544,438,17,22,1,1,-1
124,3,545,444,17,22,1,1,-1
125,3,546,450,17,22,1,1,-1
126,3,546,455,17,23,1,1,-1
127,3,546,460,18,24,1,1,-1
128,3,547,465,17,25,1,1,-1
129,3,547,470,18,26,1,1,-1
125,4,526,277,15,15,1,1,-1
126,4,526,278,15,15,1,1,-1
127,4,526,280,15,15,1,1,-1
128,4,526,282,15,15,1,1,-1
129,4,526,284,16,15,1,1,-1
130,4,526,285,16,16,1,1,-1
131,4,527,287,15,16,1,1,-1
132,4,527,289,15,16,1,1,-1
133,4,527,291,16,16,1,1,-1
134,4,527,292,16,17,1,1,-1
135,4,527,294,16,17,1,1,-1
136,4,527,296,16,17,1,1,-1
137,4,528,298,16,17,1,1,-1
138,4,528,300,16,17,1,1,-1
139,4,528,302,16,17,1,1,-1
140,4,528,304,16,17,1,1,-1
141,4,528,306,16,17,1,1,-1
142,4,528,308,16,17,1,1,-1
143,4,528,310,16,17,1,1,-1
144,4,528,312,16,17,1,1,-1
145,4,529,315,16,17,1,1,-1
146,4,529,317,16,17,1,1,-1
147,4,529,320,16,17,1,1,-1
148,4,530,322,16,17,1,1,-1
149,4,530,325,16,17,1,1,-1
150,4,530,327,16,17,1,1,-1
151,4,531,330,16,17,1,1,-1
152,4,531,332,16,17,1,1,-1
153,4,531,335,16,17,1,1,-1
154,4,531,337,16,17,1,1,-1
155,4,531,340,16,17,1,1,-1
156,4,532,343,16,17,1,1,-1
157,4,532,345,16,17,1,1,-1
158,4,532,348,17,17,1,1,-1
159,4,533,351,16,17,1,1,-1
160,4,533,353,17,17,1,1,-1
161,4,533,356,17,17,1,1,-1
162,4,534,359,17,17,1,1,-1
163,4,534,362,17,17,1,1,-1
164,4,534,365,17,18,1,1,-1
165,4,534,368,17,19,1,1,-1
166,4,534,371,17,20,1,1,-1
167,4,535,374,17,21,1,1,-1
168,4,535,378,17,21,1,1,-1
169,4,536,382,17,21,1,1,-1
170,4,537,386,17,21,1,1,-1
171,4,538,390,17,21,1,1,-1
172,4,538,393,17,21,1,1,-1
173,4,539,396,17,21,1,1,-1
174,4,539,399,17,21,1,1,-1
175,4,540,402,17,21,1,1,-1
176,4,541,406,16,21,1,1,-1
177,4,542,410,16,22,1,1,-1
178,4,543,414,16,23,1,1,-1
179,4,544,418,16,24,1,1,-1
180,4,545,422,16,25,1,1,-1
181,4,545,425,16,25,1,1,-1
182,4,546,429,16,25,1,1,-1
183,4,547,433,16,25,1,1,-1
184,4,547,437,17,25,1,1,-1
185,4,548,442,18,25,1,1,-1
186,4,549,447,18,24,1,1,-1
187,4,550,452,19,24,1,1,-1
188,4,550,456,18,25,1,1,-1
189,4,550,461,18,25,1,1,-1
190,4,550,465,18,26,1,1,-1
191,4,551,470,17,26,1,1,-1
192,4,552,475,17,26,1,1,-1
193,4,554,480,17,26,1,1,-1
171,5,538,272,14,18,1,1,-1
172,5,538,274,14,18,1,1,-1
176,5,540,282,14,18,1,1,-1
177,5,541,284,14,18,1,1,-1
178,5,541,286,14,18,1,1,-1
179,5,542,288,14,18,1,1,-1
180,5,542,290,14,18,1,1,-1
181,5,543,293,14,18,1,1,-1
182,5,543,295,14,18,1,1,-1
183,5,544,297,14,18,1,1,-1
184,5,544,299,14,18,1,1,-1
185,5,545,301,14,18,1,1,-1
186,5,545,303,14,18,1,1,-1
187,5,546,305,14,18,1,1,-1
188,5,547,307,14,18,1,1,-1
189,5,548,310,14,18,1,1,-1
190,5,549,312,14,18,1,1,-1
191,5,550,315,14,18,1,1,-1
192,5,550,317,14,18,1,1,-1
193,5,550,320,14,18,1,1,-1
194,5,551,323,14,18,1,1,-1
195,5,551,325,15,18,1,1,-1
196,5,551,327,16,18,1,1,-1
197,5,552,329,16,19,1,1,-1
198,5,553,332,16,19,1,1,-1
199,5,554,335,16,19,1,1,-1
200,5,555,338,16,19,1,1,-1
201,5,556,341,16,19,1,1,-1
202,5,557,344,16,19,1,1,-1
203,5,558,347,16,19,1,1,-1
204,5,558,350,17,19,1,1,-1
205,5,559,353,17,19,1,1,-1
206,5,560,356,17,19,1,1,-1
207,5,561,359,17,19,1,1,-1
208,5,561,362,17,19,1,1,-1
209,5,562,365,17,19,1,1,-1
210,5,563,369,17,19,1,1,-1
211,5,563,371,17,21,1,1,-1
212,5,563,374,18,22,1,1,-1
213,5,563,377,18,23,1,1,-1
214,5,564,380,18,25,1,1,-1
215,5,565,383,18,25,1,1,-1
216,5,566,387,18,25,1,1,-1
217,5,567,391,18,25,1,1,-1
218,5,568,395,18,25,1,1,-1
219,5,569,399,18,25,1,1,-1
220,5,570,403,18,25,1,1,-1
221,5,572,407,18,25,1,1,-1
222,5,572,411,18,25,1,1,-1
223,5,573,415,18,25,1,1,-1
224,5,574,419,17,25,1,1,-1
225,5,575,423,17,25,1,1,-1
226,5,576,427,17,25,1,1,-1
227,5,577,432,17,25,1,1,-1
228,5,578,436,17,25,1,1,-1
229,5,580,441,17,25,1,1,-1
230,5,580,445,18,25,1,1,-1
231,5,581,449,19,26,1,1,-1
232,5,582,453,20,27,1,1,-1
233,5,583,457,21,28,1,1,-1
234,5,584,461,21,29,1,1,-1
235,5,586,466,21,29,1,1,-1
236,5,587,471,21,29,1,1,-1
212,6,571,277,15,16,1,1,-1
213,6,571,278,15,17,1,1,-1
214,6,571,280,16,17,1,1,-1
215,6,572,282,15,17,1,1,-1
216,6,572,284,16,17,1,1,-1
217,6,573,286,15,17,1,1,-1
218,6,573,288,16,17,1,1,-1
219,6,574,290,15,17,1,1,-1
220,6,574,292,16,17,1,1,-1
221,6,575,294,16,18,1,1,-1
222,6,575,296,17,18,1,1,-1
223,6,576,299,17,18,1,1,-1
224,6,577,302,17,18,1,1,-1
225,6,578,305,17,18,1,1,-1
226,6,579,307,17,18,1,1,-1
227,6,580,309,17,18,1,1,-1
228,6,581,311,17,18,1,1,-1
229,6,582,314,17,18,1,1,-1
230,6,582,316,17,18,1,1,-1
231,6,583,319,16,17,1,1,-1
232,6,584,321,15,17,1,1,-1
233,6,585,324,15,16,1,1,-1
234,6,586,326,15,16,1,1,-1
235,6,587,329,15,16,1,1,-1
236,6,588,331,15,16,1,1,-1
237,6,589,334,15,16,1,1,-1
238,6,590,336,15,17,1,1,-1
239,6,591,339,16,17,1,1,-1
240,6,592,342,16,17,1,1,-1
241,6,593,345,17,17,1,1,-1
242,6,595,348,17,17,1,1,-1
243,6,595,350,17,17,1,1,-1
244,6,596,353,17,17,1,1,-1
245,6,597,356,17,17,1,1,-1
246,6,598,358,17,18,1,1,-1
247,6,599,360,17,20,1,1,-1
248,6,601,363,16,21,1,1,-1
249,6,602,366,16,21,1,1,-1
250,6,603,370,16,20,1,1,-1
251,6,604,373,16,21,1,1,-1
252,6,605,377,16,20,1,1,-1
253,6,606,381,17,20,1,1,-1
254,6,607,384,17,20,1,1,-1
255,6,608,387,17,20,1,1,-1
256,6,609,390,17,20,1,1,-1
257,6,610,393,17,20,1,1,-1
258,6,611,396,17,20,1,1,-1
259,6,612,400,17,20,1,1,-1
260,6,613,404,17,20,1,1,-1
261,6,615,408,17,20,1,1,-1
262,6,616,411,17,21,1,1,-1
263,6,617,415,17,21,1,1,-1
264,6,618,419,17,21,1,1,-1
265,6,620,423,16,22,1,1,-1
1,8,588,310,15,16,1,1,-1
2,8,587,309,15,16,1,1,-1
3,8,587,309,15,16,1,1,-1
4,8,586,309,16,16,1,1,-1
5,8,586,308,15,17,1,1,-1
6,8,585,308,16,16,1,1,-1
7,8,585,308,16,16,1,1,-1
8,8,584,307,16,17,1,1,-1
9,8,584,307,16,17,1,1,-1
10,8,584,307,16,16,1,1,-1
11,8,583,306,16,17,1,1,-1
12,8,583,306,16,17,1,1,-1
13,8,582,306,17,17,1,1,-1
14,8,582,305,16,17,1,1,-1
15,8,581,305,17,17,1,1,-1
16,8,581,305,17,17,1,1,-1
17,8,581,305,17,17,1,1,-1
18,8,580,304,17,17,1,1,-1
19,8,580,303,16,17,1,1,-1
20,8,580,303,16,17,1,1,-1
21,8,580,302,15,17,1,1,-1
22,8,580,302,15,16,1,1,-1
23,8,580,301,14,17,1,1,-1
24,8,580,301,14,16,1,1,-1
25,8,580,300,13,16,1,1,-1
26,8,580,300,13,16,1,1,-1
27,8,579,299,13,16,1,1,-1
28,8,579,298,13,16,1,1,-1
29,8,579,298,13,16,1,1,-1
30,8,579,297,13,16,1,1,-1
31,8,579,297,13,16,1,1,-1
32,8,578,296,13,16,1,1,-1
33,8,578,295,13,16,1,1,-1
34,8,578,295,13,16,1,1,-1
35,8,578,294,13,16,1,1,-1
36,8,578,294,13,16,1,1,-1
37,8,577,294,13,16,1,1,-1
38,8,577,294,13,16,1,1,-1
39,8,577,294,13,16,1,1,-1
40,8,576,294,13,16,1,1,-1
41,8,576,294,13,16,1,1,-1
1,9,610,348,22,27,1,1,-1
2,9,609,348,22,27,1,1,-1
3,9,609,348,22,27,1,1,-1
4,9,609,348,22,27,1,1,-1
5,9,609,348,22,27,1,1,-1
6,9,609,348,22,27,1,1,-1
7,9,609,348,22,27,1,1,-1
8,9,609,348,22,27,1,1,-1
9,9,609,349,22,27,1,1,-1
10,9,608,349,22,27,1,1,-1
11,9,608,349,22,27,1,1,-1
12,9,608,349,22,27,1,1,-1
13,9,608,349,22,27,1,1,-1
14,9,608,349,22,27,1,1,-1
15,9,608,349,22,27,1,1,-1
16,9,608,349,22,27,1,1,-1
17,9,608,350,22,27,1,1,-1
18,9,607,350,22,27,1,1,-1
19,9,607,350,22,27,1,1,-1
20,9,606,350,22,27,1,1,-1
21,9,606,350,22,27,1,1,-1
22,9,605,351,22,27,1,1,-1
23,9,605,351,22,27,1,1,-1
24,9,604,351,22,27,1,1,-1
25,9,604,351,22,27,1,1,-1
26,9,604,352,22,27,1,1,-1
27,9,603,352,22,27,1,1,-1
28,9,603,352,22,27,1,1,-1
29,9,603,352,22,27,1,1,-1
30,9,603,352,22,27,1,1,-1
31,9,603,352,22,27,1,1,-1
32,9,603,352,22,27,1,1,-1
33,9,603,352,22,27,1,1,-1
34,9,603,352,22,27,1,1,-1
35,9,603,352,22,27,1,1,-1
36,9,603,353,22,27,1,1,-1
37,9,602,353,22,27,1,1,-1
38,9,602,353,22,27,1,1,-1
39,9,602,353,22,27,1,1,-1
40,9,602,353,22,27,1,1,-1
41,9,601,353,22,27,1,1,-1
42,9,601,353,22,27,1,1,-1
43,9,601,353,22,27,1,1,-1
44,9,600,353,22,27,1,1,-1
45,9,600,353,22,27,1,1,-1
46,9,600,353,22,27,1,1,-1
47,9,599,353,22,27,1,1,-1
48,9,599,353,22,27,1,1,-1
49,9,599,353,22,27,1,1,-1
50,9,599,352,22,27,1,1,-1
51,9,599,352,22,27,1,1,-1
52,9,599,352,22,27,1,1,-1
53,9,599,351,22,27,1,1,-1
54,9,599,351,22,27,1,1,-1
55,9,599,351,22,27,1,1,-1
56,9,598,351,22,27,1,1,-1
57,9,597,351,22,27,1,1,-1
58,9,597,351,21,27,1,1,-1
59,9,596,351,21,27,1,1,-1
60,9,596,352,21,27,1,1,-1
61,9,595,352,21,27,1,1,-1
62,9,595,352,21,27,1,1,-1
63,9,595,352,21,27,1,1,-1
64,9,595,352,21,27,1,1,-1
65,9,595,352,21,27,1,1,-1
66,9,595,352,21,27,1,1,-1
67,9,595,352,21,27,1,1,-1
68,9,594,352,21,27,1,1,-1
69,9,594,352,21,27,1,1,-1
70,9,594,352,21,27,1,1,-1
71,9,594,352,21,27,1,1,-1
72,9,593,352,21,27,1,1,-1
73,9,593,352,21,27,1,1,-1
74,9,593,352,21,27,1,1,-1
75,9,593,352,21,27,1,1,-1
76,9,592,352,21,27,1,1,-1
77,9,592,352,21,27,1,1,-1
78,9,592,352,21,27,1,1,-1
79,9,592,352,21,27,1,1,-1
80,9,591,352,21,27,1,1,-1
81,9,591,352,21,27,1,1,-1
82,9,591,352,21,27,1,1,-1
83,9,591,353,21,27,1,1,-1
84,9,590,353,21,27,1,1,-1
85,9,590,353,21,27,1,1,-1
86,9,590,353,21,27,1,1,-1
87,9,590,353,21,27,1,1,-1
88,9,590,353,21,27,1,1,-1
89,9,590,353,21,27,1,1,-1
90,9,590,353,21,27,1,1,-1
91,9,590,353,21,27,1,1,-1
92,9,590,353,21,27,1,1,-1
93,9,590,353,21,27,1,1,-1
94,9,590,353,21,27,1,1,-1
95,9,590,353,21,27,1,1,-1
96,9,590,354,21,27,1,1,-1
97,9,590,354,21,27,1,1,-1
98,9,590,355,21,27,1,1,-1
99,9,590,355,21,27,1,1,-1
100,9,590,355,21,27,1,1,-1
101,9,590,355,21,27,1,1,-1
102,9,590,355,21,27,1,1,-1
103,9,590,355,21,27,1,1,-1
104,9,590,355,21,27,1,1,-1
105,9,590,356,21,27,1,1,-1
106,9,590,356,21,27,1,1,-1
107,9,590,356,21,27,1,1,-1
108,9,590,356,21,27,1,1,-1
109,9,590,356,21,27,1,1,-1
110,9,590,356,21,27,1,1,-1
111,9,590,357,21,27,1,1,-1
112,9,590,357,21,27,1,1,-1
113,9,590,357,21,27,1,1,-1
114,9,590,357,21,27,1,1,-1
115,9,590,357,21,27,1,1,-1
116,9,590,357,21,27,1,1,-1
117,9,590,358,21,27,1,1,-1
118,9,590,358,21,27,1,1,-1
119,9,590,358,21,27,1,1,-1
120,9,590,358,21,27,1,1,-1
121,9,590,359,21,27,1,1,-1
122,9,590,359,21,27,1,1,-1
123,9,590,359,21,27,1,1,-1
124,9,590,359,21,27,1,1,-1
125,9,590,360,21,27,1,1,-1
126,9,590,360,21,27,1,1,-1
127,9,590,360,21,27,1,1,-1
128,9,591,360,21,27,1,1,-1
129,9,591,360,21,27,1,1,-1
130,9,592,361,21,27,1,1,-1
131,9,592,361,21,27,1,1,-1
132,9,593,361,21,27,1,1,-1
133,9,593,361,21,27,1,1,-1
134,9,594,361,21,27,1,1,-1
135,9,595,361,21,27,1,1,-1
136,9,595,361,21,27,1,1,-1
137,9,595,361,21,27,1,1,-1
138,9,595,361,21,27,1,1,-1
139,9,595,362,21,27,1,1,-1
140,9,596,362,21,27,1,1,-1
141,9,596,362,21,27,1,1,-1
142,9,596,363,21,27,1,1,-1
143,9,596,363,21,27,1,1,-1
144,9,596,363,21,27,1,1,-1
145,9,597,364,21,27,1,1,-1
146,9,597,364,21,27,1,1,-1
147,9,597,364,21,27,1,1,-1
148,9,598,364,21,27,1,1,-1
149,9,598,364,21,27,1,1,-1
150,9,598,364,21,27,1,1,-1
151,9,599,364,21,27,1,1,-1
152,9,599,364,21,27,1,1,-1
153,9,599,364,21,27,1,1,-1
154,9,599,364,21,27,1,1,-1
155,9,599,364,21,27,1,1,-1
156,9,599,365,21,27,1,1,-1
157,9,599,365,21,27,1,1,-1
158,9,600,366,21,27,1,1,-1
159,9,600,367,21,27,1,1,-1
160,9,601,367,21,27,1,1,-1
161,9,601,368,21,27,1,1,-1
162,9,602,369,21,27,1,1,-1
163,9,602,369,21,27,1,1,-1
164,9,602,370,21,27,1,1,-1
165,9,602,370,21,27,1,1,-1
166,9,602,371,21,27,1,1,-1
167,9,603,372,21,27,1,1,-1
168,9,604,372,21,27,1,1,-1
169,9,605,372,21,28,1,1,-1
170,9,606,372,21,29,1,1,-1
171,9,608,373,20,29,1,1,-1
172,9,608,373,20,29,1,1,-1
173,9,609,373,20,29,1,1,-1
174,9,610,373,20,29,1,1,-1
175,9,611,373,20,29,1,1,-1
176,9,611,373,20,29,1,1,-1
177,9,611,373,20,30,1,1,-1
178,9,612,373,20,30,1,1,-1
179,9,612,373,20,31,1,1,-1
180,9,613,373,20,32,1,1,-1
181,9,613,373,20,32,1,1,-1
182,9,613,374,21,32,1,1,-1
183,9,614,375,21,32,1,1,-1
184,9,614,376,21,32,1,1,-1
185,9,615,377,21,32,1,1,-1
186,9,616,378,21,32,1,1,-1
187,9,617,379,21,32,1,1,-1
188,9,618,379,21,32,1,1,-1
189,9,619,379,21,32,1,1,-1
190,9,620,379,21,32,1,1,-1
191,9,621,379,21,33,1,1,-1
192,9,621,379,21,33,1,1,-1
193,9,621,379,21,33,1,1,-1
194,9,622,379,21,33,1,1,-1
195,9,622,379,21,33,1,1,-1
196,9,623,379,21,33,1,1,-1
197,9,624,379,21,33,1,1,-1
198,9,625,379,21,33,1,1,-1
199,9,626,379,21,33,1,1,-1
200,9,627,380,21,33,1,1,-1
201,9,627,380,21,33,1,1,-1
202,9,628,380,21,33,1,1,-1
203,9,628,380,21,33,1,1,-1
204,9,629,380,21,33,1,1,-1
205,9,629,380,21,33,1,1,-1
206,9,630,380,21,33,1,1,-1
207,9,631,381,21,33,1,1,-1
208,9,631,382,22,33,1,1,-1
209,9,632,383,22,33,1,1,-1
210,9,633,384,23,33,1,1,-1
211,9,634,384,23,33,1,1,-1
212,9,635,384,23,33,1,1,-1
213,9,636,384,23,33,1,1,-1
214,9,637,384,23,33,1,1,-1
215,9,637,384,23,33,1,1,-1
216,9,638,384,23,33,1,1,-1
217,9,639,384,23,33,1,1,-1
218,9,640,384,23,33,1,1,-1
219,9,640,384,23,33,1,1,-1
220,9,640,385,23,33,1,1,-1
221,9,640,386,23,33,1,1,-1
222,9,641,386,23,33,1,1,-1
223,9,642,386,23,33,1,1,-1
224,9,643,386,23,33,1,1,-1
225,9,644,386,23,33,1,1,-1
226,9,644,386,23,33,1,1,-1
227,9,645,386,23,33,1,1,-1
228,9,646,386,23,33,1,1,-1
229,9,647,386,23,33,1,1,-1
230,9,647,386,23,33,1,1,-1
231,9,648,386,23,33,1,1,-1
232,9,649,386,23,33,1,1,-1
233,9,650,387,23,33,1,1,-1
234,9,650,387,23,33,1,1,-1
235,9,651,387,23,33,1,1,-1
236,9,652,387,23,33,1,1,-1
237,9,652,387,23,33,1,1,-1
238,9,653,387,23,33,1,1,-1
239,9,654,387,23,33,1,1,-1
240,9,654,387,23,33,1,1,-1
241,9,655,387,23,33,1,1,-1
242,9,656,387,23,33,1,1,-1
243,9,656,387,23,33,1,1,-1
244,9,656,387,23,33,1,1,-1
245,9,657,387,23,33,1,1,-1
246,9,658,387,23,33,1,1,-1
247,9,659,387,23,33,1,1,-1
248,9,660,387,23,33,1,1,-1
249,9,660,387,23,32,1,1,-1
250,9,661,387,23,32,1,1,-1
251,9,661,387,24,31,1,1,-1
252,9,662,387,24,31,1,1,-1
253,9,663,388,24,30,1,1,-1
254,9,663,387,24,30,1,1,-1
255,9,664,387,24,30,1,1,-1
256,9,665,387,24,30,1,1,-1
257,9,666,387,24,30,1,1,-1
258,9,667,387,24,30,1,1,-1
259,9,667,387,24,30,1,1,-1
260,9,668,387,24,30,1,1,-1
261,9,669,388,24,30,1,1,-1
262,9,669,388,24,30,1,1,-1
263,9,670,388,24,30,1,1,-1
264,9,670,388,24,30,1,1,-1
265,9,671,388,24,30,1,1,-1
18,11,541,276,14,16,1,1,-1
19,11,540,277,14,16,1,1,-1
20,11,540,278,14,17,1,1,-1
21,11,539,280,15,17,1,1,-1
22,11,539,281,14,17,1,1,-1
23,11,538,283,15,17,1,1,-1
24,11,538,284,15,18,1,1,-1
25,11,537,286,15,17,1,1,-1
26,11,537,287,15,18,1,1,-1
27,11,537,289,15,18,1,1,-1
28,11,536,290,15,18,1,1,-1
29,11,536,292,15,18,1,1,-1
30,11,536,294,15,18,1,1,-1
31,11,536,296,15,18,1,1,-1
32,11,536,298,15,18,1,1,-1
33,11,536,300,15,18,1,1,-1
34,11,536,302,15,18,1,1,-1
35,11,536,304,15,18,1,1,-1
36,11,536,306,15,18,1,1,-1
37,11,536,308,15,18,1,1,-1
38,11,536,310,15,18,1,1,-1
39,11,536,312,15,18,1,1,-1
40,11,536,315,15,18,1,1,-1
41,11,535,317,15,18,1,1,-1
42,11,535,320,15,17,1,1,-1
43,11,535,322,15,17,1,1,-1
44,11,535,325,15,17,1,1,-1
45,11,534,326,15,18,1,1,-1
46,11,534,328,14,18,1,1,-1
47,11,533,329,15,20,1,1,-1
48,11,533,331,14,20,1,1,-1
49,11,533,333,14,21,1,1,-1
50,11,532,335,14,21,1,1,-1
51,11,532,337,14,21,1,1,-1
52,11,532,340,14,21,1,1,-1
53,11,532,342,14,21,1,1,-1
54,11,532,344,14,21,1,1,-1
55,11,532,347,14,21,1,1,-1
56,11,531,350,14,21,1,1,-1
57,11,531,353,14,21,1,1,-1
58,11,531,356,14,21,1,1,-1
59,11,531,359,14,21,1,1,-1
60,11,531,363,14,21,1,1,-1
61,11,530,365,14,21,1,1,-1
62,11,530,368,14,21,1,1,-1
63,11,530,371,13,21,1,1,-1
64,11,529,373,14,21,1,1,-1
65,11,529,376,13,21,1,1,-1
66,11,529,379,13,21,1,1,-1
67,11,529,382,13,21,1,1,-1
68,11,528,385,14,21,1,1,-1
69,11,527,389,15,21,1,1,-1
70,11,527,392,15,21,1,1,-1
71,11,526,396,16,21,1,1,-1
72,11,526,400,17,21,1,1,-1
73,11,525,403,17,22,1,1,-1
74,11,525,407,17,22,1,1,-1
75,11,525,411,17,22,1,1,-1
76,11,524,414,17,24,1,1,-1
77,11,524,418,17,24,1,1,-1
78,11,524,422,17,24,1,1,-1
79,11,524,426,17,25,1,1,-1
80,11,524,430,17,25,1,1,-1
81,11,524,434,17,25,1,1,-1
82,11,524,438,17,25,1,1,-1
83,11,524,442,17,25,1,1,-1
84,11,523,446,17,25,1,1,-1
85,11,522,451,18,25,1,1,-1
86,11,521,455,19,25,1,1,-1
17,12,556,274,11,18,1,1,-1
18,12,555,275,11,18,1,1,-1
19,12,555,277,11,18,1,1,-1
20,12,555,279,11,18,1,1,-1
21,12,554,280,12,19,1,1,-1
22,12,554,282,12,19,1,1,-1
23,12,554,284,12,18,1,1,-1
24,12,553,285,13,19,1,1,-1
25,12,553,287,13,19,1,1,-1
26,12,553,289,13,19,1,1,-1
27,12,553,291,13,19,1,1,-1
28,12,553,293,13,19,1,1,-1
29,12,553,295,13,19,1,1,-1
30,12,553,297,13,19,1,1,-1
31,12,553,299,13,19,1,1,-1
32,12,553,301,13,19,1,1,-1
33,12,553,303,13,19,1,1,-1
34,12,553,305,13,19,1,1,-1
35,12,553,307,13,19,1,1,-1
36,12,553,309,13,19,1,1,-1
37,12,552,311,14,19,1,1,-1
38,12,552,313,14,19,1,1,-1
39,12,552,315,14,19,1,1,-1
40,12,552,317,14,20,1,1,-1
41,12,551,319,14,20,1,1,-1
42,12,551,322,14,20,1,1,-1
43,12,551,324,13,20,1,1,-1
44,12,551,327,13,20,1,1,-1
45,12,550,329,14,20,1,1,-1
46,12,550,331,14,21,1,1,-1
47,12,550,334,14,20,1,1,-1
48,12,550,336,14,21,1,1,-1
49,12,550,339,15,21,1,1,-1
50,12,550,341,15,21,1,1,-1
51,12,550,343,15,21,1,1,-1
52,12,550,346,15,21,1,1,-1
53,12,550,348,15,21,1,1,-1
54,12,550,350,15,21,1,1,-1
55,12,550,353,15,21,1,1,-1
56,12,550,356,15,21,1,1,-1
57,12,550,359,15,21,1,1,-1
58,12,550,363,15,21,1,1,-1
59,12,550,366,15,21,1,1,-1
60,12,550,370,15,21,1,1,-1
61,12,549,372,16,22,1,1,-1
62,12,549,375,16,22,1,1,-1
63,12,548,378,17,22,1,1,-1
64,12,548,381,17,22,1,1,-1
65,12,547,384,18,22,1,1,-1
66,12,547,387,18,22,1,1,-1
67,12,547,390,18,23,1,1,-1
68,12,547,394,18,23,1,1,-1
69,12,547,398,18,23,1,1,-1
70,12,547,402,18,23,1,1,-1
71,12,547,406,18,23,1,1,-1
72,12,548,410,17,23,1,1,-1
73,12,548,414,16,23,1,1,-1
74,12,548,418,16,24,1,1,-1
75,12,548,422,16,24,1,1,-1
76,12,548,426,16,25,1,1,-1
77,12,548,430,16,25,1,1,-1
78,12,548,434,16,26,1,1,-1
79,12,548,438,16,27,1,1,-1
80,12,547,442,17,28,1,1,-1
81,12,547,447,17,28,1,1,-1
82,12,546,451,18,29,1,1,-1
83,12,546,456,19,29,1,1,-1
84,12,545,461,20,29,1,1,-1
85,12,544,466,21,30,1,1,-1
86,12,543,471,22,31,1,1,-1
