601,1,289,65,252,166,1,-1,-1
602,1,294,65,242,163,1,-1,-1
603,1,299,65,232,161,1,-1,-1
604,1,304,65,222,159,1,-1,-1
605,1,309,66,213,155,1,-1,-1
606,1,314,66,203,153,1,-1,-1
607,1,319,66,193,151,1,-1,-1
608,1,324,67,184,147,1,-1,-1
609,1,329,67,174,145,1,-1,-1
610,1,334,67,164,143,1,-1,-1
611,1,339,68,155,140,1,-1,-1
612,1,337,68,155,140,1,-1,-1
613,1,335,68,156,141,1,-1,-1
614,1,333,68,157,142,1,-1,-1
615,1,331,68,158,142,1,-1,-1
616,1,329,68,159,143,1,-1,-1
617,1,327,68,159,144,1,-1,-1
618,1,325,68,160,144,1,-1,-1
619,1,323,68,161,145,1,-1,-1
620,1,321,68,162,146,1,-1,-1
621,1,319,68,163,147,1,-1,-1
622,1,317,68,160,147,1,-1,-1
623,1,315,68,158,147,1,-1,-1
624,1,313,68,156,148,1,-1,-1
625,1,311,69,154,147,1,-1,-1
626,1,309,69,152,148,1,-1,-1
627,1,307,69,149,148,1,-1,-1
628,1,305,70,147,147,1,-1,-1
629,1,303,70,145,148,1,-1,-1
630,1,301,70,143,148,1,-1,-1
631,1,299,71,141,148,1,-1,-1
632,1,297,71,143,147,1,-1,-1
633,1,295,72,145,146,1,-1,-1
634,1,293,72,147,146,1,-1,-1
635,1,291,73,149,145,1,-1,-1
636,1,289,74,152,144,1,-1,-1
637,1,287,74,154,144,1,-1,-1
638,1,285,75,156,143,1,-1,-1
639,1,283,75,158,143,1,-1,-1
640,1,281,76,160,142,1,-1,-1
641,1,279,77,163,141,1,-1,-1
642,1,277,77,135,132,1,-1,-1
643,1,275,78,107,122,1,-1,-1
644,1,273,79,79,112,1,-1,-1
645,1,272,80,51,103,1,-1,-1
646,1,269,79,51,103,1,-1,-1
647,1,267,79,51,103,1,-1,-1
648,1,265,79,51,103,1,-1,-1
649,1,262,79,86,116,1,-1,-1
650,1,259,80,122,128,1,-1,-1
651,1,257,81,157,140,1,-1,-1
652,1,254,81,142,135,1,-1,-1
653,1,251,82,127,129,1,-1,-1
654,1,249,83,111,124,1,-1,-1
655,1,246,83,97,119,1,-1,-1
656,1,244,84,81,114,1,-1,-1
657,1,241,85,66,108,1,-1,-1
658,1,239,86,51,103,1,-1,-1
659,1,237,86,85,112,1,-1,-1
660,1,235,87,119,121,1,-1,-1
661,1,234,88,153,130,1,-1,-1
662,1,232,86,150,132,1,-1,-1
663,1,231,85,147,134,1,-1,-1
664,1,229,83,145,136,1,-1,-1
665,1,228,82,141,138,1,-1,-1
666,1,226,80,139,141,1,-1,-1
667,1,225,79,136,142,1,-1,-1
668,1,223,77,133,145,1,-1,-1
669,1,222,76,130,146,1,-1,-1
670,1,220,74,128,149,1,-1,-1
671,1,219,73,125,151,1,-1,-1
672,1,217,73,126,151,1,-1,-1
673,1,216,73,126,151,1,-1,-1
674,1,214,73,127,151,1,-1,-1
675,1,213,73,127,151,1,-1,-1
676,1,212,74,127,150,1,-1,-1
677,1,210,74,128,150,1,-1,-1
678,1,209,74,128,150,1,-1,-1
679,1,207,74,129,150,1,-1,-1
680,1,206,74,129,150,1,-1,-1
681,1,205,75,129,149,1,-1,-1
682,1,203,75,115,146,1,-1,-1
683,1,202,75,100,143,1,-1,-1
684,1,200,75,86,140,1,-1,-1
685,1,199,75,71,137,1,-1,-1
686,1,198,76,57,133,1,-1,-1
687,1,196,76,78,135,1,-1,-1
688,1,195,76,98,137,1,-1,-1
689,1,194,76,118,139,1,-1,-1
690,1,193,76,138,141,1,-1,-1
691,1,192,76,158,143,1,-1,-1
692,1,190,76,141,138,1,-1,-1
693,1,189,76,124,133,1,-1,-1
694,1,188,76,107,128,1,-1,-1
695,1,187,76,90,123,1,-1,-1
696,1,186,76,73,118,1,-1,-1
697,1,185,77,56,113,1,-1,-1
698,1,182,77,78,115,1,-1,-1
699,1,180,77,99,118,1,-1,-1
700,1,177,77,121,121,1,-1,-1
701,1,175,77,143,124,1,-1,-1
702,1,172,77,129,122,1,-1,-1
703,1,170,77,114,120,1,-1,-1
704,1,168,77,99,119,1,-1,-1
705,1,165,77,85,117,1,-1,-1
706,1,163,77,70,115,1,-1,-1
707,1,161,78,56,113,1,-1,-1
708,1,158,76,74,122,1,-1,-1
709,1,156,75,91,130,1,-1,-1
710,1,153,74,109,138,1,-1,-1
711,1,151,73,126,147,1,-1,-1
712,1,148,72,114,141,1,-1,-1
713,1,146,71,102,135,1,-1,-1
714,1,143,70,91,130,1,-1,-1
715,1,141,69,79,124,1,-1,-1
716,1,138,68,68,118,1,-1,-1
717,1,136,67,56,113,1,-1,-1
718,1,133,66,57,113,1,-1,-1
719,1,130,66,58,112,1,-1,-1
720,1,127,65,59,112,1,-1,-1
721,1,124,65,61,112,1,-1,-1
722,1,120,63,61,112,1,-1,-1
723,1,117,61,61,112,1,-1,-1
724,1,114,59,60,112,1,-1,-1
725,1,111,57,60,112,1,-1,-1
726,1,107,55,60,112,1,-1,-1
727,1,104,53,60,112,1,-1,-1
728,1,101,51,59,112,1,-1,-1
729,1,98,49,59,112,1,-1,-1
730,1,94,47,59,112,1,-1,-1
731,1,91,45,59,112,1,-1,-1
732,1,88,43,59,112,1,-1,-1
733,1,85,41,58,112,1,-1,-1
734,1,82,39,58,112,1,-1,-1
735,1,78,37,58,112,1,-1,-1
736,1,75,35,58,112,1,-1,-1
737,1,72,33,57,112,1,-1,-1
738,1,69,31,57,112,1,-1,-1
739,1,65,29,57,112,1,-1,-1
740,1,62,27,57,112,1,-1,-1
741,1,59,25,56,112,1,-1,-1
742,1,56,23,56,112,1,-1,-1
743,1,53,21,56,113,1,-1,-1
744,1,48,21,56,113,1,-1,-1
745,1,43,22,56,113,1,-1,-1
746,1,38,22,56,113,1,-1,-1
747,1,33,23,56,113,1,-1,-1
748,1,29,23,56,113,1,-1,-1
749,1,24,24,56,113,1,-1,-1
750,1,19,24,56,113,1,-1,-1
751,1,14,25,56,113,1,-1,-1
752,1,9,25,56,113,1,-1,-1
753,1,5,26,56,113,1,-1,-1
754,1,3,20,55,113,1,-1,-1
755,1,2,14,54,113,1,-1,-1
756,1,1,8,53,113,1,-1,-1
757,1,1,7,48,113,1,-1,-1
758,1,1,7,44,113,1,-1,-1
759,1,1,7,39,112,1,-1,-1
760,1,1,7,35,112,1,-1,-1
601,8,22,254,189,150,1,-1,-1
602,8,20,254,184,150,1,-1,-1
603,8,19,255,179,149,1,-1,-1
604,8,18,255,174,150,1,-1,-1
605,8,17,256,168,149,1,-1,-1
606,8,16,256,163,150,1,-1,-1
607,8,15,257,158,149,1,-1,-1
608,8,14,257,152,150,1,-1,-1
609,8,13,258,147,149,1,-1,-1
610,8,12,258,142,150,1,-1,-1
611,8,11,259,137,149,1,-1,-1
612,8,9,259,132,149,1,-1,-1
613,8,8,260,127,149,1,-1,-1
614,8,7,260,122,149,1,-1,-1
615,8,6,261,116,149,1,-1,-1
616,8,5,261,111,149,1,-1,-1
617,8,4,262,106,149,1,-1,-1
618,8,3,262,100,149,1,-1,-1
619,8,2,263,95,149,1,-1,-1
620,8,1,263,90,149,1,-1,-1
621,8,0,264,85,149,1,-1,-1
622,8,0,264,85,149,1,-1,-1
623,8,0,264,85,149,1,-1,-1
624,8,0,264,85,149,1,-1,-1
625,8,0,264,85,149,1,-1,-1
626,8,0,264,85,149,1,-1,-1
627,8,0,264,85,149,1,-1,-1
701,9,245,202,31,19,1,-1,-1
702,9,242,202,31,19,1,-1,-1
703,9,239,202,31,19,1,-1,-1
704,9,236,202,31,19,1,-1,-1
705,9,233,202,31,19,1,-1,-1
706,9,230,202,31,19,1,-1,-1
707,9,227,202,31,19,1,-1,-1
708,9,225,202,31,19,1,-1,-1
709,9,222,202,31,19,1,-1,-1
710,9,219,202,31,19,1,-1,-1
711,9,216,203,31,19,1,-1,-1
712,9,213,203,31,19,1,-1,-1
713,9,210,203,31,19,1,-1,-1
714,9,207,203,31,19,1,-1,-1
715,9,205,203,31,19,1,-1,-1
716,9,202,203,31,19,1,-1,-1
717,9,199,203,31,19,1,-1,-1
718,9,196,203,31,19,1,-1,-1
719,9,193,203,31,19,1,-1,-1
720,9,190,203,31,19,1,-1,-1
721,9,188,204,31,19,1,-1,-1
722,9,185,203,31,19,1,-1,-1
723,9,182,202,31,19,1,-1,-1
724,9,179,201,31,19,1,-1,-1
725,9,176,200,31,19,1,-1,-1
726,9,173,199,31,19,1,-1,-1
727,9,170,198,31,19,1,-1,-1
728,9,167,197,31,19,1,-1,-1
729,9,164,196,31,19,1,-1,-1
730,9,161,195,31,19,1,-1,-1
731,9,158,195,31,19,1,-1,-1
732,9,154,192,31,19,1,-1,-1
733,9,151,190,31,19,1,-1,-1
734,9,147,188,31,19,1,-1,-1
735,9,144,186,31,19,1,-1,-1
736,9,140,184,31,19,1,-1,-1
737,9,137,182,31,19,1,-1,-1
738,9,133,180,31,19,1,-1,-1
739,9,130,178,31,19,1,-1,-1
740,9,126,176,31,19,1,-1,-1
741,9,123,174,31,19,1,-1,-1
742,9,119,171,31,19,1,-1,-1
743,9,115,169,31,19,1,-1,-1
744,9,111,166,31,19,1,-1,-1
745,9,107,164,31,19,1,-1,-1
746,9,103,161,31,19,1,-1,-1
747,9,99,159,31,19,1,-1,-1
748,9,95,156,31,19,1,-1,-1
749,9,91,154,31,19,1,-1,-1
750,9,87,151,31,19,1,-1,-1
751,9,84,149,31,19,1,-1,-1
752,9,78,146,31,19,1,-1,-1
753,9,73,144,31,19,1,-1,-1
754,9,67,142,31,19,1,-1,-1
755,9,62,140,31,19,1,-1,-1
756,9,57,138,31,19,1,-1,-1
757,9,51,135,31,19,1,-1,-1
758,9,46,133,31,19,1,-1,-1
759,9,40,131,31,19,1,-1,-1
760,9,35,129,31,19,1,-1,-1
1,17,480,19,42,93,1,-1,-1
2,17,479,19,42,93,1,-1,-1
3,17,479,19,42,93,1,-1,-1
4,17,479,19,42,93,1,-1,-1
5,17,479,19,42,93,1,-1,-1
6,17,479,19,41,93,1,-1,-1
7,17,479,19,41,93,1,-1,-1
8,17,478,19,42,93,1,-1,-1
9,17,478,19,42,93,1,-1,-1
10,17,478,19,41,93,1,-1,-1
11,17,478,19,41,93,1,-1,-1
12,17,478,19,41,93,1,-1,-1
13,17,478,19,41,93,1,-1,-1
14,17,478,19,41,93,1,-1,-1
15,17,477,20,41,93,1,-1,-1
16,17,477,21,41,93,1,-1,-1
17,17,476,22,42,93,1,-1,-1
18,17,476,23,42,93,1,-1,-1
19,17,476,24,42,93,1,-1,-1
20,17,475,25,43,93,1,-1,-1
21,17,475,26,43,93,1,-1,-1
22,17,474,27,44,93,1,-1,-1
23,17,474,28,44,93,1,-1,-1
24,17,474,29,44,93,1,-1,-1
25,17,473,30,45,93,1,-1,-1
26,17,473,31,45,93,1,-1,-1
27,17,473,32,45,93,1,-1,-1
28,17,473,31,45,94,1,-1,-1
29,17,473,31,46,94,1,-1,-1
30,17,473,31,46,95,1,-1,-1
31,17,474,31,46,95,1,-1,-1
32,17,474,31,47,96,1,-1,-1
33,17,474,31,47,96,1,-1,-1
34,17,475,30,47,98,1,-1,-1
35,17,475,30,47,98,1,-1,-1
36,17,475,30,48,99,1,-1,-1
37,17,476,30,48,99,1,-1,-1
38,17,476,30,48,100,1,-1,-1
39,17,476,30,49,100,1,-1,-1
40,17,477,30,49,101,1,-1,-1
41,17,478,30,49,101,1,-1,-1
42,17,479,30,49,102,1,-1,-1
43,17,480,30,49,102,1,-1,-1
44,17,481,30,49,103,1,-1,-1
45,17,482,31,49,103,1,-1,-1
46,17,483,31,49,103,1,-1,-1
47,17,484,31,49,104,1,-1,-1
48,17,485,31,49,104,1,-1,-1
49,17,486,31,49,105,1,-1,-1
50,17,488,32,48,105,1,-1,-1
51,17,488,32,48,105,1,-1,-1
52,17,488,32,48,106,1,-1,-1
53,17,488,32,48,107,1,-1,-1
54,17,488,33,49,107,1,-1,-1
55,17,489,33,48,107,1,-1,-1
56,17,489,33,48,108,1,-1,-1
57,17,489,34,49,108,1,-1,-1
58,17,489,34,49,109,1,-1,-1
59,17,490,34,48,109,1,-1,-1
60,17,490,35,49,109,1,-1,-1
61,17,490,35,49,110,1,-1,-1
62,17,490,35,49,111,1,-1,-1
63,17,491,36,49,111,1,-1,-1
64,17,491,35,49,112,1,-1,-1
65,17,491,35,50,113,1,-1,-1
66,17,491,35,51,114,1,-1,-1
67,17,491,35,51,115,1,-1,-1
68,17,491,35,52,116,1,-1,-1
69,17,491,35,53,117,1,-1,-1
70,17,491,34,53,118,1,-1,-1
71,17,491,34,54,119,1,-1,-1
72,17,491,34,55,120,1,-1,-1
73,17,492,34,55,121,1,-1,-1
74,17,492,34,55,122,1,-1,-1
75,17,492,34,56,123,1,-1,-1
76,17,492,34,57,124,1,-1,-1
77,17,492,33,57,125,1,-1,-1
78,17,492,33,58,126,1,-1,-1
79,17,492,33,59,127,1,-1,-1
80,17,492,33,59,128,1,-1,-1
81,17,492,33,60,129,1,-1,-1
82,17,492,33,61,130,1,-1,-1
83,17,493,33,61,131,1,-1,-1
84,17,493,33,60,132,1,-1,-1
85,17,493,33,60,133,1,-1,-1
86,17,493,33,60,134,1,-1,-1
87,17,493,34,60,135,1,-1,-1
88,17,493,34,60,136,1,-1,-1
89,17,493,34,60,137,1,-1,-1
90,17,493,35,60,138,1,-1,-1
91,17,493,35,60,139,1,-1,-1
92,17,493,35,60,140,1,-1,-1
93,17,493,36,60,141,1,-1,-1
94,17,492,36,60,141,1,-1,-1
95,17,491,36,60,141,1,-1,-1
96,17,490,37,60,141,1,-1,-1
97,17,489,37,60,141,1,-1,-1
98,17,489,38,60,141,1,-1,-1
99,17,487,39,60,141,1,-1,-1
100,17,485,40,60,141,1,-1,-1
101,17,483,41,60,141,1,-1,-1
102,17,482,38,60,141,1,-1,-1
103,17,482,35,60,141,1,-1,-1
104,17,482,32,60,141,1,-1,-1
105,17,481,30,60,141,1,-1,-1
106,17,481,27,60,141,1,-1,-1
107,17,481,24,60,141,1,-1,-1
108,17,480,21,60,141,1,-1,-1
109,17,480,19,60,141,1,-1,-1
110,17,480,16,60,141,1,-1,-1
111,17,479,13,60,141,1,-1,-1
112,17,479,10,60,141,1,-1,-1
113,17,479,8,60,141,1,-1,-1
114,17,476,8,60,141,1,-1,-1
115,17,474,9,60,141,1,-1,-1
116,17,472,10,60,141,1,-1,-1
117,17,469,11,60,141,1,-1,-1
118,17,467,12,60,141,1,-1,-1
119,17,465,13,60,141,1,-1,-1
120,17,463,14,60,141,1,-1,-1
121,17,462,14,60,141,1,-1,-1
122,17,462,15,60,141,1,-1,-1
123,17,461,15,61,141,1,-1,-1
124,17,461,16,60,141,1,-1,-1
125,17,460,16,61,141,1,-1,-1
126,17,460,17,61,141,1,-1,-1
127,17,460,18,61,141,1,-1,-1
128,17,460,19,61,141,1,-1,-1
129,17,460,20,61,141,1,-1,-1
130,17,460,21,61,141,1,-1,-1
131,17,460,22,61,141,1,-1,-1
132,17,460,23,61,141,1,-1,-1
133,17,460,24,61,141,1,-1,-1
134,17,460,25,61,141,1,-1,-1
135,17,460,26,61,141,1,-1,-1
136,17,460,27,61,141,1,-1,-1
137,17,460,28,61,141,1,-1,-1
138,17,460,29,61,141,1,-1,-1
139,17,459,29,61,141,1,-1,-1
140,17,458,29,61,141,1,-1,-1
141,17,458,30,61,141,1,-1,-1
142,17,457,30,61,141,1,-1,-1
143,17,457,31,61,141,1,-1,-1
144,17,456,31,61,141,1,-1,-1
145,17,455,31,61,141,1,-1,-1
146,17,455,32,61,141,1,-1,-1
147,17,454,32,61,141,1,-1,-1
148,17,454,33,61,141,1,-1,-1
149,17,453,33,61,141,1,-1,-1
150,17,453,34,61,141,1,-1,-1
151,17,453,33,61,141,1,-1,-1
152,17,453,32,61,141,1,-1,-1
153,17,453,31,61,141,1,-1,-1
154,17,453,30,61,141,1,-1,-1
155,17,453,29,61,141,1,-1,-1
156,17,453,28,61,141,1,-1,-1
157,17,453,27,61,141,1,-1,-1
158,17,453,26,61,141,1,-1,-1
159,17,453,25,61,141,1,-1,-1
160,17,453,24,61,141,1,-1,-1
161,17,453,23,61,141,1,-1,-1
162,17,453,22,61,141,1,-1,-1
163,17,454,21,61,141,1,-1,-1
164,17,453,21,61,141,1,-1,-1
165,17,453,21,61,141,1,-1,-1
166,17,452,21,61,141,1,-1,-1
167,17,452,22,61,141,1,-1,-1
168,17,451,22,61,141,1,-1,-1
169,17,451,22,61,141,1,-1,-1
170,17,450,22,61,141,1,-1,-1
171,17,450,23,61,141,1,-1,-1
172,17,449,22,61,141,1,-1,-1
173,17,449,21,61,141,1,-1,-1
174,17,449,20,61,141,1,-1,-1
175,17,449,19,61,141,1,-1,-1
176,17,448,18,61,141,1,-1,-1
177,17,448,17,61,141,1,-1,-1
178,17,448,16,61,141,1,-1,-1
179,17,448,15,61,141,1,-1,-1
180,17,447,14,61,141,1,-1,-1
181,17,447,13,61,141,1,-1,-1
182,17,447,12,61,141,1,-1,-1
183,17,447,12,61,141,1,-1,-1
184,17,446,12,61,141,1,-1,-1
185,17,446,12,61,141,1,-1,-1
186,17,446,12,61,141,1,-1,-1
187,17,446,12,61,141,1,-1,-1
188,17,445,12,61,141,1,-1,-1
189,17,445,13,61,141,1,-1,-1
190,17,445,13,61,141,1,-1,-1
191,17,445,13,61,141,1,-1,-1
192,17,444,13,61,141,1,-1,-1
193,17,444,13,61,141,1,-1,-1
194,17,444,13,61,141,1,-1,-1
195,17,444,14,61,141,1,-1,-1
196,17,444,14,61,141,1,-1,-1
197,17,444,14,61,141,1,-1,-1
198,17,444,15,61,141,1,-1,-1
199,17,444,15,61,141,1,-1,-1
200,17,444,15,61,141,1,-1,-1
201,17,444,16,61,141,1,-1,-1
202,17,445,16,61,141,1,-1,-1
203,17,445,17,61,141,1,-1,-1
204,17,445,17,61,141,1,-1,-1
205,17,445,17,61,141,1,-1,-1
206,17,445,18,61,141,1,-1,-1
207,17,445,18,61,141,1,-1,-1
208,17,446,19,61,141,1,-1,-1
209,17,445,19,61,141,1,-1,-1
210,17,445,20,61,141,1,-1,-1
211,17,445,20,61,141,1,-1,-1
212,17,445,21,61,141,1,-1,-1
213,17,444,22,61,141,1,-1,-1
214,17,444,22,61,141,1,-1,-1
215,17,444,23,61,141,1,-1,-1
216,17,444,23,61,141,1,-1,-1
217,17,443,24,61,141,1,-1,-1
218,17,443,25,61,141,1,-1,-1
219,17,443,25,61,141,1,-1,-1
220,17,443,26,61,141,1,-1,-1
221,17,443,27,61,141,1,-1,-1
222,17,442,27,61,141,1,-1,-1
223,17,442,28,61,141,1,-1,-1
224,17,442,29,61,141,1,-1,-1
225,17,442,29,61,141,1,-1,-1
226,17,441,30,61,141,1,-1,-1
227,17,441,31,61,141,1,-1,-1
228,17,441,31,61,141,1,-1,-1
229,17,441,32,61,141,1,-1,-1
230,17,440,33,61,141,1,-1,-1
231,17,440,33,61,141,1,-1,-1
232,17,440,34,61,141,1,-1,-1
233,17,440,35,61,141,1,-1,-1
234,17,439,34,61,140,1,-1,-1
235,17,439,34,61,138,1,-1,-1
236,17,439,33,61,137,1,-1,-1
237,17,439,33,61,135,1,-1,-1
238,17,439,32,61,135,1,-1,-1
239,17,439,32,61,133,1,-1,-1
240,17,439,31,60,132,1,-1,-1
241,17,439,31,60,130,1,-1,-1
242,17,439,30,60,130,1,-1,-1
243,17,439,30,60,128,1,-1,-1
244,17,439,29,60,127,1,-1,-1
245,17,439,29,60,125,1,-1,-1
246,17,439,29,60,124,1,-1,-1
247,17,439,27,60,124,1,-1,-1
248,17,439,25,60,124,1,-1,-1
249,17,440,24,60,124,1,-1,-1
250,17,439,24,60,124,1,-1,-1
251,17,439,24,60,124,1,-1,-1
252,17,439,24,60,124,1,-1,-1
253,17,439,24,60,124,1,-1,-1
254,17,438,23,60,124,1,-1,-1
255,17,438,22,60,125,1,-1,-1
256,17,438,22,60,125,1,-1,-1
257,17,437,22,60,125,1,-1,-1
258,17,437,22,60,125,1,-1,-1
259,17,437,22,60,125,1,-1,-1
260,17,437,22,60,125,1,-1,-1
261,17,437,22,60,125,1,-1,-1
262,17,437,22,60,125,1,-1,-1
263,17,436,22,60,125,1,-1,-1
264,17,436,22,60,125,1,-1,-1
265,17,436,22,60,125,1,-1,-1
266,17,436,22,60,125,1,-1,-1
267,17,436,22,60,125,1,-1,-1
268,17,436,22,60,125,1,-1,-1
269,17,435,21,60,125,1,-1,-1
270,17,435,21,60,125,1,-1,-1
271,17,435,21,60,125,1,-1,-1
272,17,435,21,60,125,1,-1,-1
273,17,435,21,60,125,1,-1,-1
274,17,435,21,60,125,1,-1,-1
275,17,435,21,60,125,1,-1,-1
276,17,434,21,60,125,1,-1,-1
277,17,434,21,60,125,1,-1,-1
278,17,434,21,60,125,1,-1,-1
279,17,434,21,60,125,1,-1,-1
280,17,434,21,60,125,1,-1,-1
281,17,434,21,60,125,1,-1,-1
282,17,434,21,60,125,1,-1,-1
283,17,433,21,60,125,1,-1,-1
284,17,433,22,60,125,1,-1,-1
285,17,433,23,60,125,1,-1,-1
286,17,433,23,60,125,1,-1,-1
287,17,433,24,60,125,1,-1,-1
288,17,433,25,60,125,1,-1,-1
289,17,432,25,60,125,1,-1,-1
290,17,432,26,60,125,1,-1,-1
291,17,432,27,60,125,1,-1,-1
292,17,432,27,60,125,1,-1,-1
293,17,432,28,60,125,1,-1,-1
294,17,432,29,60,125,1,-1,-1
295,17,432,29,60,125,1,-1,-1
296,17,432,29,60,125,1,-1,-1
297,17,432,29,60,125,1,-1,-1
298,17,432,30,60,125,1,-1,-1
299,17,432,30,60,125,1,-1,-1
300,17,432,30,60,125,1,-1,-1
301,17,432,31,60,125,1,-1,-1
302,17,431,32,60,124,1,-1,-1
303,17,431,33,59,123,1,-1,-1
304,17,430,35,59,122,1,-1,-1
305,17,430,36,58,121,1,-1,-1
306,17,429,38,58,119,1,-1,-1
307,17,429,39,58,119,1,-1,-1
308,17,428,41,58,117,1,-1,-1
309,17,428,42,57,116,1,-1,-1
310,17,427,44,57,115,1,-1,-1
311,17,427,45,56,114,1,-1,-1
312,17,427,47,56,113,1,-1,-1
313,17,427,48,56,113,1,-1,-1
314,17,427,49,56,113,1,-1,-1
315,17,427,50,56,113,1,-1,-1
316,17,426,50,56,113,1,-1,-1
317,17,426,50,56,113,1,-1,-1
318,17,425,51,56,113,1,-1,-1
319,17,425,51,56,113,1,-1,-1
320,17,425,52,55,113,1,-1,-1
321,17,424,52,56,113,1,-1,-1
322,17,424,53,55,112,1,-1,-1
323,17,424,53,55,113,1,-1,-1
324,17,423,54,55,112,1,-1,-1
325,17,423,54,55,113,1,-1,-1
326,17,423,54,54,113,1,-1,-1
327,17,422,55,55,112,1,-1,-1
328,17,422,55,54,113,1,-1,-1
329,17,422,56,54,112,1,-1,-1
330,17,421,56,54,113,1,-1,-1
331,17,421,57,54,112,1,-1,-1
332,17,421,57,53,112,1,-1,-1
333,17,420,58,54,112,1,-1,-1
334,17,420,58,53,112,1,-1,-1
335,17,420,59,53,112,1,-1,-1
336,17,420,58,53,112,1,-1,-1
337,17,420,58,53,112,1,-1,-1
338,17,420,58,53,112,1,-1,-1
339,17,420,57,53,112,1,-1,-1
340,17,420,57,53,112,1,-1,-1
341,17,420,57,53,112,1,-1,-1
342,17,420,56,53,113,1,-1,-1
343,17,420,56,54,112,1,-1,-1
344,17,420,56,54,112,1,-1,-1
345,17,420,55,54,113,1,-1,-1
346,17,420,55,54,113,1,-1,-1
347,17,420,55,54,112,1,-1,-1
348,17,420,54,54,113,1,-1,-1
349,17,420,54,54,113,1,-1,-1
350,17,421,54,54,113,1,-1,-1
351,17,414,53,61,113,1,-1,-1
352,17,407,52,69,113,1,-1,-1
353,17,401,52,75,113,1,-1,-1
354,17,394,51,83,113,1,-1,-1
355,17,387,51,91,112,1,-1,-1
356,17,381,50,97,113,1,-1,-1
357,17,374,50,105,112,1,-1,-1
358,17,367,49,113,112,1,-1,-1
359,17,361,49,119,112,1,-1,-1
360,17,354,48,127,112,1,-1,-1
361,17,348,48,134,112,1,-1,-1
362,17,349,47,133,112,1,-1,-1
363,17,351,47,132,111,1,-1,-1
364,17,353,46,130,112,1,-1,-1
365,17,355,46,129,111,1,-1,-1
366,17,357,45,128,112,1,-1,-1
367,17,359,45,126,111,1,-1,-1
368,17,361,44,125,111,1,-1,-1
369,17,363,44,123,111,1,-1,-1
370,17,365,43,122,111,1,-1,-1
371,17,367,43,121,111,1,-1,-1
372,17,368,42,120,111,1,-1,-1
373,17,369,42,120,111,1,-1,-1
374,17,370,41,120,112,1,-1,-1
375,17,371,41,120,111,1,-1,-1
376,17,373,41,119,111,1,-1,-1
377,17,374,40,118,112,1,-1,-1
378,17,375,40,118,111,1,-1,-1
379,17,376,39,118,112,1,-1,-1
380,17,377,39,118,112,1,-1,-1
381,17,379,39,117,112,1,-1,-1
382,17,400,38,98,112,1,-1,-1
383,17,421,37,79,112,1,-1,-1
384,17,443,36,59,113,1,-1,-1
385,17,433,35,69,113,1,-1,-1
386,17,423,35,80,113,1,-1,-1
387,17,414,35,90,113,1,-1,-1
388,17,404,35,101,112,1,-1,-1
389,17,395,35,111,112,1,-1,-1
390,17,385,35,122,112,1,-1,-1
391,17,376,35,132,112,1,-1,-1
392,17,391,35,118,112,1,-1,-1
393,17,407,35,103,112,1,-1,-1
394,17,422,35,89,112,1,-1,-1
395,17,438,35,74,112,1,-1,-1
396,17,454,35,59,113,1,-1,-1
397,17,443,35,70,113,1,-1,-1
398,17,432,36,81,112,1,-1,-1
399,17,421,36,92,113,1,-1,-1
400,17,410,37,103,112,1,-1,-1
401,17,400,38,113,112,1,-1,-1
402,17,401,38,112,112,1,-1,-1
403,17,403,39,110,112,1,-1,-1
404,17,404,39,109,112,1,-1,-1
405,17,406,40,107,112,1,-1,-1
406,17,407,41,107,112,1,-1,-1
407,17,409,41,105,112,1,-1,-1
408,17,410,42,104,112,1,-1,-1
409,17,412,42,102,112,1,-1,-1
410,17,413,43,101,112,1,-1,-1
411,17,415,44,100,112,1,-1,-1
412,17,415,44,100,112,1,-1,-1
413,17,415,45,100,112,1,-1,-1
414,17,416,45,99,112,1,-1,-1
415,17,416,46,100,112,1,-1,-1
416,17,417,47,99,112,1,-1,-1
417,17,417,47,99,112,1,-1,-1
418,17,417,48,100,112,1,-1,-1
419,17,418,48,99,112,1,-1,-1
420,17,418,49,99,112,1,-1,-1
421,17,419,50,99,112,1,-1,-1
422,17,419,51,100,113,1,-1,-1
423,17,419,52,101,114,1,-1,-1
424,17,419,53,102,115,1,-1,-1
425,17,419,54,103,116,1,-1,-1
426,17,420,55,103,117,1,-1,-1
427,17,420,56,104,118,1,-1,-1
428,17,420,57,105,119,1,-1,-1
429,17,420,58,106,120,1,-1,-1
430,17,420,59,107,121,1,-1,-1
431,17,421,60,107,122,1,-1,-1
432,17,423,61,105,121,1,-1,-1
433,17,425,62,103,120,1,-1,-1
434,17,427,63,101,119,1,-1,-1
435,17,429,64,99,118,1,-1,-1
436,17,431,65,97,117,1,-1,-1
437,17,433,66,95,116,1,-1,-1
438,17,435,67,93,115,1,-1,-1
439,17,437,68,91,114,1,-1,-1
440,17,439,69,89,113,1,-1,-1
441,17,441,70,88,112,1,-1,-1
442,17,441,70,88,112,1,-1,-1
443,17,441,71,88,112,1,-1,-1
444,17,441,71,88,112,1,-1,-1
445,17,441,72,88,112,1,-1,-1
446,17,441,72,88,112,1,-1,-1
447,17,441,73,88,112,1,-1,-1
448,17,441,73,88,112,1,-1,-1
449,17,441,74,88,112,1,-1,-1
450,17,441,74,88,112,1,-1,-1
451,17,441,75,89,112,1,-1,-1
452,17,441,75,89,112,1,-1,-1
453,17,442,76,88,112,1,-1,-1
454,17,443,76,87,112,1,-1,-1
455,17,444,77,87,112,1,-1,-1
456,17,445,77,86,112,1,-1,-1
457,17,446,78,85,112,1,-1,-1
458,17,447,78,85,112,1,-1,-1
459,17,448,79,84,112,1,-1,-1
460,17,449,79,83,112,1,-1,-1
461,17,450,80,83,112,1,-1,-1
462,17,450,79,82,113,1,-1,-1
463,17,450,78,82,114,1,-1,-1
464,17,450,77,82,115,1,-1,-1
465,17,451,77,81,115,1,-1,-1
466,17,451,76,81,116,1,-1,-1
467,17,451,75,81,117,1,-1,-1
468,17,452,74,80,119,1,-1,-1
469,17,452,74,80,119,1,-1,-1
470,17,452,73,80,120,1,-1,-1
471,17,453,72,78,121,1,-1,-1
472,17,453,71,78,122,1,-1,-1
473,17,453,71,78,122,1,-1,-1
474,17,454,70,77,124,1,-1,-1
475,17,454,69,77,125,1,-1,-1
476,17,454,68,77,126,1,-1,-1
477,17,455,68,76,126,1,-1,-1
478,17,455,67,76,127,1,-1,-1
479,17,455,66,76,128,1,-1,-1
480,17,456,66,75,129,1,-1,-1
481,17,455,66,75,129,1,-1,-1
482,17,454,67,75,129,1,-1,-1
483,17,454,67,75,129,1,-1,-1
484,17,453,68,75,129,1,-1,-1
485,17,453,68,75,129,1,-1,-1
486,17,452,69,75,129,1,-1,-1
487,17,452,69,75,129,1,-1,-1
488,17,451,70,75,129,1,-1,-1
489,17,451,70,75,129,1,-1,-1
490,17,450,71,75,129,1,-1,-1
491,17,450,71,75,129,1,-1,-1
492,17,449,72,75,129,1,-1,-1
493,17,449,73,75,129,1,-1,-1
494,17,448,71,76,129,1,-1,-1
495,17,447,70,77,129,1,-1,-1
496,17,447,69,77,128,1,-1,-1
497,17,446,68,79,128,1,-1,-1
498,17,445,66,80,129,1,-1,-1
499,17,445,65,80,128,1,-1,-1
500,17,444,64,81,128,1,-1,-1
501,17,444,63,82,128,1,-1,-1
502,17,446,61,80,129,1,-1,-1
503,17,448,60,78,129,1,-1,-1
504,17,450,59,76,129,1,-1,-1
505,17,452,58,75,129,1,-1,-1
506,17,449,58,77,128,1,-1,-1
507,17,447,58,79,128,1,-1,-1
508,17,445,58,80,128,1,-1,-1
509,17,443,58,82,128,1,-1,-1
510,17,441,58,83,128,1,-1,-1
511,17,439,59,85,127,1,-1,-1
512,17,438,58,84,127,1,-1,-1
513,17,437,57,84,128,1,-1,-1
514,17,437,57,82,127,1,-1,-1
515,17,436,56,82,128,1,-1,-1
516,17,435,56,81,127,1,-1,-1
517,17,435,55,80,128,1,-1,-1
518,17,434,54,79,129,1,-1,-1
519,17,433,54,79,128,1,-1,-1
520,17,433,53,77,129,1,-1,-1
521,17,432,53,77,128,1,-1,-1
522,17,431,52,76,129,1,-1,-1
523,17,431,52,75,129,1,-1,-1
524,17,430,52,75,129,1,-1,-1
525,17,429,52,75,129,1,-1,-1
526,17,428,53,75,129,1,-1,-1
527,17,427,53,75,129,1,-1,-1
528,17,426,53,75,129,1,-1,-1
529,17,426,54,75,129,1,-1,-1
530,17,425,54,75,129,1,-1,-1
531,17,424,54,75,129,1,-1,-1
532,17,423,55,75,129,1,-1,-1
533,17,422,55,75,129,1,-1,-1
534,17,422,56,75,129,1,-1,-1
535,17,421,56,75,129,1,-1,-1
536,17,420,56,75,129,1,-1,-1
537,17,419,57,75,129,1,-1,-1
538,17,418,57,75,129,1,-1,-1
539,17,417,57,75,129,1,-1,-1
540,17,417,58,75,129,1,-1,-1
541,17,416,58,75,129,1,-1,-1
542,17,415,58,75,129,1,-1,-1
543,17,414,59,75,129,1,-1,-1
544,17,413,59,75,129,1,-1,-1
545,17,413,60,75,129,1,-1,-1
546,17,411,60,75,129,1,-1,-1
547,17,410,60,75,129,1,-1,-1
548,17,409,61,75,129,1,-1,-1
549,17,408,61,75,129,1,-1,-1
550,17,407,62,75,129,1,-1,-1
551,17,406,62,75,129,1,-1,-1
552,17,405,63,75,129,1,-1,-1
553,17,404,63,75,129,1,-1,-1
554,17,403,63,75,129,1,-1,-1
555,17,402,64,75,129,1,-1,-1
556,17,401,64,75,129,1,-1,-1
557,17,400,65,75,129,1,-1,-1
558,17,399,65,75,129,1,-1,-1
559,17,398,66,75,129,1,-1,-1
560,17,396,66,75,129,1,-1,-1
561,17,395,67,75,129,1,-1,-1
562,17,394,67,75,129,1,-1,-1
563,17,392,68,75,129,1,-1,-1
564,17,391,68,75,129,1,-1,-1
565,17,390,69,75,129,1,-1,-1
566,17,388,70,75,129,1,-1,-1
567,17,387,70,75,129,1,-1,-1
568,17,386,71,75,129,1,-1,-1
569,17,384,71,75,129,1,-1,-1
570,17,383,72,75,129,1,-1,-1
571,17,382,73,75,129,1,-1,-1
572,17,379,71,77,132,1,-1,-1
573,17,376,70,80,135,1,-1,-1
574,17,373,68,83,138,1,-1,-1
575,17,370,67,86,141,1,-1,-1
576,17,367,65,89,145,1,-1,-1
577,17,364,64,92,147,1,-1,-1
578,17,361,62,95,151,1,-1,-1
579,17,358,61,98,153,1,-1,-1
580,17,355,59,101,157,1,-1,-1
581,17,352,58,104,160,1,-1,-1
582,17,356,60,96,149,1,-1,-1
583,17,361,62,88,138,1,-1,-1
584,17,366,64,80,128,1,-1,-1
585,17,371,66,72,117,1,-1,-1
586,17,376,69,64,106,1,-1,-1
587,17,371,68,67,110,1,-1,-1
588,17,367,68,69,114,1,-1,-1
589,17,362,67,72,119,1,-1,-1
590,17,358,67,74,123,1,-1,-1
591,17,354,67,77,127,1,-1,-1
592,17,354,66,75,125,1,-1,-1
593,17,354,66,74,122,1,-1,-1
594,17,355,66,72,119,1,-1,-1
595,17,355,66,71,117,1,-1,-1
596,17,355,66,69,114,1,-1,-1
597,17,356,66,67,111,1,-1,-1
598,17,356,66,66,108,1,-1,-1
599,17,357,66,64,106,1,-1,-1
600,17,355,65,63,106,1,-1,-1
601,17,353,65,63,106,1,-1,-1
602,17,351,65,62,106,1,-1,-1
603,17,349,65,62,105,1,-1,-1
604,17,348,64,61,106,1,-1,-1
605,17,346,64,60,106,1,-1,-1
606,17,344,64,60,105,1,-1,-1
607,17,342,64,59,105,1,-1,-1
608,17,341,63,58,106,1,-1,-1
609,17,339,63,58,105,1,-1,-1
610,17,337,63,57,105,1,-1,-1
611,17,335,63,57,105,1,-1,-1
612,17,334,63,56,105,1,-1,-1
613,17,332,63,55,105,1,-1,-1
614,17,330,64,55,104,1,-1,-1
615,17,328,64,55,105,1,-1,-1
616,17,327,65,53,104,1,-1,-1
617,17,325,65,53,105,1,-1,-1
618,17,323,66,53,104,1,-1,-1
619,17,322,66,51,104,1,-1,-1
620,17,320,67,51,104,1,-1,-1
621,17,318,67,51,104,1,-1,-1
622,17,317,68,50,104,1,-1,-1
301,33,663,184,240,118,1,-1,-1
302,33,663,184,240,118,1,-1,-1
303,33,663,185,241,118,1,-1,-1
304,33,663,186,242,117,1,-1,-1
305,33,663,187,243,117,1,-1,-1
306,33,664,188,243,117,1,-1,-1
307,33,664,188,243,117,1,-1,-1
308,33,664,189,244,117,1,-1,-1
309,33,664,190,245,116,1,-1,-1
310,33,664,191,246,116,1,-1,-1
311,33,665,192,246,116,1,-1,-1
312,33,664,192,247,116,1,-1,-1
313,33,664,192,248,117,1,-1,-1
314,33,664,192,249,118,1,-1,-1
315,33,664,192,250,118,1,-1,-1
316,33,664,192,251,119,1,-1,-1
317,33,663,192,253,120,1,-1,-1
318,33,663,192,254,120,1,-1,-1
319,33,663,192,255,121,1,-1,-1
320,33,663,192,256,122,1,-1,-1
321,33,663,193,257,122,1,-1,-1
322,33,660,193,260,122,1,-1,-1
323,33,658,194,263,122,1,-1,-1
324,33,656,195,266,122,1,-1,-1
325,33,654,196,269,122,1,-1,-1
326,33,652,197,272,122,1,-1,-1
327,33,650,198,275,122,1,-1,-1
328,33,648,199,278,122,1,-1,-1
329,33,646,200,281,122,1,-1,-1
330,33,644,201,284,122,1,-1,-1
331,33,642,202,287,122,1,-1,-1
332,33,639,202,291,123,1,-1,-1
333,33,636,203,295,123,1,-1,-1
334,33,633,203,300,124,1,-1,-1
335,33,631,204,303,124,1,-1,-1
336,33,628,204,308,125,1,-1,-1
337,33,625,205,312,125,1,-1,-1
338,33,623,205,315,126,1,-1,-1
339,33,620,206,320,126,1,-1,-1
340,33,617,206,324,127,1,-1,-1
341,33,615,207,328,127,1,-1,-1
342,33,614,207,331,128,1,-1,-1
343,33,613,208,334,128,1,-1,-1
344,33,612,208,337,129,1,-1,-1
345,33,611,209,340,129,1,-1,-1
346,33,610,209,344,130,1,-1,-1
347,33,609,210,347,130,1,-1,-1
348,33,608,210,350,131,1,-1,-1
349,33,607,211,353,131,1,-1,-1
350,33,606,211,356,132,1,-1,-1
351,33,606,212,359,132,1,-1,-1
352,33,604,212,363,133,1,-1,-1
353,33,603,213,366,133,1,-1,-1
354,33,601,214,370,133,1,-1,-1
355,33,600,215,374,133,1,-1,-1
356,33,598,216,378,133,1,-1,-1
357,33,597,216,381,134,1,-1,-1
358,33,595,217,386,134,1,-1,-1
359,33,594,218,389,134,1,-1,-1
360,33,592,219,393,134,1,-1,-1
361,33,591,220,397,135,1,-1,-1
362,33,590,217,400,139,1,-1,-1
363,33,590,215,403,142,1,-1,-1
364,33,590,213,405,145,1,-1,-1
365,33,589,211,409,148,1,-1,-1
366,33,589,209,411,152,1,-1,-1
367,33,589,206,414,156,1,-1,-1
368,33,588,204,417,159,1,-1,-1
369,33,588,202,420,162,1,-1,-1
370,33,588,200,422,165,1,-1,-1
371,33,588,198,425,169,1,-1,-1
372,33,675,225,341,143,1,-1,-1
373,33,762,252,257,118,1,-1,-1
374,33,849,279,173,93,1,-1,-1
375,33,814,267,207,106,1,-1,-1
376,33,779,255,242,119,1,-1,-1
377,33,745,243,276,133,1,-1,-1
378,33,710,232,311,145,1,-1,-1
379,33,676,220,345,159,1,-1,-1
380,33,641,208,380,172,1,-1,-1
381,33,607,197,414,185,1,-1,-1
382,33,606,195,415,188,1,-1,-1
383,33,606,194,415,191,1,-1,-1
384,33,605,192,416,195,1,-1,-1
385,33,605,191,416,197,1,-1,-1
386,33,604,190,418,200,1,-1,-1
387,33,604,188,418,204,1,-1,-1
388,33,603,187,419,206,1,-1,-1
389,33,603,185,419,210,1,-1,-1
390,33,602,184,420,213,1,-1,-1
391,33,602,183,421,216,1,-1,-1
392,33,626,195,397,205,1,-1,-1
393,33,651,208,372,194,1,-1,-1
394,33,676,221,347,183,1,-1,-1
395,33,701,234,322,172,1,-1,-1
396,33,726,247,297,161,1,-1,-1
397,33,750,260,273,149,1,-1,-1
398,33,775,273,248,138,1,-1,-1
399,33,800,286,223,127,1,-1,-1
400,33,825,299,198,116,1,-1,-1
401,33,850,312,173,105,1,-1,-1
402,33,850,312,173,105,1,-1,-1
403,33,850,312,173,105,1,-1,-1
404,33,850,312,173,105,1,-1,-1
405,33,850,312,173,105,1,-1,-1
406,33,850,312,173,105,1,-1,-1
407,33,850,312,173,105,1,-1,-1
408,33,850,312,173,105,1,-1,-1
409,33,850,312,173,105,1,-1,-1
410,33,850,312,173,105,1,-1,-1
411,33,850,312,173,105,1,-1,-1
412,33,850,312,173,105,1,-1,-1
413,33,850,312,173,105,1,-1,-1
414,33,850,312,173,105,1,-1,-1
415,33,850,312,173,105,1,-1,-1
416,33,850,312,173,105,1,-1,-1
417,33,850,312,173,105,1,-1,-1
418,33,850,312,173,105,1,-1,-1
419,33,850,312,173,105,1,-1,-1
420,33,850,312,173,105,1,-1,-1
421,33,850,312,173,105,1,-1,-1
422,33,850,312,173,105,1,-1,-1
423,33,850,312,173,105,1,-1,-1
424,33,850,312,173,105,1,-1,-1
425,33,850,312,173,105,1,-1,-1
426,33,850,312,173,105,1,-1,-1
427,33,850,312,173,105,1,-1,-1
428,33,850,312,173,105,1,-1,-1
429,33,850,312,173,105,1,-1,-1
301,34,22,95,313,120,1,-1,-1
302,34,21,94,313,121,1,-1,-1
303,34,21,94,312,121,1,-1,-1
304,34,20,93,313,122,1,-1,-1
305,34,20,93,312,122,1,-1,-1
306,34,19,92,313,123,1,-1,-1
307,34,19,92,312,124,1,-1,-1
308,34,18,91,313,125,1,-1,-1
309,34,18,91,312,125,1,-1,-1
310,34,17,91,313,125,1,-1,-1
311,34,17,90,312,126,1,-1,-1
312,34,16,90,312,126,1,-1,-1
313,34,16,89,312,128,1,-1,-1
314,34,15,89,312,128,1,-1,-1
315,34,15,88,312,129,1,-1,-1
316,34,14,88,312,129,1,-1,-1
317,34,14,87,312,130,1,-1,-1
318,34,13,87,312,130,1,-1,-1
319,34,13,87,312,131,1,-1,-1
320,34,12,87,312,131,1,-1,-1
321,34,12,88,312,130,1,-1,-1
322,34,11,89,312,129,1,-1,-1
323,34,11,90,312,128,1,-1,-1
324,34,11,91,312,128,1,-1,-1
325,34,10,92,312,127,1,-1,-1
326,34,10,93,312,126,1,-1,-1
327,34,9,94,312,125,1,-1,-1
328,34,9,95,312,124,1,-1,-1
329,34,9,96,312,124,1,-1,-1
330,34,8,97,312,123,1,-1,-1
331,34,8,97,312,123,1,-1,-1
332,34,7,98,312,122,1,-1,-1
333,34,7,99,312,121,1,-1,-1
334,34,7,100,312,121,1,-1,-1
335,34,6,101,312,120,1,-1,-1
336,34,6,102,312,119,1,-1,-1
337,34,5,103,312,118,1,-1,-1
338,34,5,104,312,118,1,-1,-1
339,34,5,105,312,117,1,-1,-1
340,34,4,106,312,116,1,-1,-1
341,34,4,107,312,115,1,-1,-1
342,34,3,107,312,115,1,-1,-1
343,34,3,108,312,115,1,-1,-1
344,34,3,109,312,114,1,-1,-1
345,34,2,110,312,113,1,-1,-1
346,34,2,111,312,112,1,-1,-1
347,34,1,112,312,111,1,-1,-1
348,34,1,113,312,111,1,-1,-1
349,34,1,114,312,110,1,-1,-1
350,34,0,115,312,109,1,-1,-1
351,34,0,116,312,108,1,-1,-1
352,34,0,117,312,108,1,-1,-1
353,34,0,111,311,114,1,-1,-1
354,34,0,106,311,119,1,-1,-1
355,34,0,101,311,124,1,-1,-1
356,34,0,96,311,129,1,-1,-1
357,34,0,96,320,128,1,-1,-1
358,34,0,96,329,128,1,-1,-1
359,34,0,96,338,127,1,-1,-1
360,34,0,96,347,127,1,-1,-1
361,34,0,97,356,126,1,-1,-1
362,34,0,97,354,126,1,-1,-1
363,34,0,97,353,126,1,-1,-1
364,34,0,98,351,125,1,-1,-1
365,34,0,98,350,125,1,-1,-1
366,34,0,98,349,125,1,-1,-1
367,34,0,99,347,124,1,-1,-1
368,34,0,99,346,124,1,-1,-1
369,34,0,100,345,123,1,-1,-1
370,34,0,100,343,123,1,-1,-1
371,34,0,100,342,123,1,-1,-1
372,34,0,101,341,122,1,-1,-1
373,34,0,101,339,122,1,-1,-1
374,34,0,102,338,121,1,-1,-1
375,34,0,102,336,121,1,-1,-1
376,34,0,102,335,121,1,-1,-1
377,34,0,103,334,120,1,-1,-1
378,34,0,103,332,121,1,-1,-1
379,34,0,104,331,120,1,-1,-1
380,34,0,104,330,120,1,-1,-1
381,34,0,104,328,120,1,-1,-1
382,34,0,105,327,119,1,-1,-1
383,34,0,105,326,119,1,-1,-1
384,34,0,106,324,118,1,-1,-1
385,34,0,106,323,118,1,-1,-1
386,34,0,106,321,118,1,-1,-1
387,34,0,107,320,117,1,-1,-1
388,34,0,107,319,117,1,-1,-1
389,34,0,108,317,116,1,-1,-1
390,34,0,108,316,116,1,-1,-1
391,34,0,108,315,116,1,-1,-1
392,34,0,109,313,115,1,-1,-1
393,34,0,109,312,115,1,-1,-1
394,34,0,110,311,115,1,-1,-1
395,34,0,109,310,116,1,-1,-1
396,34,0,108,310,118,1,-1,-1
397,34,0,108,310,118,1,-1,-1
398,34,0,107,310,120,1,-1,-1
399,34,0,107,310,120,1,-1,-1
400,34,0,106,310,122,1,-1,-1
401,34,0,106,310,122,1,-1,-1
402,34,0,105,310,124,1,-1,-1
403,34,0,104,310,125,1,-1,-1
404,34,0,104,310,126,1,-1,-1
405,34,0,103,310,128,1,-1,-1
406,34,0,103,310,128,1,-1,-1
407,34,0,102,310,130,1,-1,-1
408,34,0,102,310,130,1,-1,-1
409,34,0,101,310,132,1,-1,-1
410,34,0,100,310,133,1,-1,-1
411,34,0,100,310,134,1,-1,-1
412,34,0,99,310,135,1,-1,-1
413,34,0,99,310,136,1,-1,-1
414,34,0,98,310,137,1,-1,-1
415,34,0,98,310,138,1,-1,-1
416,34,0,97,310,140,1,-1,-1
417,34,0,97,310,140,1,-1,-1
418,34,0,96,310,142,1,-1,-1
419,34,0,95,310,143,1,-1,-1
420,34,0,95,310,144,1,-1,-1
421,34,0,94,310,145,1,-1,-1
422,34,0,94,310,146,1,-1,-1
423,34,0,93,310,147,1,-1,-1
424,34,0,93,310,148,1,-1,-1
425,34,0,92,310,149,1,-1,-1
426,34,0,91,310,151,1,-1,-1
427,34,0,91,310,152,1,-1,-1
428,34,0,90,310,153,1,-1,-1
429,34,0,90,310,154,1,-1,-1
430,34,0,89,310,155,1,-1,-1
431,34,0,89,310,156,1,-1,-1
432,34,0,88,310,157,1,-1,-1
433,34,0,88,310,158,1,-1,-1
434,34,0,87,310,159,1,-1,-1
435,34,0,86,310,161,1,-1,-1
436,34,0,86,310,161,1,-1,-1
437,34,0,85,310,163,1,-1,-1
438,34,0,85,310,164,1,-1,-1
439,34,0,84,310,165,1,-1,-1
440,34,0,84,310,166,1,-1,-1
441,34,0,83,310,167,1,-1,-1
442,34,0,82,310,169,1,-1,-1
443,34,0,82,310,169,1,-1,-1
444,34,0,81,310,171,1,-1,-1
445,34,0,81,310,171,1,-1,-1
446,34,0,80,310,173,1,-1,-1
447,34,0,80,310,173,1,-1,-1
448,34,0,79,310,175,1,-1,-1
449,34,0,79,310,176,1,-1,-1
450,34,0,79,309,177,1,-1,-1
451,34,0,79,309,178,1,-1,-1
452,34,0,79,309,179,1,-1,-1
453,34,0,79,309,180,1,-1,-1
454,34,0,79,309,182,1,-1,-1
455,34,0,79,309,183,1,-1,-1
456,34,0,79,309,184,1,-1,-1
457,34,0,79,309,185,1,-1,-1
458,34,0,79,309,186,1,-1,-1
459,34,0,79,309,188,1,-1,-1
460,34,0,79,309,189,1,-1,-1
461,34,0,79,309,190,1,-1,-1
462,34,0,79,309,191,1,-1,-1
463,34,0,79,309,192,1,-1,-1
464,34,0,79,309,194,1,-1,-1
465,34,0,79,309,195,1,-1,-1
466,34,0,79,309,196,1,-1,-1
467,34,0,79,309,197,1,-1,-1
468,34,0,79,309,198,1,-1,-1
469,34,0,79,309,200,1,-1,-1
470,34,0,79,309,201,1,-1,-1
471,34,0,79,309,202,1,-1,-1
472,34,0,79,309,203,1,-1,-1
473,34,0,79,309,204,1,-1,-1
474,34,0,79,309,206,1,-1,-1
475,34,0,79,309,207,1,-1,-1
476,34,0,79,309,208,1,-1,-1
477,34,0,79,309,209,1,-1,-1
478,34,0,79,309,210,1,-1,-1
479,34,0,79,309,212,1,-1,-1
480,34,0,79,305,211,1,-1,-1
481,34,0,79,301,211,1,-1,-1
482,34,0,79,297,211,1,-1,-1
483,34,0,79,293,211,1,-1,-1
484,34,0,79,289,211,1,-1,-1
485,34,0,79,285,211,1,-1,-1
486,34,0,79,282,211,1,-1,-1
487,34,0,79,278,211,1,-1,-1
488,34,0,79,274,211,1,-1,-1
489,34,0,79,270,211,1,-1,-1
490,34,0,79,266,211,1,-1,-1
491,34,0,79,262,211,1,-1,-1
492,34,0,79,258,211,1,-1,-1
493,34,0,79,255,211,1,-1,-1
494,34,0,79,251,211,1,-1,-1
495,34,0,79,247,211,1,-1,-1
496,34,0,79,243,211,1,-1,-1
497,34,0,79,239,211,1,-1,-1
498,34,0,79,235,211,1,-1,-1
499,34,0,79,231,211,1,-1,-1
500,34,0,79,228,211,1,-1,-1
501,34,0,79,224,211,1,-1,-1
502,34,0,79,220,211,1,-1,-1
503,34,0,79,216,211,1,-1,-1
504,34,0,79,212,211,1,-1,-1
505,34,0,79,208,211,1,-1,-1
506,34,0,79,205,211,1,-1,-1
507,34,0,79,203,210,1,-1,-1
508,34,0,79,201,210,1,-1,-1
509,34,0,79,199,210,1,-1,-1
510,34,0,79,197,210,1,-1,-1
511,34,0,79,195,210,1,-1,-1
512,34,0,79,194,210,1,-1,-1
513,34,0,79,192,210,1,-1,-1
514,34,0,79,190,210,1,-1,-1
515,34,0,79,188,210,1,-1,-1
516,34,0,79,186,210,1,-1,-1
517,34,0,79,185,210,1,-1,-1
518,34,0,79,183,209,1,-1,-1
519,34,0,79,181,209,1,-1,-1
520,34,0,79,179,209,1,-1,-1
521,34,0,79,177,209,1,-1,-1
522,34,0,79,175,209,1,-1,-1
523,34,0,79,174,209,1,-1,-1
524,34,0,79,172,209,1,-1,-1
525,34,0,79,170,209,1,-1,-1
526,34,0,79,168,209,1,-1,-1
527,34,0,79,166,209,1,-1,-1
528,34,0,79,165,209,1,-1,-1
529,34,0,79,164,209,1,-1,-1
530,34,0,79,164,209,1,-1,-1
531,34,0,80,164,209,1,-1,-1
532,34,0,80,164,209,1,-1,-1
533,34,0,80,164,209,1,-1,-1
534,34,0,81,164,209,1,-1,-1
535,34,0,81,164,209,1,-1,-1
536,34,0,81,164,209,1,-1,-1
537,34,0,82,164,209,1,-1,-1
538,34,0,82,164,209,1,-1,-1
539,34,0,83,164,209,1,-1,-1
540,34,0,83,164,209,1,-1,-1
541,34,0,83,164,209,1,-1,-1
542,34,0,84,164,209,1,-1,-1
543,34,0,84,164,209,1,-1,-1
544,34,0,84,164,209,1,-1,-1
545,34,0,85,164,209,1,-1,-1
546,34,0,85,164,209,1,-1,-1
547,34,0,86,164,209,1,-1,-1
548,34,0,86,164,209,1,-1,-1
549,34,0,86,164,209,1,-1,-1
550,34,0,87,163,209,1,-1,-1
551,34,0,87,163,209,1,-1,-1
552,34,0,87,163,209,1,-1,-1
553,34,0,88,163,209,1,-1,-1
554,34,0,88,163,209,1,-1,-1
555,34,0,89,163,209,1,-1,-1
556,34,0,89,163,209,1,-1,-1
557,34,0,89,163,209,1,-1,-1
558,34,0,90,163,209,1,-1,-1
559,34,0,90,163,209,1,-1,-1
560,34,0,90,163,209,1,-1,-1
561,34,0,91,163,209,1,-1,-1
562,34,0,91,163,209,1,-1,-1
563,34,0,92,163,209,1,-1,-1
564,34,0,92,163,209,1,-1,-1
565,34,0,92,163,209,1,-1,-1
566,34,0,93,163,209,1,-1,-1
567,34,0,93,163,209,1,-1,-1
568,34,0,93,163,209,1,-1,-1
569,34,0,94,163,209,1,-1,-1
570,34,0,94,163,209,1,-1,-1
571,34,0,95,163,209,1,-1,-1
572,34,0,95,162,209,1,-1,-1
573,34,0,96,162,209,1,-1,-1
574,34,0,97,162,209,1,-1,-1
575,34,0,97,162,209,1,-1,-1
576,34,0,98,161,209,1,-1,-1
577,34,0,99,161,209,1,-1,-1
578,34,0,100,161,209,1,-1,-1
579,34,0,100,161,209,1,-1,-1
580,34,0,101,161,209,1,-1,-1
581,34,0,102,160,209,1,-1,-1
582,34,0,103,160,209,1,-1,-1
583,34,0,103,160,209,1,-1,-1
584,34,0,104,160,209,1,-1,-1
585,34,0,105,160,209,1,-1,-1
586,34,0,106,159,209,1,-1,-1
587,34,0,106,159,209,1,-1,-1
588,34,0,107,159,209,1,-1,-1
589,34,0,108,159,209,1,-1,-1
1,41,662,91,340,152,1,-1,-1
2,41,662,91,340,152,1,-1,-1
3,41,662,91,340,152,1,-1,-1
4,41,662,91,340,152,1,-1,-1
5,41,662,91,340,152,1,-1,-1
6,41,662,91,340,153,1,-1,-1
7,41,662,91,340,153,1,-1,-1
8,41,662,91,340,153,1,-1,-1
9,41,662,91,340,153,1,-1,-1
10,41,662,91,340,153,1,-1,-1
11,41,662,91,340,154,1,-1,-1
12,41,662,91,340,154,1,-1,-1
13,41,662,91,340,154,1,-1,-1
14,41,662,91,340,154,1,-1,-1
15,41,662,91,340,155,1,-1,-1
16,41,662,91,340,155,1,-1,-1
17,41,662,91,340,155,1,-1,-1
18,41,662,91,340,155,1,-1,-1
19,41,662,91,340,155,1,-1,-1
20,41,662,91,340,156,1,-1,-1
21,41,662,91,340,156,1,-1,-1
22,41,662,91,340,156,1,-1,-1
23,41,662,91,340,156,1,-1,-1
24,41,662,91,340,157,1,-1,-1
25,41,662,91,340,157,1,-1,-1
26,41,662,91,340,157,1,-1,-1
27,41,662,91,340,157,1,-1,-1
28,41,662,91,340,157,1,-1,-1
29,41,662,91,340,158,1,-1,-1
30,41,662,91,340,158,1,-1,-1
31,41,662,91,340,158,1,-1,-1
32,41,662,91,340,158,1,-1,-1
33,41,662,91,340,159,1,-1,-1
34,41,662,91,340,159,1,-1,-1
35,41,662,91,340,159,1,-1,-1
36,41,662,91,340,159,1,-1,-1
37,41,662,91,340,159,1,-1,-1
38,41,662,91,340,160,1,-1,-1
39,41,662,91,340,160,1,-1,-1
40,41,662,91,340,160,1,-1,-1
41,41,662,91,340,160,1,-1,-1
42,41,662,91,340,160,1,-1,-1
43,41,662,91,340,161,1,-1,-1
44,41,662,91,340,161,1,-1,-1
45,41,662,91,340,161,1,-1,-1
46,41,662,91,340,161,1,-1,-1
47,41,662,91,340,162,1,-1,-1
48,41,662,91,340,162,1,-1,-1
49,41,662,91,340,162,1,-1,-1
50,41,662,91,340,162,1,-1,-1
51,41,662,91,340,162,1,-1,-1
52,41,662,91,340,163,1,-1,-1
53,41,662,91,340,163,1,-1,-1
54,41,662,91,340,163,1,-1,-1
55,41,662,91,340,163,1,-1,-1
56,41,662,91,340,164,1,-1,-1
57,41,662,91,340,164,1,-1,-1
58,41,662,91,340,164,1,-1,-1
59,41,662,91,340,164,1,-1,-1
60,41,662,91,340,164,1,-1,-1
61,41,662,91,340,165,1,-1,-1
62,41,662,91,340,165,1,-1,-1
63,41,662,91,340,165,1,-1,-1
64,41,662,91,340,165,1,-1,-1
65,41,662,91,340,166,1,-1,-1
66,41,662,91,340,166,1,-1,-1
67,41,662,91,340,166,1,-1,-1
68,41,662,91,340,166,1,-1,-1
69,41,662,91,340,166,1,-1,-1
70,41,662,91,340,167,1,-1,-1
71,41,662,91,340,167,1,-1,-1
72,41,662,91,340,167,1,-1,-1
73,41,662,91,340,167,1,-1,-1
74,41,662,91,340,168,1,-1,-1
75,41,662,91,340,168,1,-1,-1
76,41,662,91,340,168,1,-1,-1
77,41,662,91,340,168,1,-1,-1
78,41,662,91,340,168,1,-1,-1
79,41,662,91,340,169,1,-1,-1
80,41,662,91,340,169,1,-1,-1
81,41,662,91,340,169,1,-1,-1
82,41,662,91,340,169,1,-1,-1
83,41,662,91,340,169,1,-1,-1
84,41,662,91,340,170,1,-1,-1
85,41,662,91,340,170,1,-1,-1
86,41,662,91,340,170,1,-1,-1
87,41,662,91,340,170,1,-1,-1
88,41,662,91,340,171,1,-1,-1
89,41,662,91,340,171,1,-1,-1
90,41,662,91,340,171,1,-1,-1
91,41,662,91,340,171,1,-1,-1
92,41,662,91,340,171,1,-1,-1
93,41,662,91,340,172,1,-1,-1
94,41,662,91,340,172,1,-1,-1
95,41,662,91,340,172,1,-1,-1
96,41,662,91,340,172,1,-1,-1
97,41,662,91,340,173,1,-1,-1
98,41,662,91,340,173,1,-1,-1
99,41,662,91,340,173,1,-1,-1
100,41,662,91,340,173,1,-1,-1
101,41,662,91,340,173,1,-1,-1
102,41,662,91,340,174,1,-1,-1
103,41,662,91,340,174,1,-1,-1
104,41,662,91,340,174,1,-1,-1
105,41,662,91,340,174,1,-1,-1
106,41,662,91,340,175,1,-1,-1
107,41,662,91,340,175,1,-1,-1
108,41,662,91,340,175,1,-1,-1
109,41,662,91,340,175,1,-1,-1
110,41,662,91,340,175,1,-1,-1
111,41,662,91,340,176,1,-1,-1
112,41,662,91,340,176,1,-1,-1
113,41,662,91,340,176,1,-1,-1
114,41,662,91,340,176,1,-1,-1
115,41,662,91,340,176,1,-1,-1
116,41,662,91,340,177,1,-1,-1
117,41,662,91,340,177,1,-1,-1
118,41,662,91,340,177,1,-1,-1
119,41,662,91,340,177,1,-1,-1
120,41,662,91,340,178,1,-1,-1
121,41,662,91,340,178,1,-1,-1
122,41,662,91,340,178,1,-1,-1
123,41,662,91,340,178,1,-1,-1
124,41,662,91,340,178,1,-1,-1
125,41,662,91,340,179,1,-1,-1
126,41,662,91,340,179,1,-1,-1
127,41,662,91,340,179,1,-1,-1
128,41,662,91,340,179,1,-1,-1
129,41,662,91,340,180,1,-1,-1
130,41,662,91,340,180,1,-1,-1
131,41,662,91,340,180,1,-1,-1
132,41,662,91,340,180,1,-1,-1
133,41,662,91,340,180,1,-1,-1
134,41,662,91,340,181,1,-1,-1
135,41,662,91,340,181,1,-1,-1
136,41,662,91,340,181,1,-1,-1
137,41,662,91,340,181,1,-1,-1
138,41,662,91,340,182,1,-1,-1
139,41,662,91,340,182,1,-1,-1
140,41,662,91,340,182,1,-1,-1
141,41,662,91,340,182,1,-1,-1
142,41,662,91,340,182,1,-1,-1
143,41,662,91,340,183,1,-1,-1
144,41,662,91,340,183,1,-1,-1
145,41,662,91,340,183,1,-1,-1
146,41,662,91,340,183,1,-1,-1
147,41,662,91,340,184,1,-1,-1
148,41,662,91,340,184,1,-1,-1
149,41,662,91,340,184,1,-1,-1
150,41,662,91,340,184,1,-1,-1
151,41,662,91,340,184,1,-1,-1
152,41,662,91,340,185,1,-1,-1
153,41,662,91,340,185,1,-1,-1
154,41,662,91,340,185,1,-1,-1
155,41,662,91,340,185,1,-1,-1
156,41,662,91,340,185,1,-1,-1
157,41,662,91,340,186,1,-1,-1
158,41,662,91,340,186,1,-1,-1
159,41,662,91,340,186,1,-1,-1
160,41,662,91,340,186,1,-1,-1
161,41,662,91,340,187,1,-1,-1
162,41,662,91,340,187,1,-1,-1
163,41,662,91,340,187,1,-1,-1
164,41,662,91,340,187,1,-1,-1
165,41,662,91,340,187,1,-1,-1
166,41,662,91,340,188,1,-1,-1
167,41,662,91,340,188,1,-1,-1
168,41,662,91,340,188,1,-1,-1
169,41,662,91,340,188,1,-1,-1
170,41,662,91,340,189,1,-1,-1
171,41,662,91,340,189,1,-1,-1
172,41,662,91,340,189,1,-1,-1
173,41,662,91,340,189,1,-1,-1
174,41,662,91,340,189,1,-1,-1
175,41,662,91,340,190,1,-1,-1
176,41,662,91,340,190,1,-1,-1
177,41,662,91,340,190,1,-1,-1
178,41,662,91,340,190,1,-1,-1
179,41,662,91,340,191,1,-1,-1
180,41,662,91,340,191,1,-1,-1
181,41,662,91,340,191,1,-1,-1
182,41,662,91,340,191,1,-1,-1
183,41,662,91,340,191,1,-1,-1
184,41,662,91,340,192,1,-1,-1
185,41,662,91,340,192,1,-1,-1
186,41,662,91,340,192,1,-1,-1
187,41,662,91,340,192,1,-1,-1
188,41,662,91,340,192,1,-1,-1
189,41,662,91,340,193,1,-1,-1
190,41,662,91,340,193,1,-1,-1
191,41,662,91,340,193,1,-1,-1
192,41,662,91,340,193,1,-1,-1
193,41,662,91,340,194,1,-1,-1
194,41,662,91,340,194,1,-1,-1
195,41,662,91,340,194,1,-1,-1
196,41,662,91,340,194,1,-1,-1
197,41,662,91,340,194,1,-1,-1
198,41,662,91,340,195,1,-1,-1
199,41,662,91,340,195,1,-1,-1
200,41,662,91,340,195,1,-1,-1
201,41,662,91,340,195,1,-1,-1
202,41,662,91,340,196,1,-1,-1
203,41,662,91,340,196,1,-1,-1
204,41,662,91,340,196,1,-1,-1
205,41,662,91,340,196,1,-1,-1
206,41,662,91,340,196,1,-1,-1
207,41,662,91,340,197,1,-1,-1
208,41,662,91,340,197,1,-1,-1
209,41,662,91,340,197,1,-1,-1
210,41,662,91,340,197,1,-1,-1
211,41,662,91,340,198,1,-1,-1
212,41,662,91,340,198,1,-1,-1
213,41,662,91,340,198,1,-1,-1
214,41,662,91,340,198,1,-1,-1
215,41,662,91,340,198,1,-1,-1
216,41,662,91,340,199,1,-1,-1
217,41,662,91,340,199,1,-1,-1
218,41,662,91,340,199,1,-1,-1
219,41,662,91,340,199,1,-1,-1
220,41,662,91,340,200,1,-1,-1
221,41,662,91,340,200,1,-1,-1
222,41,662,91,340,200,1,-1,-1
223,41,662,91,340,200,1,-1,-1
224,41,662,91,340,200,1,-1,-1
225,41,662,91,340,201,1,-1,-1
226,41,662,91,340,201,1,-1,-1
227,41,662,91,340,201,1,-1,-1
228,41,662,91,340,201,1,-1,-1
229,41,662,91,340,201,1,-1,-1
230,41,662,91,340,202,1,-1,-1
231,41,662,91,340,202,1,-1,-1
232,41,662,91,340,202,1,-1,-1
233,41,662,91,340,202,1,-1,-1
234,41,662,91,340,203,1,-1,-1
235,41,662,91,340,203,1,-1,-1
236,41,662,91,340,203,1,-1,-1
237,41,662,91,340,203,1,-1,-1
238,41,662,91,340,203,1,-1,-1
239,41,662,91,340,204,1,-1,-1
240,41,662,91,340,204,1,-1,-1
241,41,662,91,340,204,1,-1,-1
242,41,662,91,340,204,1,-1,-1
243,41,662,91,340,205,1,-1,-1
244,41,662,91,340,205,1,-1,-1
245,41,662,91,340,205,1,-1,-1
246,41,662,91,340,205,1,-1,-1
247,41,662,91,340,205,1,-1,-1
248,41,662,91,340,206,1,-1,-1
249,41,662,91,340,206,1,-1,-1
250,41,662,91,340,206,1,-1,-1
251,41,662,91,340,206,1,-1,-1
252,41,662,91,340,207,1,-1,-1
253,41,662,91,340,207,1,-1,-1
254,41,662,91,340,207,1,-1,-1
255,41,662,91,340,207,1,-1,-1
256,41,662,91,340,207,1,-1,-1
257,41,662,91,340,208,1,-1,-1
258,41,662,91,340,208,1,-1,-1
259,41,662,91,340,208,1,-1,-1
260,41,662,91,340,208,1,-1,-1
261,41,662,91,341,209,1,-1,-1
262,41,662,91,341,209,1,-1,-1
263,41,662,91,341,209,1,-1,-1
264,41,662,91,341,209,1,-1,-1
265,41,662,91,341,209,1,-1,-1
266,41,662,91,341,209,1,-1,-1
267,41,662,91,341,209,1,-1,-1
268,41,662,91,341,209,1,-1,-1
269,41,662,91,341,209,1,-1,-1
270,41,662,91,341,209,1,-1,-1
271,41,662,91,341,209,1,-1,-1
272,41,662,91,341,209,1,-1,-1
273,41,662,91,341,209,1,-1,-1
274,41,662,91,341,209,1,-1,-1
275,41,662,91,341,209,1,-1,-1
276,41,662,91,341,209,1,-1,-1
277,41,662,91,341,209,1,-1,-1
278,41,662,91,341,209,1,-1,-1
279,41,662,91,341,209,1,-1,-1
280,41,662,91,341,209,1,-1,-1
281,41,662,91,341,209,1,-1,-1
282,41,662,91,341,209,1,-1,-1
283,41,662,91,341,209,1,-1,-1
284,41,662,91,341,209,1,-1,-1
285,41,662,91,341,209,1,-1,-1
286,41,662,91,341,209,1,-1,-1
287,41,662,91,341,209,1,-1,-1
288,41,662,91,341,209,1,-1,-1
289,41,662,91,341,209,1,-1,-1
290,41,662,91,341,209,1,-1,-1
291,41,662,91,341,209,1,-1,-1
292,41,662,91,341,209,1,-1,-1
293,41,662,91,341,209,1,-1,-1
294,41,662,91,341,209,1,-1,-1
295,41,662,91,341,209,1,-1,-1
296,41,662,91,341,209,1,-1,-1
297,41,662,91,341,209,1,-1,-1
298,41,662,91,341,209,1,-1,-1
299,41,662,91,341,209,1,-1,-1
300,41,662,91,341,209,1,-1,-1
301,41,662,91,341,209,1,-1,-1
302,41,662,91,341,209,1,-1,-1
303,41,662,91,341,209,1,-1,-1
304,41,662,91,341,209,1,-1,-1
305,41,662,91,341,209,1,-1,-1
306,41,662,91,341,209,1,-1,-1
307,41,662,91,341,209,1,-1,-1
308,41,662,91,341,209,1,-1,-1
309,41,662,91,341,209,1,-1,-1
310,41,662,91,341,209,1,-1,-1
311,41,662,91,341,209,1,-1,-1
312,41,662,91,341,209,1,-1,-1
313,41,662,91,341,209,1,-1,-1
314,41,662,91,341,209,1,-1,-1
315,41,662,91,341,209,1,-1,-1
316,41,662,91,341,209,1,-1,-1
317,41,662,91,341,209,1,-1,-1
318,41,662,91,341,209,1,-1,-1
319,41,662,91,341,209,1,-1,-1
320,41,662,91,341,209,1,-1,-1
321,41,662,91,341,209,1,-1,-1
322,41,662,91,341,209,1,-1,-1
