161,1,0,243,38,41,2,1,1
162,1,0,241,42,43,2,1,1
163,1,0,240,46,44,2,1,1
164,1,0,239,50,46,2,1,1
165,1,0,239,53,45,2,1,1
166,1,0,239,56,45,2,1,1
167,1,0,239,59,45,3,1,1
168,1,0,239,62,44,3,1,1
169,1,0,239,65,44,3,1,1
170,1,0,239,69,44,3,1,1
171,1,3,238,69,44,1,1,1
172,1,6,238,69,44,1,1,1
173,1,9,238,69,44,1,1,1
174,1,13,238,69,44,1,1,1
175,1,16,238,69,44,1,1,1
176,1,19,237,69,44,1,1,1
177,1,22,237,69,44,1,1,1
178,1,26,237,69,44,1,1,1
179,1,29,237,69,44,1,1,1
180,1,32,237,69,44,1,1,1
181,1,36,237,69,44,1,1,1
182,1,39,236,68,44,1,1,1
183,1,43,236,67,43,1,1,1
184,1,46,235,67,44,1,1,1
185,1,50,235,66,43,1,1,1
186,1,54,235,65,43,1,1,1
187,1,56,234,65,43,1,1,1
188,1,59,234,65,43,1,1,1
189,1,62,234,65,43,1,1,1
190,1,65,234,65,43,1,1,1
191,1,68,234,65,43,1,1,1
192,1,71,234,65,43,1,1,1
193,1,74,234,64,42,1,1,1
194,1,78,234,62,42,1,1,1
195,1,81,234,61,42,1,1,1
196,1,85,234,59,42,1,1,1
197,1,88,234,58,42,1,1,1
198,1,92,235,57,41,1,1,1
199,1,94,235,57,40,1,1,1
200,1,97,235,56,40,1,1,1
201,1,100,235,55,40,1,1,1
202,1,102,235,55,40,1,1,1
203,1,105,235,54,40,1,1,1
204,1,108,235,53,40,1,1,1
205,1,111,235,53,40,1,1,1
206,1,113,235,53,39,1,1,1
207,1,116,235,52,39,1,1,1
208,1,118,235,52,39,1,1,1
209,1,121,235,52,39,1,1,1
210,1,123,235,52,39,1,1,1
211,1,126,235,51,39,1,1,1
212,1,128,235,51,39,1,1,1
213,1,131,235,51,39,1,1,1
214,1,133,234,50,40,1,1,1
215,1,135,234,49,41,1,1,1
216,1,138,234,48,42,1,1,1
217,1,140,234,47,43,1,1,1
218,1,142,234,46,44,1,1,1
219,1,145,234,45,45,1,1,1
220,1,146,234,45,45,1,1,1
221,1,148,234,44,45,1,1,1
222,1,150,234,44,45,1,1,1
223,1,152,234,43,45,1,1,1
224,1,154,234,42,45,1,1,1
225,1,156,234,42,45,1,1,1
226,1,158,234,41,45,1,1,1
227,1,160,234,41,45,1,1,1
228,1,161,234,41,45,1,1,1
229,1,163,234,40,45,1,1,1
230,1,165,234,39,45,1,1,1
231,1,166,234,39,45,1,1,1
232,1,168,234,38,45,1,1,1
233,1,170,234,37,45,1,1,1
234,1,172,234,36,45,1,1,1
235,1,173,234,36,45,1,1,1
236,1,175,234,35,45,1,1,1
237,1,177,234,34,45,1,1,1
238,1,179,234,34,45,1,1,1
239,1,180,234,34,45,1,1,1
240,1,181,234,34,45,1,1,1
241,1,182,235,34,44,1,1,1
242,1,184,235,33,44,1,1,1
243,1,185,235,33,44,1,1,1
244,1,186,236,33,43,1,1,1
245,1,187,236,33,43,1,1,1
246,1,189,237,33,43,1,1,1
247,1,189,237,34,43,1,1,1
248,1,189,238,35,42,1,1,1
249,1,189,239,37,42,1,1,1
250,1,189,239,38,42,1,1,1
251,1,189,240,39,41,1,1,1
252,1,189,241,41,41,1,1,1
253,1,189,241,42,41,1,1,1
254,1,190,241,42,42,1,1,1
255,1,190,241,43,42,1,1,1
256,1,191,241,43,43,1,1,1
257,1,192,241,43,43,1,1,1
258,1,192,241,44,44,1,1,1
259,1,193,241,44,44,1,1,1
260,1,193,241,45,45,1,1,1
261,1,194,241,45,45,1,1,1
262,1,195,242,45,45,1,1,1
263,1,195,242,45,44,1,1,1
264,1,195,242,46,44,1,1,1
265,1,195,243,46,43,1,1,1
266,1,195,243,47,43,1,1,1
267,1,195,243,47,42,1,1,1
268,1,195,244,48,41,1,1,1
269,1,195,244,48,41,1,1,1
270,1,196,245,48,40,1,1,1
271,1,196,246,48,40,1,1,1
272,1,196,247,48,40,1,1,1
273,1,196,249,48,40,1,1,1
274,1,196,250,48,40,1,1,1
275,1,196,252,48,40,1,1,1
276,1,196,251,47,41,1,1,1
277,1,196,251,47,41,1,1,1
278,1,196,251,47,41,1,1,1
279,1,195,251,48,41,1,1,1
280,1,195,251,48,41,1,1,1
281,1,195,251,48,41,1,1,1
282,1,194,251,49,41,1,1,1
283,1,194,251,50,41,1,1,1
284,1,194,251,50,41,1,1,1
285,1,193,251,51,41,1,1,1
286,1,193,251,51,41,1,1,1
287,1,193,252,52,41,1,1,1
288,1,192,252,53,42,1,1,1
289,1,192,252,53,43,1,1,1
290,1,191,253,54,43,1,1,1
291,1,191,253,54,44,1,1,1
292,1,190,253,55,45,1,1,1
293,1,190,254,56,45,1,1,1
294,1,189,254,56,45,1,1,1
295,1,188,254,57,45,1,1,1
296,1,188,254,56,45,1,1,1
297,1,187,255,57,45,1,1,1
298,1,186,255,57,45,1,1,1
299,1,186,255,57,45,1,1,1
300,1,185,255,57,45,1,1,1
301,1,185,256,57,45,1,1,1
302,1,184,256,57,45,1,1,1
303,1,183,257,58,44,1,1,1
304,1,182,258,58,43,1,1,1
305,1,181,259,59,43,1,1,1
306,1,180,259,59,44,1,1,1
307,1,179,260,59,44,1,1,1
308,1,178,261,59,44,1,1,1
309,1,178,262,58,44,1,1,1
310,1,177,263,58,44,1,1,1
311,1,176,264,58,44,1,1,1
312,1,176,265,58,44,1,1,1
313,1,174,265,59,44,1,1,1
314,1,172,265,60,44,1,1,1
315,1,170,266,61,44,1,1,1
316,1,168,266,62,44,1,1,1
317,1,167,266,62,45,1,1,1
318,1,165,267,63,44,1,1,1
319,1,163,267,65,45,1,1,1
320,1,161,268,66,44,1,1,1
321,1,160,268,66,45,1,1,1
322,1,158,268,67,45,1,1,1
323,1,156,269,68,45,1,1,1
324,1,154,269,69,45,1,1,1
325,1,153,270,70,45,1,1,1
326,1,150,269,70,46,1,1,1
327,1,147,269,70,46,1,1,1
328,1,144,268,71,47,1,1,1
329,1,141,268,71,47,1,1,1
330,1,138,267,71,48,1,1,1
331,1,136,267,71,49,1,1,1
332,1,134,267,70,49,1,1,1
333,1,132,268,70,48,1,1,1
334,1,130,269,70,47,1,1,1
335,1,128,270,70,46,1,1,1
336,1,126,271,70,45,1,1,1
337,1,124,272,70,44,1,1,1
338,1,123,273,69,44,1,1,1
339,1,122,273,69,44,1,1,1
340,1,121,273,69,44,1,1,1
341,1,121,274,69,44,1,1,1
342,1,120,274,69,44,1,1,1
343,1,120,274,69,44,1,1,1
344,1,119,275,69,44,1,1,1
345,1,119,275,69,44,1,1,1
346,1,118,275,69,44,1,1,1
347,1,118,276,69,44,1,1,1
348,1,116,276,70,44,1,1,1
349,1,115,276,70,44,1,1,1
350,1,113,276,71,44,1,1,1
351,1,112,277,71,43,1,1,1
352,1,111,277,72,44,1,1,1
353,1,109,277,73,44,1,1,1
354,1,108,278,73,43,1,1,1
355,1,106,278,74,43,1,1,1
356,1,105,278,75,44,1,1,1
357,1,104,279,75,43,1,1,1
358,1,102,279,76,43,1,1,1
359,1,101,279,76,43,1,1,1
360,1,100,280,77,43,1,1,1
361,1,98,280,77,43,1,1,1
362,1,97,280,77,43,1,1,1
363,1,96,280,77,43,1,1,1
364,1,95,280,77,43,1,1,1
365,1,93,281,77,43,1,1,1
366,1,92,281,77,43,1,1,1
367,1,91,281,77,43,1,1,1
368,1,90,281,77,43,1,1,1
369,1,89,282,77,43,1,1,1
370,1,87,282,77,43,1,1,1
371,1,85,282,77,43,1,1,1
372,1,84,282,77,43,1,1,1
373,1,82,282,77,43,1,1,1
374,1,80,282,77,43,1,1,1
375,1,79,283,77,43,1,1,1
376,1,77,283,77,43,1,1,1
377,1,75,283,77,43,1,1,1
378,1,73,283,77,43,1,1,1
379,1,71,284,77,43,1,1,1
380,1,69,284,77,43,1,1,1
381,1,67,284,77,43,1,1,1
382,1,66,285,77,43,1,1,1
383,1,64,284,77,43,1,1,1
384,1,62,284,77,43,1,1,1
385,1,60,283,77,43,1,1,1
386,1,58,283,77,43,1,1,1
387,1,56,283,77,43,1,1,1
388,1,54,282,77,43,1,1,1
389,1,52,282,77,43,1,1,1
390,1,50,282,77,43,1,1,1
391,1,48,281,77,43,1,1,1
392,1,46,281,77,43,1,1,1
393,1,45,281,77,43,1,1,1
394,1,43,281,77,43,1,1,1
395,1,42,281,77,43,1,1,1
396,1,40,281,77,43,1,1,1
397,1,38,281,77,43,1,1,1
398,1,36,282,77,43,1,1,1
399,1,34,282,77,43,1,1,1
400,1,32,282,77,43,1,1,1
401,1,31,283,77,43,1,1,1
402,1,28,282,77,43,1,1,1
403,1,26,282,77,43,1,1,1
404,1,24,282,77,43,1,1,1
405,1,22,282,77,43,1,1,1
406,1,20,282,77,43,1,1,1
407,1,18,282,77,43,1,1,1
408,1,16,282,77,43,1,1,1
409,1,14,282,77,43,1,1,1
410,1,12,282,77,43,1,1,1
411,1,10,282,77,43,1,1,1
412,1,8,282,76,42,1,1,1
413,1,7,282,75,42,1,1,1
414,1,6,282,74,42,1,1,1
415,1,5,282,73,42,1,1,1
416,1,3,282,72,41,1,1,1
417,1,2,282,71,41,1,1,1
418,1,1,282,70,41,3,1,1
419,1,0,282,69,41,3,1,1
420,1,0,282,66,41,3,1,1
421,1,0,282,64,41,3,1,1
422,1,0,282,61,41,3,1,1
423,1,0,282,59,41,3,1,1
424,1,0,282,57,41,3,1,1
425,1,0,281,55,41,3,1,1
426,1,0,281,54,40,1,1,1
427,1,0,281,52,39,2,1,1
428,1,0,281,51,38,2,1,1
429,1,0,281,49,37,2,1,1
430,1,0,281,48,36,2,1,1
1,2,0,383,186,117,2,1,3
2,2,0,381,185,117,2,1,3
3,2,0,380,184,117,2,1,3
4,2,0,379,184,117,2,1,3
5,2,0,378,183,117,2,1,3
6,2,0,377,183,117,2,1,3
7,2,0,376,182,117,2,1,3
8,2,0,375,182,117,2,1,3
9,2,0,374,181,117,2,1,3
10,2,0,373,181,117,2,1,3
11,2,0,371,180,117,2,1,3
12,2,0,370,179,117,2,1,3
13,2,0,369,178,116,2,1,3
14,2,0,368,178,116,2,1,3
15,2,0,367,177,115,2,1,3
16,2,0,366,176,115,2,1,3
17,2,0,365,175,115,2,1,3
18,2,0,364,175,114,2,1,3
19,2,0,363,174,114,2,1,3
20,2,0,362,173,113,2,1,3
21,2,0,361,172,113,2,1,3
22,2,0,360,172,113,2,1,3
23,2,0,359,171,112,2,1,3
24,2,0,358,171,111,2,1,3
25,2,0,357,171,110,2,1,3
26,2,0,356,171,109,2,1,3
27,2,0,355,171,108,2,1,3
28,2,0,354,171,107,2,1,3
29,2,0,353,170,106,2,1,3
30,2,0,352,170,105,2,1,3
31,2,0,351,170,104,2,1,3
32,2,0,350,170,103,2,1,3
33,2,0,349,170,102,2,1,3
34,2,0,349,170,101,2,1,3
35,2,0,347,169,101,2,1,3
36,2,0,346,169,101,2,1,3
37,2,0,345,169,101,2,1,3
38,2,0,344,169,101,2,1,3
39,2,0,343,169,101,2,1,3
40,2,0,341,169,101,2,1,3
41,2,0,340,169,101,2,1,3
42,2,0,339,169,101,2,1,3
43,2,0,338,169,101,2,1,3
44,2,0,337,169,101,2,1,3
45,2,0,336,169,101,2,1,3
46,2,0,334,169,101,2,1,3
47,2,0,333,169,101,2,1,3
48,2,0,332,169,101,2,1,3
49,2,0,331,169,101,2,1,3
50,2,0,330,169,101,2,1,3
51,2,0,329,169,101,2,1,3
52,2,0,327,169,101,2,1,3
53,2,0,326,169,100,2,1,3
54,2,0,325,169,99,2,1,3
55,2,0,324,170,98,2,1,3
56,2,0,323,170,97,2,1,3
57,2,0,322,170,96,2,1,3
58,2,0,321,171,95,2,1,3
59,2,0,320,171,94,2,1,3
60,2,0,319,171,93,2,1,3
61,2,0,318,171,92,2,1,3
62,2,0,317,172,91,2,1,3
63,2,0,316,172,90,2,1,3
64,2,0,315,172,89,2,1,3
65,2,0,314,173,89,2,1,3
66,2,0,312,173,89,2,1,3
67,2,0,311,173,89,2,1,3
68,2,0,310,173,89,2,1,3
69,2,0,309,174,89,2,1,3
70,2,0,308,174,89,2,1,3
71,2,0,307,174,89,2,1,3
72,2,0,306,174,89,2,1,3
73,2,0,305,175,89,2,1,3
74,2,0,304,175,89,2,1,3
75,2,0,303,175,89,2,1,3
76,2,0,302,176,89,2,1,3
77,2,0,300,176,89,2,1,3
78,2,0,298,177,89,2,1,3
79,2,0,297,177,89,2,1,3
80,2,0,295,178,89,2,1,3
81,2,0,294,179,88,2,1,3
82,2,0,292,179,89,2,1,3
83,2,0,291,180,88,2,1,3
84,2,0,289,181,88,2,1,3
85,2,0,288,181,88,2,1,3
86,2,0,286,182,88,2,1,3
87,2,0,285,183,88,2,1,3
88,2,0,283,183,88,2,1,3
89,2,0,282,184,88,2,1,3
90,2,0,281,185,88,2,1,3
91,2,0,280,186,88,3,1,3
92,2,0,279,187,88,3,1,3
93,2,0,278,187,87,3,1,3
94,2,0,277,188,87,3,1,3
95,2,0,276,189,87,3,1,3
96,2,0,275,190,87,3,1,3
97,2,0,274,191,87,3,1,3
98,2,0,273,192,87,3,1,3
99,2,0,271,192,87,3,1,3
100,2,0,270,192,86,3,1,3
101,2,0,269,193,85,3,1,3
102,2,0,268,193,84,3,1,3
103,2,0,267,193,83,3,1,3
104,2,0,266,194,82,3,1,3
105,2,0,264,195,82,3,1,3
106,2,1,263,195,82,3,1,3
107,2,1,262,196,82,3,1,3
108,2,2,261,196,82,3,1,3
109,2,2,260,197,82,3,1,3
110,2,3,259,197,81,3,1,3
111,2,3,258,198,81,3,1,3
112,2,4,256,198,82,3,1,3
113,2,4,255,199,82,3,1,3
114,2,5,254,199,82,3,1,3
115,2,5,253,200,81,3,1,3
116,2,6,252,200,81,3,1,3
117,2,6,251,201,81,3,1,3
118,2,7,250,201,81,3,1,3
119,2,8,249,202,81,3,1,3
120,2,9,248,201,81,3,1,3
121,2,10,247,201,81,1,1,3
122,2,12,246,200,81,1,1,3
123,2,13,245,200,81,1,1,3
124,2,15,244,199,81,1,1,3
125,2,16,243,199,81,1,1,3
126,2,18,242,198,81,1,1,3
127,2,19,241,198,81,1,1,3
128,2,21,240,197,82,1,1,3
129,2,22,239,196,81,1,1,3
130,2,24,238,195,81,1,1,3
131,2,26,237,193,81,1,1,3
132,2,27,236,193,81,1,1,3
133,2,29,235,191,80,1,1,3
134,2,31,234,190,80,1,1,3
135,2,32,233,189,80,1,1,3
136,2,34,232,188,80,1,1,3
137,2,36,231,187,80,1,1,3
138,2,37,230,187,80,1,1,3
139,2,39,229,186,80,1,1,3
140,2,41,228,185,80,1,1,3
141,2,43,227,184,80,1,1,3
142,2,45,226,183,80,1,1,3
143,2,47,225,182,80,1,1,3
144,2,49,225,182,79,1,1,3
145,2,51,224,181,79,1,1,3
146,2,53,223,180,79,1,1,3
147,2,55,222,179,79,1,1,3
148,2,57,221,178,79,1,1,3
149,2,59,220,177,79,1,1,3
150,2,61,220,177,79,1,1,3
151,2,62,219,176,79,1,1,3
152,2,64,218,175,80,1,1,3
153,2,66,217,174,80,1,1,3
154,2,68,217,173,80,1,1,3
155,2,69,216,173,80,1,1,3
156,2,71,215,172,81,1,1,3
157,2,73,215,171,80,1,1,3
158,2,75,214,170,81,1,1,3
159,2,77,213,169,81,1,1,3
160,2,78,212,169,82,1,1,3
161,2,80,212,168,81,1,1,3
162,2,82,211,167,82,1,1,3
163,2,84,210,166,82,1,1,3
164,2,86,210,165,82,1,1,3
165,2,88,209,165,82,1,1,3
166,2,90,208,165,82,1,1,3
167,2,92,208,165,82,1,1,3
168,2,94,207,165,82,1,1,3
169,2,96,206,165,82,1,1,3
170,2,99,206,165,82,1,1,3
171,2,100,205,165,82,1,1,3
172,2,102,204,165,82,1,1,3
173,2,104,204,165,82,1,1,3
174,2,106,203,165,82,1,1,3
175,2,108,203,165,82,1,1,3
176,2,110,202,165,82,1,1,3
177,2,112,202,165,82,1,1,3
178,2,114,201,165,82,1,1,3
179,2,116,201,165,82,1,1,3
180,2,118,200,165,82,1,1,3
181,2,120,200,165,82,1,1,3
182,2,121,199,163,82,1,1,3
183,2,122,198,161,82,1,1,3
184,2,124,198,159,81,1,1,3
185,2,125,197,157,81,1,1,3
186,2,127,197,155,80,1,1,3
187,2,129,196,155,80,1,1,3
188,2,131,195,155,80,1,1,3
189,2,133,195,155,80,1,1,3
190,2,135,194,155,80,1,1,3
191,2,137,193,155,80,1,1,3
192,2,140,193,155,80,1,1,3
193,2,143,192,152,80,1,1,3
194,2,146,192,149,80,1,1,3
195,2,149,191,147,81,1,1,3
196,2,152,191,144,80,1,1,3
197,2,155,190,141,81,1,1,3
198,2,158,190,139,81,1,1,3
199,2,160,190,139,81,1,1,3
200,2,162,190,139,81,1,1,3
201,2,164,190,139,81,1,1,3
202,2,166,190,139,81,1,1,3
203,2,168,190,139,81,1,1,3
204,2,170,190,139,81,1,1,3
205,2,173,190,139,81,1,1,3
206,2,175,189,139,81,1,1,3
207,2,177,188,139,81,1,1,3
208,2,180,188,139,81,1,1,3
209,2,182,187,139,81,1,1,3
210,2,184,186,139,81,1,1,3
211,2,187,186,139,81,1,1,3
212,2,189,185,139,81,1,1,3
213,2,192,185,139,81,1,1,3
214,2,194,184,138,81,1,1,3
215,2,196,184,137,81,1,1,3
216,2,198,184,136,81,1,1,3
217,2,200,184,135,81,1,1,3
218,2,202,184,134,81,1,1,3
219,2,205,184,133,81,1,1,3
220,2,207,183,133,81,1,1,3
221,2,209,183,133,80,1,1,3
222,2,212,183,132,80,1,1,3
223,2,214,183,133,79,1,1,3
224,2,216,182,133,79,1,1,3
225,2,219,182,132,79,1,1,3
226,2,221,182,132,78,1,1,3
227,2,224,182,132,78,1,1,3
228,2,226,181,131,78,1,1,3
229,2,229,181,130,78,1,1,3
230,2,232,181,129,78,1,1,3
231,2,235,181,128,78,1,1,3
232,2,238,181,127,78,1,1,3
233,2,240,181,127,77,1,1,3
234,2,243,181,126,77,1,1,3
235,2,246,181,125,77,1,1,3
236,2,249,181,124,77,1,1,3
237,2,252,181,123,77,1,1,3
238,2,255,181,122,77,1,1,3
239,2,257,181,122,77,1,1,3
240,2,260,181,122,77,1,1,3
241,2,263,181,122,77,1,1,3
242,2,266,181,122,77,1,1,3
243,2,269,181,121,77,1,1,3
244,2,272,181,121,77,1,1,3
245,2,275,181,121,77,1,1,3
246,2,278,181,121,77,1,1,3
247,2,280,181,121,77,1,1,3
248,2,282,182,121,77,1,1,3
249,2,284,183,121,77,1,1,3
250,2,286,183,121,77,1,1,3
251,2,288,184,121,77,1,1,3
252,2,291,185,121,77,1,1,3
253,2,293,185,121,77,1,1,3
254,2,296,185,121,77,1,1,3
255,2,299,185,120,77,1,1,3
256,2,302,185,120,77,1,1,3
257,2,305,185,119,77,1,1,3
258,2,308,185,119,77,1,1,3
259,2,311,185,118,77,1,1,3
260,2,314,185,118,77,1,1,3
261,2,317,185,117,77,1,1,3
262,2,320,186,117,77,1,1,3
263,2,322,186,117,77,1,1,3
264,2,324,186,117,77,1,1,3
265,2,326,186,117,77,1,1,3
266,2,328,186,117,78,1,1,3
267,2,330,186,117,78,1,1,3
268,2,332,186,117,78,1,1,3
269,2,334,186,117,78,1,1,3
270,2,337,186,117,79,1,1,3
271,2,339,186,117,79,1,1,3
272,2,341,186,117,79,1,1,3
273,2,343,186,117,80,1,1,3
274,2,345,186,117,80,1,1,3
275,2,348,186,116,81,1,1,3
276,2,350,187,114,81,1,1,3
277,2,352,189,113,80,1,1,3
278,2,355,191,111,80,1,1,3
279,2,357,191,111,80,1,1,3
280,2,360,191,110,80,1,1,3
281,2,362,192,111,80,1,1,3
282,2,365,192,110,80,1,1,3
283,2,367,193,110,79,1,1,3
284,2,370,193,110,80,1,1,3
285,2,372,194,110,79,1,1,3
286,2,375,194,109,79,1,1,3
287,2,378,195,109,79,1,1,3
288,2,379,195,109,79,1,1,3
289,2,381,195,109,79,1,1,3
290,2,383,196,109,79,1,1,3
291,2,385,196,109,79,1,1,3
292,2,387,196,109,79,1,1,3
293,2,389,197,109,79,1,1,3
294,2,390,197,109,79,1,1,3
295,2,392,198,109,79,1,1,3
296,2,393,198,109,79,1,1,3
297,2,395,199,109,79,1,1,3
298,2,397,199,109,79,1,1,3
299,2,398,200,109,79,1,1,3
300,2,400,200,109,79,1,1,3
301,2,402,201,109,79,1,1,3
302,2,404,202,109,80,1,1,3
303,2,407,203,109,81,1,1,3
304,2,409,204,109,82,1,1,3
305,2,412,206,109,83,1,1,3
306,2,413,206,109,83,1,1,3
307,2,415,206,109,83,1,1,3
308,2,417,207,109,83,1,1,3
309,2,418,207,109,83,1,1,3
310,2,420,208,109,83,1,1,3
311,2,422,208,109,83,1,1,3
312,2,424,209,109,83,1,1,3
313,2,426,209,109,83,1,1,3
314,2,428,210,109,83,1,1,3
315,2,430,210,109,83,1,1,3
316,2,432,211,109,83,1,1,3
317,2,433,211,109,83,1,1,3
318,2,434,212,109,83,1,1,3
319,2,436,212,109,83,1,1,3
320,2,437,213,109,83,1,1,3
321,2,438,213,109,83,1,1,3
322,2,440,214,109,83,1,1,3
323,2,441,214,109,83,1,1,3
324,2,442,215,109,83,1,1,3
325,2,444,216,109,83,1,1,3
326,2,444,216,109,83,1,1,3
327,2,444,216,109,83,1,1,3
328,2,445,216,109,83,1,1,3
329,2,445,216,109,83,1,1,3
330,2,445,216,109,83,1,1,3
331,2,446,216,109,83,1,1,3
332,2,447,216,109,83,1,1,3
333,2,448,216,109,83,1,1,3
334,2,449,217,109,83,1,1,3
335,2,450,217,109,83,1,1,3
336,2,451,218,109,83,1,1,3
337,2,452,218,109,83,1,1,3
338,2,453,219,109,83,1,1,3
339,2,455,219,109,83,1,1,3
340,2,457,220,109,83,1,1,3
341,2,459,221,109,83,1,1,3
342,2,462,222,109,83,1,1,3
343,2,464,222,109,83,1,1,3
344,2,466,223,109,83,1,1,3
345,2,468,224,109,83,1,1,3
346,2,471,225,109,83,1,1,3
347,2,473,225,109,83,1,1,3
348,2,475,226,109,83,1,1,3
349,2,477,227,109,83,1,1,3
350,2,480,228,109,83,1,1,3
351,2,481,228,109,84,1,1,3
352,2,483,229,109,84,1,1,3
353,2,485,229,109,85,1,1,3
354,2,487,230,108,85,1,1,3
355,2,489,231,108,85,1,1,3
356,2,490,231,109,86,1,1,3
357,2,492,232,108,86,1,1,3
358,2,494,232,108,87,1,1,3
359,2,496,233,108,87,1,1,3
360,2,498,234,108,87,1,1,3
361,2,500,234,108,87,1,1,3
362,2,502,235,108,87,1,1,3
363,2,504,235,108,87,1,1,3
364,2,506,236,108,87,1,1,3
365,2,508,236,108,87,1,1,3
366,2,510,237,108,87,1,1,3
367,2,512,237,108,87,1,1,3
368,2,514,238,108,87,1,1,3
369,2,516,239,108,87,1,1,3
370,2,517,240,108,87,1,1,3
371,2,519,241,108,87,1,1,3
372,2,521,242,108,87,1,1,3
373,2,522,243,108,87,1,1,3
374,2,524,244,108,87,1,1,3
375,2,526,246,108,87,1,1,3
376,2,527,246,109,88,1,1,3
377,2,528,246,110,89,1,1,3
378,2,529,246,111,90,1,1,3
379,2,531,247,111,91,1,1,3
380,2,532,247,112,92,1,1,3
381,2,533,247,113,93,1,1,3
382,2,535,248,113,94,1,1,3
383,2,536,248,112,94,1,1,3
384,2,538,249,111,94,1,1,3
385,2,540,249,110,94,1,1,3
386,2,542,250,109,94,1,1,3
387,2,544,251,108,93,1,1,3
388,2,546,251,107,94,1,1,3
389,2,548,252,106,93,1,1,3
390,2,550,253,105,93,1,1,3
391,2,551,254,105,93,1,1,3
392,2,552,255,106,93,1,1,3
393,2,553,256,107,93,1,1,3
394,2,554,257,108,93,1,1,3
395,2,555,258,109,93,1,1,3
396,2,556,258,109,93,1,1,3
397,2,558,259,109,93,1,1,3
398,2,560,260,109,93,1,1,3
399,2,561,261,109,93,1,1,3
400,2,563,262,109,93,1,1,3
401,2,565,263,109,93,1,1,3
402,2,566,263,109,93,1,1,3
403,2,567,264,109,93,1,1,3
404,2,568,265,109,93,1,1,3
405,2,569,266,109,93,1,1,3
406,2,570,266,109,94,1,1,3
407,2,571,267,109,94,1,1,3
408,2,572,268,109,94,1,1,3
409,2,573,269,109,94,1,1,3
410,2,574,270,110,94,1,1,3
411,2,575,270,110,94,1,1,3
412,2,576,271,110,93,1,1,3
413,2,577,271,111,94,1,1,3
414,2,578,272,111,93,1,1,3
415,2,579,272,111,94,1,1,3
416,2,580,273,112,93,1,1,3
417,2,581,273,112,94,1,1,3
418,2,582,274,112,93,1,1,3
419,2,584,275,112,93,1,1,3
420,2,585,275,112,94,1,1,3
421,2,586,276,113,94,1,1,3
422,2,587,277,114,94,1,1,3
423,2,588,278,114,94,1,1,3
424,2,589,278,115,96,1,1,3
425,2,590,279,116,96,1,1,3
426,2,591,280,116,96,1,1,3
427,2,592,281,117,96,1,1,3
428,2,594,282,117,97,1,1,3
429,2,595,282,117,97,1,1,3
430,2,596,283,117,97,1,1,3
431,2,597,284,117,97,1,1,3
432,2,598,284,117,97,1,1,3
433,2,599,285,117,97,1,1,3
434,2,601,286,117,97,1,1,3
435,2,602,286,117,98,1,1,3
436,2,603,287,117,98,1,1,3
437,2,605,288,116,98,1,1,3
438,2,606,288,117,99,1,1,3
439,2,608,289,116,99,1,1,3
440,2,609,290,116,99,1,1,3
441,2,611,291,116,100,1,1,3
442,2,611,292,116,99,1,1,3
443,2,612,293,116,99,1,1,3
444,2,613,294,116,99,1,1,3
445,2,613,295,117,99,1,1,3
446,2,614,296,117,99,1,1,3
447,2,615,297,117,99,1,1,3
448,2,615,298,118,99,1,1,3
449,2,616,299,118,99,1,1,3
450,2,617,300,118,99,1,1,3
451,2,618,301,118,99,1,1,3
452,2,619,302,118,99,1,1,3
453,2,621,303,118,99,1,1,3
454,2,622,304,118,99,1,1,3
455,2,624,306,118,98,1,1,3
456,2,625,307,119,98,1,1,3
457,2,627,308,118,98,1,1,3
458,2,628,310,119,97,1,1,3
459,2,630,311,118,97,1,1,3
460,2,631,312,119,97,1,4,3
461,2,633,314,119,97,1,4,3
462,2,634,315,119,97,1,4,3
463,2,635,316,119,98,1,4,3
464,2,636,317,119,98,1,4,3
465,2,637,318,119,99,1,4,3
466,2,639,319,119,100,1,4,3
467,2,640,320,119,100,1,4,3
468,2,641,321,119,101,1,4,3
469,2,642,322,119,101,1,4,3
470,2,643,323,119,102,1,4,3
471,2,645,324,119,103,1,4,3
472,2,646,325,119,103,1,4,3
473,2,647,326,120,104,1,4,3
474,2,648,327,120,104,1,4,3
475,2,649,328,121,105,1,4,3
476,2,651,329,120,106,1,4,3
477,2,652,330,121,106,1,4,3
478,2,653,331,121,107,1,4,3
479,2,654,333,122,107,1,4,3
480,2,655,334,122,107,1,3,3
481,2,657,335,122,108,1,3,3
482,2,658,336,122,108,1,3,3
483,2,659,337,123,109,1,3,3
484,2,660,338,123,110,1,3,3
485,2,661,339,124,110,1,3,3
486,2,663,340,123,111,1,3,3
487,2,664,342,124,111,1,3,3
488,2,665,343,124,111,1,3,3
489,2,666,344,125,112,1,3,3
490,2,667,345,125,112,1,3,3
491,2,669,346,125,113,1,3,3
492,2,670,347,125,114,1,3,3
493,2,671,348,126,114,1,3,3
494,2,672,349,126,115,1,3,3
495,2,674,351,126,115,1,3,3
496,2,674,352,127,115,1,3,3
497,2,674,353,128,116,1,3,3
498,2,674,354,129,116,1,3,3
499,2,675,355,130,117,1,3,3
500,2,675,356,131,117,1,4,3
501,2,675,357,132,118,1,4,3
502,2,676,358,133,119,1,4,3
503,2,678,359,133,119,1,4,3
504,2,680,361,133,119,1,4,3
505,2,682,363,133,119,1,4,3
506,2,685,365,133,119,1,4,3
507,2,686,365,133,120,1,4,3
508,2,687,366,133,120,1,4,3
509,2,688,366,133,122,1,4,3
510,2,689,367,133,122,1,4,3
511,2,690,367,133,124,1,4,3
512,2,691,368,133,124,1,4,3
513,2,693,369,132,125,1,4,3
514,2,694,370,133,125,1,4,3
515,2,695,372,134,125,1,4,3
516,2,696,373,135,125,1,4,3
517,2,697,375,136,125,1,4,3
518,2,698,377,137,125,1,4,3
519,2,699,378,138,125,1,4,3
520,2,700,380,139,125,1,3,3
521,2,701,382,140,125,1,3,3
522,2,701,382,141,125,1,3,3
523,2,701,383,143,125,1,3,3
524,2,701,384,145,125,1,3,3
525,2,701,385,146,124,1,3,3
526,2,701,386,148,124,1,3,3
527,2,702,387,149,124,1,3,3
528,2,704,388,149,125,1,3,3
529,2,706,390,149,126,1,3,3
530,2,708,392,149,127,1,3,3
531,2,710,394,149,127,1,3,3
532,2,713,396,149,128,1,3,3
533,2,715,397,149,130,1,3,3
534,2,717,399,149,130,1,3,3
535,2,719,401,149,131,1,3,3
536,2,721,403,149,132,1,3,3
537,2,724,405,149,133,1,3,3
538,2,725,406,150,131,1,3,3
539,2,726,407,152,130,1,3,3
540,2,727,408,153,129,1,3,3
541,2,729,409,154,128,3,3,3
542,2,730,410,155,127,3,3,3
543,2,731,411,157,126,3,3,3
544,2,733,412,157,125,3,3,3
545,2,734,413,159,124,3,3,3
546,2,735,414,160,123,3,3,3
547,2,737,416,161,121,3,3,3
548,2,738,418,161,119,3,3,3
549,2,739,420,161,117,3,3,3
550,2,740,422,161,115,3,3,3
551,2,741,424,161,113,3,3,3
552,2,742,426,161,112,2,3,3
553,2,743,428,161,110,2,3,3
554,2,744,430,161,108,2,3,3
555,2,745,432,161,106,2,3,3
556,2,747,434,161,105,2,3,3
557,2,748,435,160,104,2,3,3
558,2,750,437,159,102,2,3,3
559,2,752,439,157,100,2,3,3
560,2,753,441,157,98,2,3,3
561,2,755,442,155,97,2,3,3
562,2,757,444,154,95,2,3,3
563,2,758,446,153,93,2,3,3
564,2,760,448,152,91,2,3,3
565,2,762,450,151,89,2,3,3
566,2,763,451,149,87,2,3,3
567,2,764,452,147,86,2,3,3
568,2,765,454,145,84,2,3,3
569,2,766,455,143,82,2,3,3
570,2,767,457,141,80,2,3,3
571,2,768,458,139,79,2,3,3
252,3,277,167,35,29,1,3,1
253,3,279,167,36,29,1,3,1
254,3,281,167,37,29,1,3,1
255,3,283,167,38,29,1,3,1
256,3,285,167,39,29,1,3,1
257,3,287,167,40,29,1,3,1
258,3,289,167,41,29,1,3,1
259,3,291,167,42,29,1,3,1
260,3,293,167,43,29,1,3,1
261,3,295,167,44,29,1,3,1
262,3,298,168,44,28,1,3,1
263,3,299,168,44,28,1,3,1
264,3,301,168,44,28,1,3,1
265,3,303,168,44,28,1,3,1
266,3,305,168,44,28,1,3,1
267,3,307,169,44,28,1,3,1
268,3,308,169,44,28,1,3,1
269,3,310,169,44,28,1,3,1
270,3,312,169,44,28,1,3,1
271,3,314,169,44,28,1,3,1
272,3,316,170,44,28,1,4,1
273,3,318,170,44,28,1,4,1
274,3,321,170,44,28,1,4,1
275,3,323,170,44,28,1,4,1
276,3,326,171,44,28,1,4,1
277,3,329,171,44,28,1,4,1
278,3,331,171,44,28,1,4,1
279,3,334,172,44,28,1,4,1
280,3,336,172,44,28,1,4,1
281,3,339,172,44,28,1,4,1
282,3,342,173,44,28,1,4,1
283,3,344,173,44,28,1,4,1
284,3,346,174,44,27,1,4,1
285,3,348,174,44,28,1,4,1
286,3,350,175,44,27,1,4,1
287,3,352,175,44,28,1,4,1
288,3,354,176,44,27,1,4,1
289,3,356,176,44,27,1,4,1
290,3,358,177,44,27,1,4,1
291,3,360,177,44,27,1,4,1
292,3,363,178,43,27,1,1,1
293,3,364,178,43,27,1,1,1
294,3,366,179,43,27,1,1,1
295,3,368,179,43,27,1,1,1
296,3,370,180,43,27,1,1,1
297,3,372,180,43,27,1,1,1
298,3,374,181,43,27,1,1,1
299,3,376,181,43,27,1,1,1
300,3,378,182,43,27,1,1,1
301,3,380,183,43,27,1,1,1
302,3,381,183,43,27,1,1,1
303,3,383,183,42,27,1,1,1
304,3,385,183,41,27,1,1,1
305,3,387,184,40,27,1,1,1
306,3,388,184,40,27,1,1,1
307,3,390,185,40,27,1,1,1
308,3,392,186,40,27,1,1,1
309,3,394,186,40,27,1,1,1
310,3,396,187,40,27,1,1,1
311,3,398,188,40,27,1,1,1
312,3,400,189,40,27,1,1,1
313,3,402,189,40,27,1,1,1
314,3,404,190,40,27,1,1,1
315,3,406,191,40,27,1,1,1
316,3,409,192,40,27,1,1,1
317,3,410,192,40,27,1,1,1
318,3,411,193,41,27,1,1,1
319,3,413,193,40,27,1,1,1
320,3,414,194,41,27,1,1,1
321,3,416,194,40,27,1,1,1
322,3,417,195,41,27,1,4,1
323,3,419,195,40,27,1,4,1
324,3,420,196,41,27,1,4,1
325,3,422,197,41,27,1,4,1
326,3,423,197,41,27,1,4,1
327,3,425,197,41,27,1,4,1
328,3,426,198,41,27,1,4,1
329,3,428,198,41,27,1,4,1
330,3,429,199,41,27,1,4,1
331,3,431,199,41,27,1,4,1
332,3,432,199,41,27,1,4,1
333,3,434,200,41,27,1,4,1
334,3,435,200,41,27,1,4,1
335,3,437,201,41,27,1,4,1
336,3,438,201,41,27,1,4,1
337,3,440,201,41,27,1,4,1
338,3,441,202,41,27,1,4,1
339,3,443,202,41,27,1,4,1
340,3,444,203,41,27,1,4,1
341,3,446,203,41,27,1,3,1
342,3,448,204,41,27,1,3,1
343,3,450,205,41,27,1,3,1
344,3,453,206,41,27,1,3,1
345,3,456,207,41,27,1,3,1
346,3,459,208,41,27,1,3,1
347,3,461,209,41,27,1,3,1
348,3,464,210,41,27,1,3,1
349,3,467,211,41,27,1,3,1
350,3,470,212,41,27,1,3,1
351,3,472,212,41,27,1,3,1
352,3,474,213,41,27,1,3,1
353,3,476,214,41,26,1,3,1
354,3,478,215,41,26,1,3,1
355,3,480,216,41,25,1,3,1
356,3,482,217,41,25,1,3,1
357,3,484,218,41,24,1,3,1
358,3,486,219,41,24,1,3,1
359,3,488,220,41,23,1,3,1
360,3,491,221,40,23,1,3,1
361,3,493,221,40,23,1,3,1
362,3,495,222,41,23,1,3,1
363,3,498,223,40,23,1,3,1
364,3,500,224,41,23,1,3,1
365,3,503,225,40,23,1,3,1
366,3,505,226,41,23,1,3,1
367,3,508,227,40,23,1,3,1
368,3,510,228,41,23,1,3,1
369,3,513,229,41,23,1,3,1
370,3,515,229,41,23,1,3,1
371,3,517,230,41,23,1,2,1
372,3,520,231,41,23,1,2,1
373,3,522,231,41,23,1,2,1
374,3,524,232,41,23,1,2,1
375,3,527,233,41,23,1,2,1
376,3,529,234,41,23,1,2,1
377,3,531,235,41,23,1,2,1
378,3,533,236,41,23,1,2,1
379,3,535,237,41,23,1,2,1
380,3,537,238,41,23,1,2,1
381,3,539,239,41,23,1,2,1
382,3,542,241,41,23,1,2,1
383,3,544,242,40,22,1,2,1
384,3,546,243,40,22,1,2,1
385,3,548,244,40,22,1,2,1
386,3,551,245,39,22,1,2,1
387,3,553,246,38,21,1,2,1
388,3,555,247,38,21,1,2,1
389,3,557,248,38,21,1,2,1
390,3,560,249,37,21,1,2,1
391,3,563,251,37,21,1,2,1
392,3,567,253,37,21,1,2,1
393,3,570,255,37,21,1,2,1
394,3,574,257,37,21,1,2,1
395,3,577,259,37,21,1,2,1
396,3,581,261,37,21,1,2,1
397,3,581,261,37,21,1,2,1
398,3,581,261,37,21,1,2,1
399,3,581,261,37,21,1,2,1
400,3,581,261,37,21,1,2,1
401,3,581,261,37,21,1,2,1
402,3,583,262,37,21,1,2,1
403,3,586,263,37,21,1,2,1
404,3,588,264,37,21,1,2,1
405,3,591,265,37,21,1,2,1
406,3,594,266,37,22,1,2,1
407,3,596,267,37,22,1,2,1
408,3,599,268,37,22,1,2,1
409,3,601,269,37,22,1,2,1
410,3,604,270,37,22,1,2,1
411,3,607,272,37,22,1,2,1
412,3,609,273,36,22,1,2,1
413,3,611,275,36,22,1,2,1
414,3,614,276,35,22,1,2,1
415,3,616,278,35,22,1,2,1
416,3,619,279,34,22,1,2,1
417,3,621,281,33,22,1,2,1
418,3,623,282,33,22,1,2,1
419,3,626,284,32,22,1,2,1
420,3,628,285,32,22,1,2,1
421,3,631,287,31,22,1,2,1
422,3,633,288,32,22,1,2,1
423,3,636,290,32,22,1,2,1
424,3,638,291,33,23,1,2,1
425,3,641,293,33,22,1,2,1
426,3,643,294,34,23,1,2,1
427,3,646,296,34,23,1,2,1
428,3,648,297,35,23,1,2,1
429,3,651,299,35,23,1,2,1
430,3,653,300,36,24,1,2,1
431,3,656,302,36,24,1,2,1
432,3,657,303,37,24,1,2,1
433,3,659,304,37,25,1,2,1
434,3,661,305,37,26,1,2,1
435,3,662,306,39,26,1,2,1
436,3,664,307,39,27,1,2,1
437,3,666,308,39,28,1,2,1
438,3,667,309,41,28,1,2,1
439,3,669,310,41,29,1,2,1
440,3,671,311,41,30,1,2,1
441,3,673,313,42,30,1,2,1
442,3,674,314,43,30,1,2,1
443,3,676,315,43,31,1,2,1
444,3,678,316,43,32,1,2,1
445,3,679,317,45,32,1,2,1
446,3,681,318,45,33,1,2,1
447,3,683,319,45,34,1,2,1
448,3,684,320,47,34,1,2,1
449,3,686,321,47,35,1,2,1
450,3,688,322,47,36,1,2,1
451,3,690,324,48,36,1,2,1
452,3,692,325,48,37,1,2,1
453,3,695,327,48,37,1,2,1
454,3,698,328,47,38,1,2,1
455,3,701,330,47,38,1,2,1
456,3,704,331,46,39,1,2,1
457,3,706,333,47,39,1,2,1
458,3,709,334,46,40,1,2,1
459,3,712,336,46,40,1,2,1
460,3,715,337,45,41,1,2,1
461,3,718,339,45,41,1,3,1
462,3,719,340,46,42,1,3,1
463,3,720,342,47,42,1,3,1
464,3,722,343,48,43,1,3,1
465,3,723,345,49,43,1,3,1
466,3,725,346,50,44,1,3,1
467,3,726,348,51,44,1,3,1
468,3,727,349,52,45,1,3,1
469,3,729,351,53,45,1,3,1
470,3,730,352,54,46,1,3,1
471,3,732,354,55,46,1,3,1
472,3,734,355,56,46,1,3,1
