1,1,87,245,145,74,1,1,1
2,1,89,244,145,74,1,1,1
3,1,91,243,145,74,1,1,1
4,1,93,242,145,74,1,1,1
5,1,95,241,145,74,1,1,1
6,1,97,241,145,74,1,1,1
7,1,99,240,145,74,1,1,1
8,1,101,239,145,74,1,1,1
9,1,103,238,145,74,1,1,1
10,1,105,237,145,74,1,1,1
11,1,107,237,145,74,1,1,1
12,1,109,237,145,74,1,1,1
13,1,111,237,145,74,1,1,1
14,1,114,237,145,74,1,1,1
15,1,116,237,145,74,1,1,1
16,1,119,238,145,74,1,1,1
17,1,121,237,145,73,1,1,1
18,1,124,236,145,72,1,1,1
19,1,127,235,145,72,1,1,1
20,1,130,235,145,70,1,1,1
21,1,133,234,145,70,1,1,1
22,1,136,233,144,69,1,1,1
23,1,139,233,144,67,1,1,1
24,1,142,232,144,67,1,1,1
25,1,145,231,144,66,1,1,1
26,1,148,231,144,65,1,1,1
27,1,150,230,143,65,1,1,1
28,1,152,230,143,65,1,1,1
29,1,155,229,142,65,1,1,1
30,1,157,229,142,65,1,1,1
31,1,160,228,141,65,1,1,1
32,1,162,228,140,65,1,1,1
33,1,165,227,139,65,1,1,1
34,1,167,227,139,65,1,1,1
35,1,170,226,138,65,1,1,1
36,1,172,226,138,65,1,1,1
37,1,175,226,137,65,1,1,1
38,1,177,225,137,66,1,1,1
39,1,180,225,137,66,1,1,1
40,1,182,224,137,67,1,1,1
41,1,185,224,137,67,1,1,1
42,1,187,223,137,68,1,1,1
43,1,190,223,137,68,1,1,1
44,1,192,222,137,69,1,1,1
45,1,195,222,137,70,1,1,1
46,1,197,221,136,70,1,1,1
47,1,200,221,135,69,1,1,1
48,1,202,220,135,70,1,1,1
49,1,205,220,134,69,1,1,1
50,1,207,219,134,70,1,1,1
51,1,210,219,132,69,1,1,1
52,1,212,218,132,70,1,1,1
53,1,215,218,131,69,1,1,1
54,1,217,217,131,70,1,1,1
55,1,220,217,130,69,1,1,1
56,1,223,217,129,69,1,1,1
57,1,225,217,128,69,1,1,1
58,1,227,217,128,69,1,1,1
59,1,229,217,128,69,1,1,1
60,1,232,217,126,69,1,1,1
61,1,234,217,126,69,1,4,1
62,1,236,217,126,69,1,4,1
63,1,239,217,125,69,1,4,1
64,1,241,217,124,69,1,4,1
65,1,243,217,124,69,1,4,1
66,1,245,217,124,69,1,4,1
67,1,248,217,122,69,1,4,1
68,1,250,217,122,69,1,4,1
69,1,252,217,122,69,1,4,1
70,1,255,218,121,69,1,4,1
71,1,257,218,120,69,1,4,1
72,1,259,219,120,68,1,4,1
73,1,261,220,120,68,1,4,1
74,1,263,220,120,68,1,4,1
75,1,265,221,120,68,1,4,1
76,1,267,222,120,67,1,4,1
77,1,269,223,120,67,1,4,1
78,1,271,223,120,67,1,4,1
79,1,273,224,120,67,1,4,1
80,1,275,225,120,66,1,4,1
81,1,277,226,120,66,1,1,1
82,1,279,226,119,66,1,1,1
83,1,281,227,118,66,1,1,1
84,1,283,227,118,66,1,1,1
85,1,285,228,117,66,1,1,1
86,1,287,229,117,65,1,1,1
87,1,289,229,116,66,1,1,1
88,1,291,230,116,65,1,1,1
89,1,293,231,115,65,1,1,1
90,1,295,231,114,65,1,1,1
91,1,297,232,114,65,1,1,1
92,1,299,233,113,64,1,1,1
93,1,301,233,113,65,1,1,1
94,1,303,234,112,64,1,1,1
95,1,305,235,112,64,1,1,1
96,1,306,235,111,64,1,1,1
97,1,308,235,110,64,1,1,1
98,1,310,235,108,64,1,1,1
99,1,311,236,108,63,1,1,1
100,1,313,236,106,63,1,1,1
101,1,315,236,105,63,1,1,1
102,1,317,237,104,63,1,1,1
103,1,318,237,103,63,1,1,1
104,1,319,237,103,63,1,1,1
105,1,321,237,102,63,1,1,1
106,1,322,237,102,63,1,1,1
107,1,323,237,102,63,1,1,1
108,1,325,237,101,63,1,1,1
109,1,326,237,101,63,1,1,1
110,1,327,237,101,63,1,1,1
111,1,329,237,100,63,1,1,1
112,1,330,237,100,63,1,1,1
113,1,331,237,100,63,1,1,1
114,1,333,237,99,63,1,1,1
115,1,334,237,99,63,1,1,1
116,1,335,237,99,63,1,1,1
117,1,337,237,98,63,1,1,1
118,1,338,237,98,63,1,1,1
119,1,339,237,98,63,1,1,1
120,1,341,238,97,62,1,1,1
121,1,342,237,96,62,1,1,1
122,1,343,237,95,62,1,1,1
123,1,344,236,94,62,1,1,1
124,1,345,236,93,62,1,1,1
125,1,346,235,92,62,1,1,1
126,1,347,235,91,62,1,1,1
127,1,348,234,90,62,1,1,1
128,1,349,234,89,62,1,1,1
129,1,350,233,88,62,1,1,1
130,1,351,233,88,62,1,1,1
131,1,352,233,87,61,1,1,1
132,1,353,232,86,62,1,1,1
133,1,354,232,85,61,1,1,1
134,1,355,231,84,62,1,1,1
135,1,356,231,83,61,1,1,1
136,1,357,230,82,62,1,1,1
137,1,358,230,81,61,1,1,1
138,1,359,229,80,62,1,1,1
139,1,360,229,79,61,1,1,1
140,1,361,229,79,61,1,1,1
141,1,361,228,79,61,1,1,1
142,1,362,227,78,61,1,1,1
143,1,362,227,78,60,1,1,1
144,1,363,226,77,61,1,1,1
145,1,364,226,76,60,1,1,1
146,1,364,225,76,60,1,1,1
147,1,365,224,75,61,1,1,1
148,1,365,224,75,60,1,1,1
149,1,366,223,74,60,1,1,1
150,1,367,223,73,60,1,1,1
151,1,368,223,72,59,1,1,1
152,1,369,223,71,58,1,1,1
153,1,370,223,71,57,1,1,1
154,1,371,223,70,56,1,1,1
155,1,372,223,69,55,1,1,1
156,1,373,223,69,54,1,1,1
157,1,374,223,68,53,1,1,1
158,1,375,223,67,52,1,1,1
159,1,377,223,66,52,1,1,1
160,1,377,222,66,52,1,1,1
161,1,377,222,66,52,1,1,1
162,1,377,221,66,52,1,1,1
163,1,378,221,65,52,1,1,1
164,1,378,220,65,52,1,1,1
165,1,378,220,65,52,1,1,1
166,1,378,219,65,53,1,1,1
167,1,379,219,64,52,1,1,1
168,1,379,218,64,53,1,1,1
169,1,379,218,64,52,1,1,1
170,1,379,217,64,53,1,1,1
171,1,380,217,63,52,1,1,1
172,1,380,216,63,53,1,1,1
173,1,380,216,63,53,1,1,1
174,1,380,215,63,53,1,1,1
175,1,381,215,62,53,1,1,1
176,1,381,214,62,53,1,1,1
177,1,381,214,62,53,1,1,1
178,1,382,214,61,53,1,1,1
179,1,382,213,60,53,1,1,1
180,1,382,213,60,53,1,1,1
181,1,382,212,60,53,1,1,1
182,1,382,212,60,53,1,1,1
183,1,382,212,59,53,1,1,1
184,1,382,211,59,53,1,1,1
185,1,382,211,59,53,1,1,1
186,1,382,211,59,53,1,1,1
187,1,382,210,58,53,1,1,1
188,1,382,210,58,53,1,1,1
189,1,382,209,58,53,1,1,1
190,1,382,209,58,53,1,1,1
191,1,382,209,57,53,1,1,1
192,1,382,208,57,53,1,1,1
193,1,382,208,57,53,1,1,1
194,1,382,208,57,53,1,1,1
195,1,382,207,56,53,1,1,1
196,1,382,207,56,52,1,1,1
197,1,383,206,55,53,1,1,1
198,1,383,206,54,52,1,1,1
199,1,383,205,54,52,1,1,1
200,1,384,205,53,52,1,1,1
201,1,383,205,53,51,1,1,1
202,1,383,205,53,51,1,1,1
203,1,383,205,53,51,1,1,1
204,1,383,205,52,50,1,1,1
205,1,383,205,52,50,1,1,1
206,1,382,205,53,50,1,1,1
207,1,382,205,53,50,1,1,1
208,1,382,205,52,49,1,1,1
209,1,382,205,52,49,1,1,1
210,1,382,205,52,49,1,1,1
211,1,382,205,52,49,1,1,1
212,1,381,204,52,49,1,1,1
213,1,380,204,52,49,1,1,1
214,1,380,204,52,49,1,1,1
215,1,379,203,52,49,1,1,1
216,1,378,203,52,49,1,1,1
217,1,378,203,52,49,1,1,1
218,1,377,202,52,49,1,1,1
219,1,377,202,52,49,1,1,1
220,1,376,202,52,49,1,1,1
221,1,376,202,52,49,1,1,1
222,1,375,201,52,49,1,1,1
223,1,375,201,52,49,1,1,1
224,1,374,201,52,49,1,1,1
225,1,374,201,52,49,1,1,1
226,1,373,200,53,49,1,1,1
227,1,373,200,53,49,1,1,1
228,1,373,200,53,49,1,1,1
229,1,373,199,53,49,1,1,1
230,1,373,199,53,49,1,1,1
231,1,373,199,53,49,1,1,1
232,1,373,199,53,49,1,1,1
233,1,372,198,53,49,1,1,1
234,1,372,198,53,49,1,1,1
235,1,371,197,53,49,1,1,1
236,1,371,197,53,49,1,1,1
237,1,370,197,53,48,1,1,1
238,1,370,196,53,49,1,1,1
239,1,369,196,53,48,1,1,1
240,1,369,196,53,48,1,1,1
241,1,368,195,53,48,1,1,1
242,1,368,195,53,48,1,1,1
243,1,367,195,53,47,1,1,1
244,1,367,194,53,48,1,1,1
245,1,366,194,53,47,1,1,1
246,1,366,194,53,47,1,1,1
247,1,365,193,53,47,1,1,1
248,1,364,193,53,46,1,1,1
249,1,364,192,53,46,1,1,1
250,1,363,192,53,46,1,1,1
251,1,363,191,53,46,1,1,1
252,1,362,191,53,45,1,1,1
253,1,361,190,53,46,1,1,1
254,1,361,190,53,45,1,1,1
255,1,360,189,53,45,1,1,1
256,1,360,189,53,45,1,1,1
257,1,359,188,53,45,1,1,1
258,1,358,187,53,45,1,1,1
259,1,357,186,53,45,1,1,1
260,1,356,186,53,45,1,1,1
261,1,355,185,53,45,1,1,1
262,1,354,184,53,45,1,1,1
263,1,353,183,53,45,1,1,1
264,1,352,183,53,45,1,1,1
265,1,351,182,53,45,1,1,1
266,1,350,181,53,45,1,1,1
267,1,349,181,53,45,1,1,1
268,1,348,180,53,45,1,1,1
269,1,347,179,53,45,1,1,1
270,1,346,178,53,45,1,1,1
271,1,345,178,53,45,1,1,1
272,1,344,177,53,45,1,1,1
273,1,343,176,53,45,1,1,1
274,1,343,176,53,45,1,1,1
275,1,342,175,53,45,1,1,1
276,1,341,174,53,45,1,1,1
277,1,340,173,53,45,1,1,1
278,1,339,173,53,44,1,1,1
279,1,338,172,53,44,1,1,1
280,1,338,171,52,44,1,1,1
281,1,337,171,52,43,1,1,1
282,1,336,170,52,43,1,1,1
283,1,335,169,53,44,1,1,1
284,1,334,168,53,44,1,1,1
285,1,333,168,53,43,1,1,1
286,1,333,167,52,43,1,1,1
287,1,332,166,52,43,1,1,1
288,1,331,166,52,42,1,1,1
289,1,330,165,52,42,1,1,1
290,1,329,164,52,42,1,1,1
291,1,329,164,52,42,1,1,1
1,2,178,363,187,102,1,4,1
2,2,195,358,185,101,1,4,1
3,2,212,354,184,100,1,4,1
4,2,229,349,182,99,1,4,1
5,2,246,345,181,98,1,4,1
6,2,263,341,180,97,1,4,1
7,2,280,336,178,96,1,4,1
8,2,297,332,177,95,1,4,1
9,2,314,327,175,94,1,4,1
10,2,331,323,174,93,1,4,1
11,2,348,319,173,92,1,4,1
12,2,362,315,170,91,1,4,1
13,2,376,312,167,89,1,4,1
14,2,390,309,164,87,1,1,1
15,2,404,306,161,85,1,1,1
16,2,419,303,158,84,1,1,1
17,2,431,300,156,83,1,1,1
18,2,443,297,154,82,1,1,1
19,2,455,294,153,82,1,1,1
20,2,467,291,151,81,1,1,1
21,2,479,288,150,81,1,1,1
22,2,491,285,148,80,1,1,1
23,2,503,282,146,79,1,1,1
24,2,515,279,145,79,1,1,1
25,2,527,276,143,78,1,1,1
26,2,540,274,141,77,1,1,1
27,2,550,271,139,76,1,1,1
28,2,560,268,138,76,1,1,1
29,2,571,266,135,75,1,1,1
30,2,581,263,134,74,1,1,1
31,2,592,261,132,73,1,1,1
32,2,602,258,130,73,1,1,1
33,2,613,256,128,72,1,1,1
34,2,623,253,127,71,1,1,1
35,2,634,251,124,70,1,1,1
36,2,644,248,123,70,1,1,1
37,2,655,246,121,69,1,1,1
38,2,663,244,120,68,1,1,1
39,2,672,242,118,67,1,1,1
40,2,681,240,117,66,1,1,1
41,2,690,238,115,65,1,1,1
42,2,699,236,113,64,1,1,1
43,2,708,234,112,63,1,1,1
44,2,717,232,110,62,1,1,1
45,2,726,230,109,62,1,1,1
46,2,733,228,108,61,1,1,1
47,2,741,226,107,61,1,1,1
48,2,748,224,107,61,1,1,1
49,2,756,223,106,59,1,1,1
50,2,764,221,105,59,1,1,1
51,2,771,219,104,59,1,1,1
52,2,779,217,103,59,1,1,1
53,2,787,216,102,57,1,1,1
54,2,794,214,102,57,1,1,1
55,2,802,212,101,57,1,1,1
56,2,810,211,100,56,1,1,1
57,2,816,210,99,55,1,1,1
58,2,823,209,98,55,1,1,1
59,2,829,208,97,55,1,1,1
60,2,836,207,96,55,1,1,1
61,2,842,206,96,55,1,1,1
62,2,849,205,94,55,1,1,1
63,2,856,204,93,55,1,1,1
64,2,862,203,93,54,1,1,1
65,2,869,202,91,54,1,1,1
66,2,875,201,91,54,1,1,1
67,2,882,200,90,54,1,1,1
68,2,888,199,89,54,1,1,1
69,2,895,198,88,54,1,1,1
70,2,902,198,87,53,1,1,1
71,2,906,197,87,53,1,1,1
72,2,911,196,87,53,1,1,1
73,2,916,196,86,52,1,1,1
74,2,921,195,86,52,1,1,1
75,2,926,195,85,51,1,1,1
76,2,931,194,85,51,1,1,1
77,2,936,194,85,51,1,1,1
78,2,942,193,79,52,1,1,1
79,2,948,193,73,52,3,1,1
80,2,954,193,67,52,3,1,1
81,2,961,193,60,52,3,1,1
82,2,967,193,54,52,2,1,1
83,2,973,193,48,52,2,1,1
1,3,327,171,80,52,1,1,1
2,3,328,170,80,51,1,1,1
3,3,330,169,79,51,1,1,1
4,3,332,168,78,51,1,1,1
5,3,334,167,77,51,1,1,1
6,3,336,166,76,51,1,1,1
7,3,337,165,76,51,1,1,1
8,3,339,164,75,51,1,1,1
9,3,341,163,74,51,1,1,1
10,3,343,162,73,51,1,1,1
11,3,345,161,73,51,1,1,1
12,3,346,160,73,51,1,1,1
13,3,347,159,73,51,1,1,1
14,3,349,159,72,50,1,1,1
15,3,350,158,72,50,1,1,1
16,3,352,158,72,50,1,1,1
17,3,353,157,71,50,1,1,1
18,3,354,156,71,50,1,1,1
19,3,355,155,70,50,1,1,1
20,3,357,154,69,50,1,1,1
21,3,358,153,69,50,1,1,1
22,3,359,152,68,50,1,1,1
23,3,361,151,67,50,1,1,1
24,3,362,150,66,50,1,1,1
25,3,363,149,66,50,1,1,1
26,3,365,149,65,49,1,1,1
27,3,366,148,63,49,1,1,1
28,3,367,147,62,49,1,1,1
29,3,368,146,61,49,1,1,1
30,3,369,145,60,49,1,1,1
31,3,370,144,59,49,1,1,1
32,3,371,143,57,49,1,1,1
33,3,372,142,56,49,1,1,1
34,3,373,141,55,49,1,1,1
35,3,374,140,54,49,1,1,1
36,3,375,139,53,49,1,1,1
37,3,376,138,52,49,1,1,1
38,3,376,137,52,48,1,1,1
39,3,377,136,52,48,1,1,1
40,3,378,136,51,47,1,1,1
41,3,379,135,51,47,1,1,1
42,3,379,134,52,47,1,1,1
43,3,380,134,51,46,1,1,1
44,3,381,133,51,46,1,1,1
45,3,382,133,51,45,1,1,1
46,3,382,132,50,45,1,1,1
47,3,382,131,50,45,1,1,1
48,3,383,131,49,45,1,1,1
49,3,383,130,49,45,1,1,1
50,3,383,129,49,45,1,1,1
51,3,384,129,47,45,1,1,1
52,3,384,128,47,45,1,1,1
53,3,384,127,47,45,1,1,1
54,3,385,127,46,45,1,1,1
55,3,385,126,46,45,1,1,1
56,3,386,126,45,45,1,1,1
57,3,385,126,45,45,1,1,1
58,3,385,126,45,45,1,1,1
59,3,385,126,45,45,1,1,1
60,3,385,126,44,45,1,1,1
61,3,385,126,44,45,1,1,1
62,3,385,126,44,45,1,1,1
63,3,384,126,44,45,1,1,1
64,3,384,126,44,45,1,1,1
65,3,384,126,44,45,1,1,1
66,3,384,126,43,45,1,1,1
67,3,384,126,43,45,1,1,1
68,3,384,126,43,45,1,1,1
69,3,383,126,43,45,1,1,1
70,3,383,126,43,45,1,1,1
71,3,383,126,43,45,1,1,1
72,3,383,126,42,45,1,1,1
73,3,383,126,42,45,1,1,1
74,3,383,126,42,45,1,1,1
75,3,382,126,42,45,1,1,1
76,3,382,126,42,45,1,1,1
77,3,382,126,42,45,1,1,1
78,3,382,126,41,45,1,1,1
79,3,382,126,41,45,1,1,1
80,3,382,126,41,45,1,1,1
81,3,382,126,41,45,1,1,1
82,3,381,125,41,45,1,1,1
83,3,381,125,40,45,1,1,1
84,3,380,125,40,44,1,1,1
85,3,380,125,40,44,1,1,1
86,3,380,125,39,44,1,1,1
87,3,379,125,39,43,1,1,1
88,3,379,125,39,43,1,1,1
89,3,379,124,38,44,1,1,1
90,3,378,124,38,43,1,1,1
91,3,378,124,37,43,1,1,1
92,3,378,124,37,43,1,1,1
93,3,377,124,37,42,1,1,1
94,3,377,124,36,42,1,1,1
95,3,377,124,36,42,1,1,1
96,3,376,124,36,42,1,1,1
97,3,375,124,36,42,1,1,1
98,3,374,124,37,42,1,1,1
99,3,374,125,36,41,1,1,1
100,3,373,125,37,41,1,1,1
101,3,372,125,37,41,1,1,1
102,3,372,126,37,41,1,1,1
103,3,371,125,37,41,1,1,1
104,3,370,125,37,40,1,1,1
105,3,369,125,37,40,1,1,1
106,3,368,125,37,39,1,1,1
107,3,368,125,37,39,1,1,1
108,3,367,124,37,39,1,1,1
109,3,366,124,37,38,1,1,1
110,3,365,124,37,38,1,1,1
111,3,364,124,37,37,1,1,1
112,3,364,124,37,37,1,1,1
113,3,362,123,38,37,1,1,1
114,3,361,123,38,37,1,1,1
115,3,359,123,39,37,1,1,1
116,3,358,123,39,37,1,1,1
117,3,356,122,40,37,1,1,1
118,3,355,122,40,37,1,1,1
119,3,353,122,41,37,1,1,1
120,3,352,122,42,37,1,1,1
121,3,350,121,42,37,1,1,1
122,3,349,121,42,37,1,1,1
123,3,348,121,42,37,1,1,1
124,3,347,120,42,37,1,1,1
125,3,346,120,42,37,1,1,1
126,3,345,120,42,37,1,1,1
127,3,343,118,42,37,1,1,1
128,3,342,117,42,37,1,1,1
129,3,341,116,41,37,1,1,1
130,3,339,115,42,36,1,1,1
131,3,338,114,41,36,1,1,1
132,3,337,113,41,36,1,1,1
133,3,336,112,40,36,1,1,1
134,3,335,112,40,35,1,1,1
135,3,334,112,40,35,1,1,1
136,3,333,112,40,34,1,1,1
137,3,332,111,40,34,1,1,1
138,3,331,111,40,34,1,1,1
139,3,330,111,40,33,1,1,1
140,3,329,111,40,33,1,1,1
141,3,328,110,40,33,1,1,1
142,3,328,109,39,33,1,1,1
143,3,327,108,39,33,1,1,1
144,3,327,107,38,33,1,1,1
145,3,326,107,38,32,1,1,1
146,3,326,106,37,32,1,1,1
147,3,325,105,37,32,1,1,1
148,3,325,104,36,32,1,1,1
149,3,324,103,36,32,1,1,1
150,3,324,103,36,32,1,1,1
151,3,323,102,36,32,1,1,1
152,3,322,101,36,32,1,1,1
153,3,321,101,37,32,1,1,1
154,3,320,100,37,32,1,1,1
155,3,320,99,36,32,1,1,1
156,3,319,99,37,32,1,1,1
157,3,318,98,37,32,1,1,1
158,3,317,97,37,32,1,1,1
159,3,317,97,37,32,1,1,1
160,3,315,96,37,32,1,1,1
161,3,314,95,37,32,1,1,1
162,3,312,94,37,32,1,1,1
163,3,311,94,37,32,1,1,1
164,3,309,93,37,32,1,1,1
165,3,308,92,37,32,1,1,1
166,3,307,92,37,32,1,1,1
167,3,305,91,37,32,1,1,1
168,3,304,90,37,32,1,1,1
169,3,303,90,37,31,1,1,1
170,3,302,89,37,31,1,1,1
171,3,301,89,37,30,1,1,1
172,3,300,88,37,31,1,1,1
173,3,299,87,36,31,1,1,1
174,3,298,87,36,30,1,1,1
175,3,297,86,36,30,1,1,1
176,3,296,86,36,29,1,1,1
177,3,295,85,36,29,1,1,1
178,3,294,85,36,29,1,1,1
179,3,293,84,36,29,1,1,1
180,3,292,84,36,29,1,1,1
181,3,291,83,36,29,1,1,1
182,3,290,83,36,29,1,1,1
183,3,289,82,36,29,1,1,1
184,3,288,82,36,29,1,1,1
185,3,287,81,36,29,1,1,1
186,3,286,81,36,29,1,1,1
187,3,285,80,36,29,1,1,1
188,3,284,80,36,29,1,1,1
189,3,283,79,36,29,1,1,1
190,3,282,79,36,29,1,1,1
191,3,281,78,36,29,1,1,1
192,3,280,78,36,29,1,1,1
193,3,279,77,36,29,1,1,1
194,3,278,77,36,29,1,1,1
195,3,276,76,36,29,1,1,1
196,3,275,75,36,29,1,1,1
197,3,274,74,36,29,1,1,1
198,3,273,73,36,29,1,1,1
199,3,272,72,36,29,1,1,1
200,3,271,72,36,29,1,1,1
201,3,270,71,35,29,1,1,1
202,3,270,71,34,29,1,1,1
203,3,269,70,34,29,1,1,1
204,3,269,70,33,29,1,1,1
205,3,268,70,33,29,1,1,1
206,3,268,69,32,29,1,1,1
207,3,267,69,32,29,1,1,1
208,3,267,69,31,29,1,1,1
209,3,266,68,31,29,1,1,1
210,3,266,68,30,29,1,1,1
211,3,266,68,29,29,1,1,1
212,3,264,67,29,29,1,1,1
213,3,263,67,29,29,1,1,1
214,3,262,66,29,29,1,1,1
215,3,261,66,29,29,1,1,1
216,3,260,65,29,29,1,1,1
217,3,259,65,29,29,1,1,1
218,3,258,64,29,29,1,1,1
219,3,257,64,29,29,1,1,1
220,3,256,64,29,29,1,1,1
221,3,255,64,29,29,1,1,1
222,3,254,63,29,29,1,1,1
223,3,253,63,29,29,1,1,1
224,3,252,63,29,29,1,1,1
225,3,251,63,29,29,1,1,1
226,3,250,62,28,29,1,1,1
227,3,249,61,28,29,1,1,1
228,3,248,61,28,28,1,1,1
229,3,247,60,28,28,1,1,1
230,3,246,60,28,27,1,1,1
231,3,245,59,28,27,1,1,1
232,3,244,59,28,27,1,1,1
233,3,243,58,28,27,1,1,1
234,3,242,58,28,27,1,1,1
235,3,242,58,27,26,1,1,1
236,3,241,57,27,27,1,1,1
237,3,240,57,27,26,1,1,1
238,3,240,57,26,26,1,1,1
239,3,239,57,27,25,1,1,1
240,3,238,56,27,26,1,1,1
241,3,238,56,26,25,1,1,1
242,3,237,56,26,25,1,1,1
243,3,236,55,26,25,1,1,1
244,3,236,55,25,25,1,1,1
245,3,235,55,25,24,1,1,1
246,3,235,55,25,24,1,1,1
247,3,234,54,25,24,1,1,1
248,3,233,54,25,24,1,1,1
249,3,232,54,25,24,1,1,1
250,3,232,53,25,24,1,1,1
251,3,231,53,25,24,1,1,1
252,3,230,53,25,24,1,1,1
253,3,230,52,25,24,1,1,1
254,3,229,52,25,24,1,1,1
255,3,228,52,25,24,1,1,1
256,3,228,52,25,24,1,1,1
257,3,227,51,25,24,1,1,1
258,3,226,51,25,24,1,1,1
259,3,226,50,25,24,1,1,1
260,3,225,50,25,24,1,1,1
261,3,224,49,25,24,1,1,1
262,3,224,49,25,24,1,1,1
263,3,223,48,25,24,1,1,1
264,3,222,48,25,24,1,1,1
265,3,222,48,25,24,1,1,1
266,3,221,47,25,24,1,1,1
267,3,220,47,25,24,1,1,1
268,3,220,46,25,24,1,1,1
269,3,219,46,25,24,1,1,1
270,3,218,45,25,24,1,1,1
271,3,218,45,25,24,1,1,1
272,3,217,44,25,24,1,1,1
273,3,216,44,25,24,1,1,1
274,3,216,44,25,24,1,1,1
275,3,215,43,25,24,1,1,1
276,3,215,43,25,23,1,1,1
277,3,215,42,25,24,1,1,1
278,3,215,42,25,23,1,1,1
279,3,214,42,25,23,1,1,1
280,3,214,41,25,23,1,1,1
281,3,214,41,25,23,1,1,1
282,3,214,41,25,22,1,1,1
283,3,213,40,25,23,1,1,1
284,3,213,40,25,22,1,1,1
285,3,213,40,25,22,1,1,1
286,3,213,39,25,22,1,1,1
287,3,212,39,25,22,1,1,1
288,3,212,39,25,21,1,1,1
289,3,212,38,25,22,1,1,1
290,3,212,38,25,21,1,1,1
291,3,212,38,25,21,1,1,1
1,4,539,205,114,57,1,1,1
2,4,546,203,113,57,1,1,1
3,4,553,202,113,57,1,1,1
4,4,560,201,113,56,1,1,1
5,4,567,199,113,57,1,1,1
6,4,574,198,113,56,1,1,1
7,4,581,197,113,56,1,1,1
8,4,588,195,113,56,1,1,1
9,4,595,194,113,56,1,1,1
10,4,602,193,113,55,1,1,1
11,4,609,192,113,55,1,1,1
12,4,616,190,111,55,1,1,1
13,4,624,188,108,55,1,1,1
14,4,631,187,106,54,1,1,1
15,4,639,185,103,54,1,1,1
16,4,647,184,100,53,1,1,1
17,4,653,183,99,52,1,1,1
18,4,659,182,99,51,1,1,1
19,4,666,181,98,50,1,1,1
20,4,672,180,98,49,1,1,1
21,4,679,179,97,49,1,1,1
22,4,685,178,96,48,1,1,1
23,4,691,177,96,47,1,1,1
24,4,698,176,95,46,1,1,1
25,4,704,175,95,45,1,1,1
26,4,711,175,94,44,1,1,1
27,4,716,173,94,44,1,1,1
28,4,722,172,93,44,1,1,1
29,4,728,171,92,44,1,1,1
30,4,734,170,91,44,1,1,1
31,4,740,169,90,44,1,1,1
32,4,745,168,90,43,1,1,1
33,4,751,167,89,43,1,1,1
34,4,757,166,88,43,1,1,1
35,4,763,165,87,43,1,1,1
36,4,769,164,86,43,1,1,1
37,4,775,163,85,43,1,1,1
38,4,779,162,85,42,1,1,1
39,4,784,161,84,42,1,1,1
40,4,789,160,84,42,1,1,1
41,4,794,159,83,42,1,1,1
42,4,799,158,82,41,1,1,1
43,4,804,157,82,41,1,1,1
44,4,809,156,81,41,1,1,1
45,4,814,155,81,41,1,1,1
46,4,818,154,81,41,1,1,1
47,4,823,153,80,41,1,1,1
48,4,827,152,81,41,1,1,1
49,4,832,151,80,41,1,1,1
50,4,837,150,79,41,1,1,1
51,4,841,150,80,41,1,1,1
52,4,846,149,79,41,1,1,1
53,4,851,148,78,41,1,1,1
54,4,855,147,79,41,1,1,1
55,4,860,146,78,41,1,1,1
56,4,865,146,78,41,1,1,1
57,4,868,145,78,41,1,1,1
58,4,872,145,78,41,1,1,1
59,4,876,144,77,41,1,1,1
60,4,880,144,77,41,1,1,1
61,4,884,143,76,41,1,1,1
62,4,888,143,76,41,1,1,1
63,4,892,143,76,41,1,1,1
64,4,895,142,76,41,1,1,1
65,4,899,142,76,41,1,1,1
66,4,903,141,75,41,1,1,1
67,4,907,141,75,41,1,1,1
68,4,911,140,74,41,1,1,1
69,4,915,140,74,41,1,1,1
70,4,919,140,74,41,1,1,1
71,4,922,139,73,41,1,1,1
72,4,926,139,72,41,1,1,1
73,4,929,139,71,41,1,1,1
74,4,933,139,70,41,1,1,1
75,4,936,139,69,41,1,1,1
76,4,940,139,68,41,1,1,1
77,4,943,138,67,41,1,1,1
78,4,947,138,66,41,1,1,1
79,4,950,138,65,41,1,1,1
80,4,954,138,64,41,1,1,1
81,4,957,138,63,41,1,1,1
82,4,961,138,62,41,1,1,1
83,4,964,138,58,41,1,1,1
84,4,967,138,55,41,1,1,1
85,4,971,139,51,41,1,1,1
86,4,974,139,48,41,1,1,1
87,4,977,139,45,41,1,1,1
88,4,981,140,41,41,2,1,1
89,4,984,140,38,41,2,1,1
1,5,611,238,127,61,1,1,1
2,5,618,235,127,61,1,1,1
3,5,626,233,126,61,1,1,1
4,5,634,231,125,60,1,1,1
5,5,642,228,125,61,1,1,1
6,5,650,226,124,61,1,1,1
7,5,658,224,123,60,1,1,1
8,5,666,221,123,61,1,1,1
9,5,674,219,122,60,1,1,1
10,5,682,217,121,60,1,1,1
11,5,690,215,121,60,1,1,1
12,5,697,214,120,59,1,1,1
13,5,704,214,119,57,1,1,1
14,5,711,213,118,56,1,1,1
15,5,718,213,117,54,1,1,1
16,5,725,213,116,52,1,1,1
17,5,731,211,115,52,1,1,1
18,5,738,209,114,52,1,1,1
19,5,744,208,114,51,1,1,1
20,5,751,206,113,52,1,1,1
21,5,758,205,112,51,1,1,1
22,5,764,203,111,51,1,1,1
23,5,771,201,110,52,1,1,1
24,5,777,200,110,51,1,1,1
25,5,784,198,109,51,1,1,1
26,5,791,197,108,51,1,1,1
27,5,796,195,107,51,1,1,1
28,5,802,194,106,50,1,1,1
29,5,808,193,105,50,1,1,1
30,5,814,192,104,49,1,1,1
31,5,820,191,103,48,1,1,1
32,5,826,190,102,48,1,1,1
33,5,832,189,101,47,1,1,1
34,5,838,188,100,46,1,1,1
35,5,844,187,99,46,1,1,1
36,5,850,186,98,45,1,1,1
37,5,856,185,97,45,1,1,1
38,5,861,183,96,45,1,1,1
39,5,866,182,96,45,1,1,1
40,5,872,181,95,44,1,1,1
41,5,877,180,95,44,1,1,1
42,5,882,178,95,45,1,1,1
43,5,888,177,94,44,1,1,1
44,5,893,176,94,44,1,1,1
45,5,899,175,93,44,1,1,1
46,5,903,174,91,44,1,1,1
47,5,908,173,88,44,1,1,1
48,5,913,172,85,44,1,1,1
49,5,917,171,83,44,1,1,1
50,5,922,170,80,44,1,1,1
51,5,927,169,77,44,1,1,1
52,5,932,169,75,43,1,1,1
53,5,936,168,73,43,1,1,1
54,5,941,167,70,43,1,1,1
55,5,946,166,67,43,1,1,1
56,5,950,165,65,43,1,1,1
57,5,955,164,62,43,1,1,1
58,5,960,163,59,43,1,1,1
59,5,965,163,57,43,1,1,1
60,5,968,164,54,43,1,1,1
61,5,972,165,50,43,3,1,1
1,6,805,96,68,38,1,1,1
2,6,801,96,68,38,1,1,1
3,6,798,97,68,38,1,1,1
4,6,794,97,68,38,1,1,1
5,6,791,98,68,38,1,1,1
6,6,788,98,68,38,1,1,1
7,6,784,99,68,38,1,1,1
8,6,781,99,68,38,1,1,1
9,6,777,100,68,38,1,1,1
10,6,774,100,68,38,1,1,1
11,6,771,101,68,38,1,1,1
12,6,767,101,68,38,1,1,1
13,6,763,101,68,38,1,1,1
14,6,759,102,68,37,1,1,1
15,6,755,102,68,37,1,1,1
16,6,752,103,68,37,1,1,1
17,6,747,103,69,37,1,1,1
18,6,743,104,69,37,1,1,1
19,6,739,104,70,38,1,1,1
20,6,735,105,70,38,1,1,1
21,6,731,105,71,39,1,1,1
22,6,727,106,71,39,1,1,1
23,6,723,106,71,40,1,1,1
24,6,719,107,72,40,1,1,1
25,6,715,107,72,41,1,1,1
26,6,711,108,73,41,1,1,1
27,6,706,108,74,41,1,1,1
28,6,702,109,74,41,1,1,1
29,6,698,109,74,42,1,1,1
30,6,693,110,75,42,1,1,1
31,6,689,110,75,43,1,1,1
32,6,685,111,75,43,1,1,1
33,6,681,111,75,44,1,1,1
34,6,676,112,76,44,1,1,1
35,6,672,112,76,45,1,1,1
36,6,668,113,76,45,1,1,1
37,6,664,114,76,45,1,1,1
38,6,659,114,77,45,1,1,1
39,6,654,115,78,45,1,1,1
40,6,649,115,79,45,1,1,1
41,6,644,116,80,45,1,1,1
42,6,639,116,81,45,1,1,1
43,6,634,117,82,45,1,1,1
44,6,629,117,83,45,1,1,1
45,6,624,118,84,45,1,1,1
46,6,619,118,84,45,1,1,1
47,6,614,119,84,45,1,1,1
48,6,609,120,84,45,1,1,1
49,6,604,121,84,45,1,1,1
50,6,599,122,84,45,1,1,1
51,6,594,122,84,45,1,1,1
52,6,589,123,84,45,1,1,1
53,6,584,124,84,45,1,1,1
54,6,579,125,84,45,1,1,1
55,6,574,126,84,45,1,1,1
56,6,569,127,85,45,1,1,1
57,6,563,128,85,45,1,1,1
58,6,557,129,86,45,1,1,1
59,6,551,131,87,45,1,1,1
60,6,546,132,87,45,1,1,1
61,6,540,133,88,45,1,1,1
62,6,534,135,89,45,1,1,1
63,6,529,136,89,45,1,1,1
64,6,523,137,89,45,1,1,1
65,6,517,139,90,45,1,1,1
66,6,511,140,91,45,1,1,1
67,6,506,141,91,45,1,1,1
68,6,500,143,92,45,1,1,1
69,6,494,144,93,45,1,1,1
70,6,489,146,93,45,1,1,1
71,6,482,147,93,45,1,1,1
72,6,476,149,93,45,1,1,1
73,6,469,151,93,45,1,1,1
74,6,463,153,93,45,1,1,1
75,6,457,155,93,45,1,1,1
76,6,450,157,93,45,1,1,1
77,6,444,159,93,45,1,1,1
78,6,438,161,93,45,1,1,1
79,6,431,163,93,45,1,1,1
80,6,425,165,93,45,1,1,1
81,6,419,167,93,45,1,1,1
82,6,411,168,94,45,1,1,1
83,6,403,170,95,45,1,1,1
84,6,396,172,95,45,1,1,1
85,6,388,174,96,45,1,1,1
86,6,381,176,97,45,1,1,1
87,6,373,178,98,45,1,1,1
88,6,366,180,98,45,1,1,1
89,6,358,181,99,45,1,1,1
90,6,350,183,100,45,1,1,1
91,6,343,185,101,45,1,1,1
92,6,335,187,102,45,1,1,1
93,6,328,189,102,45,1,1,1
94,6,320,191,103,45,1,1,1
95,6,313,193,104,45,1,1,1
96,6,304,194,105,47,1,1,1
97,6,296,196,106,48,1,1,1
98,6,288,198,106,50,1,1,1
99,6,280,199,107,52,1,1,1
100,6,272,201,107,54,1,1,1
101,6,264,203,108,55,1,1,1
102,6,256,205,109,57,1,1,1
103,6,246,207,110,57,1,1,1
104,6,237,210,111,57,1,1,1
105,6,228,213,111,57,1,1,1
106,6,219,216,112,57,1,1,1
107,6,210,219,113,57,1,1,1
108,6,200,221,114,57,1,1,1
109,6,191,224,115,57,1,1,1
110,6,182,227,115,57,1,1,1
111,6,173,230,116,57,1,1,1
112,6,164,233,117,57,1,1,1
113,6,153,234,118,58,1,1,1
114,6,142,236,120,59,1,1,1
115,6,131,238,121,60,1,1,1
116,6,120,240,123,61,1,1,1
117,6,109,242,125,62,1,1,1
118,6,98,244,126,63,1,1,1
119,6,87,246,128,64,1,1,1
120,6,77,248,129,65,1,1,1
121,6,66,250,128,64,1,1,1
122,6,55,252,128,64,1,1,1
123,6,44,254,128,64,1,1,1
124,6,33,256,128,64,1,1,1
125,6,22,258,128,64,1,1,1
126,6,11,260,128,64,1,1,1
127,6,0,263,128,63,1,1,1
128,6,0,265,116,60,1,1,1
129,6,0,268,105,56,2,1,1
130,6,0,270,94,53,2,1,1
1,7,935,116,70,38,1,1,1
2,7,938,115,69,37,1,1,1
3,7,941,114,69,37,1,1,1
4,7,944,113,69,36,1,1,1
5,7,948,112,68,36,1,1,1
6,7,951,111,67,36,1,1,1
7,7,955,110,65,36,3,1,1
8,7,959,110,63,35,3,1,1
9,7,962,109,60,35,3,1,1
10,7,966,109,56,35,3,1,1
11,7,969,109,53,35,3,1,1
12,7,973,108,49,35,3,1,1
13,7,976,108,46,35,3,1,1
1,8,273,88,47,38,1,1,1
2,8,272,88,47,38,1,1,1
3,8,272,88,47,38,1,1,1
4,8,272,88,47,38,1,1,1
5,8,272,88,47,38,1,1,1
6,8,272,88,47,38,1,1,1
7,8,272,88,47,38,1,1,1
8,8,272,88,47,38,1,1,1
9,8,272,88,47,38,1,1,1
10,8,272,88,47,38,1,1,1
11,8,272,89,47,38,1,1,1
12,8,272,89,47,38,1,1,1
13,8,272,89,47,38,1,1,1
14,8,272,89,47,38,1,1,1
15,8,272,89,47,38,1,1,1
16,8,272,89,47,38,1,1,1
17,8,272,89,47,38,1,1,1
18,8,272,89,47,38,1,1,1
19,8,272,90,47,37,1,1,1
20,8,272,90,47,37,1,1,1
21,8,272,90,47,37,1,1,1
22,8,272,90,47,37,1,1,1
23,8,272,90,47,37,1,1,1
24,8,272,90,47,37,1,1,1
25,8,272,90,47,37,1,1,1
26,8,273,91,47,37,1,1,1
27,8,272,91,47,37,1,1,1
28,8,272,91,47,37,1,1,1
29,8,272,91,47,37,1,1,1
30,8,272,91,47,37,1,1,1
31,8,272,91,47,37,1,1,1
32,8,272,91,47,37,1,1,1
33,8,272,91,47,37,1,1,1
34,8,272,91,47,37,1,1,1
35,8,272,92,47,37,1,1,1
36,8,272,92,47,37,1,1,1
37,8,272,92,47,37,1,1,1
38,8,272,92,47,37,1,1,1
39,8,272,92,47,37,1,1,1
40,8,272,92,47,37,1,1,1
41,8,271,92,47,37,1,1,1
42,8,271,92,47,37,1,1,1
43,8,271,92,47,37,1,1,1
44,8,271,93,47,37,1,1,1
45,8,271,93,47,37,1,1,1
46,8,271,93,47,37,1,1,1
47,8,271,93,47,37,1,1,1
48,8,271,93,47,37,1,1,1
49,8,271,93,47,37,1,1,1
50,8,271,93,47,37,1,1,1
51,8,271,93,47,37,1,1,1
52,8,271,93,47,37,1,1,1
53,8,271,94,47,37,1,1,1
54,8,271,94,47,37,1,1,1
55,8,271,94,47,37,1,1,1
56,8,270,94,47,37,1,1,1
57,8,270,94,47,37,1,1,1
58,8,270,94,47,37,1,1,1
59,8,270,94,47,37,1,1,1
60,8,270,94,47,37,1,1,1
61,8,270,94,47,37,1,1,1
62,8,270,95,47,37,1,1,1
63,8,270,95,47,37,1,1,1
64,8,270,95,47,37,1,1,1
65,8,270,95,47,37,1,1,1
66,8,270,95,47,37,1,1,1
67,8,270,95,47,37,1,1,1
68,8,270,95,47,37,1,1,1
69,8,270,95,47,37,1,1,1
70,8,270,96,47,37,1,1,1
71,8,270,97,47,37,1,1,1
72,8,270,98,47,37,1,1,1
73,8,270,99,47,37,1,1,1
74,8,270,100,47,37,1,1,1
75,8,270,101,47,37,1,1,1
76,8,271,102,47,37,1,1,1
77,8,271,103,47,37,1,1,1
78,8,271,104,47,37,1,1,1
79,8,271,105,47,37,1,1,1
80,8,271,106,47,37,1,1,1
81,8,272,107,47,37,1,1,1
82,8,271,107,47,37,1,1,1
83,8,271,108,47,37,1,1,1
84,8,271,109,47,37,1,1,1
85,8,271,109,47,37,1,1,1
86,8,270,110,47,37,1,1,1
87,8,270,111,47,37,1,1,1
88,8,270,112,47,37,1,1,1
89,8,270,112,47,37,1,1,1
90,8,270,113,47,37,1,1,1
91,8,269,114,47,37,1,1,1
92,8,269,114,47,37,1,1,1
93,8,269,115,47,37,1,1,1
94,8,269,116,47,37,1,1,1
95,8,269,117,47,37,1,1,1
96,8,269,117,47,37,1,1,1
97,8,270,118,47,37,1,1,1
98,8,270,119,47,37,1,1,1
99,8,271,120,47,37,1,1,1
100,8,271,121,47,37,1,1,1
101,8,272,122,47,37,1,1,1
102,8,273,123,47,37,1,1,1
103,8,273,123,47,37,1,1,1
104,8,273,124,47,37,1,1,1
105,8,273,124,47,37,1,1,1
106,8,273,125,47,37,1,1,1
107,8,273,126,47,37,1,1,1
108,8,273,126,47,37,1,1,1
109,8,273,127,47,37,1,1,1
110,8,273,127,47,37,1,1,1
111,8,273,128,47,37,1,1,1
112,8,273,129,47,37,1,1,1
113,8,272,129,47,37,1,1,1
114,8,272,129,47,37,1,1,1
115,8,272,129,47,37,1,1,1
116,8,272,130,47,37,1,1,1
117,8,271,130,47,37,1,1,1
118,8,271,130,47,37,1,1,1
119,8,271,130,47,37,1,1,1
120,8,271,131,47,37,1,1,1
121,8,271,131,47,37,1,1,1
122,8,271,131,47,37,1,1,1
123,8,271,131,47,37,1,1,1
124,8,271,132,47,37,1,1,1
125,8,271,132,47,37,1,1,1
126,8,272,132,47,37,1,1,1
127,8,272,132,47,37,1,1,1
128,8,272,133,47,37,1,1,1
129,8,272,133,47,37,1,1,1
130,8,272,133,47,37,1,1,1
131,8,272,133,47,37,1,1,1
132,8,273,134,47,37,1,1,1
133,8,272,134,47,37,1,1,1
134,8,272,134,47,37,1,1,1
135,8,272,134,47,37,1,1,1
136,8,272,134,47,37,1,1,1
137,8,272,134,47,37,1,1,1
138,8,272,134,47,37,1,1,1
139,8,272,134,47,37,1,1,1
140,8,272,134,47,37,1,1,1
141,8,272,134,47,37,1,1,1
142,8,272,134,47,37,1,1,1
143,8,272,134,47,37,1,1,1
144,8,272,134,47,37,1,1,1
145,8,272,134,47,37,1,1,1
146,8,272,135,47,37,1,1,1
147,8,272,135,47,37,1,1,1
148,8,272,135,47,37,1,1,1
149,8,272,135,47,37,1,1,1
150,8,272,135,47,37,1,1,1
151,8,272,135,47,37,1,1,1
152,8,272,135,47,37,1,1,1
153,8,272,135,47,37,1,1,1
154,8,272,135,47,37,1,1,1
155,8,272,135,47,37,1,1,1
156,8,272,135,47,37,1,1,1
157,8,272,135,47,37,1,1,1
158,8,272,135,47,37,1,1,1
159,8,272,136,47,37,1,1,1
160,8,271,136,47,37,1,1,1
161,8,271,136,47,37,1,1,1
162,8,271,136,47,37,1,1,1
163,8,270,136,47,37,1,1,1
164,8,270,136,47,37,1,1,1
165,8,270,136,47,37,1,1,1
166,8,270,136,47,37,1,1,1
167,8,269,136,47,37,1,1,1
168,8,269,136,47,37,1,1,1
169,8,269,136,47,37,1,1,1
170,8,269,136,47,37,1,1,1
171,8,269,136,47,37,1,1,1
172,8,269,136,47,37,1,1,1
173,8,268,136,47,37,1,1,1
174,8,268,136,47,37,1,1,1
175,8,268,136,47,37,1,1,1
176,8,268,136,47,37,1,1,1
177,8,268,136,47,37,1,1,1
178,8,268,137,47,37,1,1,1
179,8,267,137,47,37,1,1,1
180,8,267,137,47,37,1,1,1
181,8,267,137,47,37,1,1,1
182,8,267,137,47,37,1,1,1
183,8,266,137,47,37,1,1,1
184,8,266,137,47,37,1,1,1
185,8,266,137,47,37,1,1,1
186,8,266,138,47,37,1,1,1
187,8,265,138,47,37,1,1,1
188,8,265,138,47,37,1,1,1
189,8,265,138,47,37,1,1,1
190,8,265,138,47,37,1,1,1
191,8,264,138,47,37,1,1,1
192,8,264,138,47,37,1,1,1
193,8,264,138,47,37,1,1,1
194,8,264,139,47,37,1,1,1
195,8,264,139,47,37,1,1,1
196,8,264,140,47,37,1,1,1
197,8,264,140,47,37,1,1,1
198,8,264,141,47,37,1,1,1
199,8,264,141,47,37,1,1,1
200,8,264,142,47,37,1,1,1
201,8,263,142,47,37,1,1,1
202,8,263,142,47,37,1,1,1
203,8,262,142,47,37,1,1,1
204,8,262,142,47,37,1,1,1
205,8,261,142,47,37,1,1,1
206,8,261,142,47,37,1,1,1
207,8,260,142,47,37,1,1,1
208,8,260,142,47,37,1,1,1
209,8,259,142,47,37,1,1,1
210,8,259,142,47,37,1,1,1
211,8,259,143,47,37,1,1,1
212,8,258,143,47,37,1,1,1
213,8,258,143,47,37,1,1,1
214,8,258,143,47,37,1,1,1
215,8,257,143,47,37,1,1,1
216,8,257,143,47,37,1,1,1
217,8,257,143,47,37,1,1,1
218,8,256,143,47,37,1,1,1
219,8,256,143,47,37,1,1,1
220,8,255,143,47,37,1,1,1
221,8,255,143,47,37,1,1,1
222,8,255,143,47,37,1,1,1
223,8,254,143,47,37,1,1,1
224,8,254,143,47,37,1,1,1
225,8,254,143,47,37,1,1,1
226,8,253,143,47,37,1,1,1
227,8,252,143,47,37,1,1,1
228,8,251,143,47,37,1,1,1
229,8,251,143,46,37,1,1,1
230,8,250,143,46,37,1,1,1
231,8,249,143,46,37,1,1,1
232,8,249,144,46,37,1,1,1
233,8,248,144,46,37,1,1,1
234,8,248,144,46,37,1,1,1
235,8,248,144,46,37,1,1,1
236,8,248,145,46,37,1,1,1
237,8,248,145,46,37,1,1,1
238,8,248,145,46,37,1,1,1
239,8,248,146,46,37,1,1,1
240,8,248,146,46,37,1,1,1
241,8,248,146,46,37,1,1,1
242,8,248,146,46,37,1,1,1
243,8,248,147,46,37,1,1,1
244,8,248,147,46,37,1,1,1
245,8,248,147,46,37,1,1,1
246,8,248,148,46,37,1,1,1
247,8,247,148,46,37,1,1,1
248,8,247,148,46,37,1,1,1
249,8,247,148,46,37,1,1,1
250,8,247,148,45,37,1,1,1
251,8,247,148,45,37,1,1,1
252,8,246,148,46,37,1,1,1
253,8,246,148,45,37,1,1,1
254,8,246,148,45,37,1,1,1
255,8,246,148,45,37,1,1,1
256,8,246,149,45,37,1,1,1
257,8,245,149,45,37,1,1,1
258,8,245,149,45,37,1,1,1
259,8,244,149,45,37,1,1,1
260,8,244,149,45,37,1,1,1
261,8,244,149,45,37,1,1,1
262,8,243,150,45,37,1,1,1
263,8,243,150,45,37,1,1,1
264,8,242,150,45,37,1,1,1
265,8,242,150,45,37,1,1,1
266,8,242,150,45,37,1,1,1
267,8,241,150,45,37,1,1,1
268,8,241,151,45,37,1,1,1
269,8,240,151,45,37,1,1,1
270,8,240,151,45,37,1,1,1
271,8,240,151,45,37,1,1,1
272,8,239,151,45,37,1,1,1
273,8,239,151,45,37,1,1,1
274,8,239,152,45,37,1,1,1
275,8,239,152,45,37,1,1,1
276,8,239,152,45,37,1,1,1
277,8,239,152,45,37,1,1,1
278,8,239,152,45,37,1,1,1
279,8,240,152,45,37,1,1,1
280,8,240,152,45,37,1,1,1
281,8,240,152,45,37,1,1,1
282,8,240,152,45,37,1,1,1
283,8,241,152,45,37,1,1,1
284,8,241,152,45,37,1,1,1
285,8,241,152,45,37,1,1,1
286,8,241,152,45,37,1,1,1
287,8,242,152,45,37,1,1,1
288,8,242,152,45,37,1,1,1
289,8,242,152,45,37,1,1,1
290,8,242,152,45,37,1,1,1
291,8,243,152,45,37,1,1,1
1,9,410,95,50,37,1,1,1
2,9,408,94,50,37,1,1,1
3,9,407,93,50,37,1,1,1
4,9,405,93,50,36,1,1,1
5,9,404,92,50,36,1,1,1
6,9,403,92,49,35,1,1,1
7,9,401,91,50,35,1,1,1
8,9,400,90,49,35,1,1,1
9,9,398,90,50,34,1,1,1
10,9,397,89,49,34,1,1,1
11,9,396,89,49,33,1,1,1
12,9,395,88,49,33,1,1,1
13,9,394,88,49,33,1,1,1
14,9,393,87,49,33,1,1,1
15,9,392,87,49,33,1,1,1
16,9,391,87,49,33,1,1,1
17,9,389,86,49,33,1,1,1
18,9,388,86,49,33,1,1,1
19,9,386,85,49,33,1,1,1
20,9,385,85,49,33,1,1,1
21,9,384,84,49,33,1,1,1
22,9,382,84,49,33,1,1,1
23,9,381,83,49,33,1,1,1
24,9,379,83,49,33,1,1,1
25,9,378,82,49,33,1,1,1
26,9,377,82,49,33,1,1,1
27,9,375,81,49,33,1,1,1
28,9,374,80,49,33,1,1,1
29,9,373,80,49,33,1,1,1
30,9,371,79,49,33,1,1,1
31,9,370,79,49,33,1,1,1
32,9,369,78,49,33,1,1,1
33,9,368,78,49,33,1,1,1
34,9,366,77,49,33,1,1,1
35,9,365,77,49,33,1,1,1
36,9,364,76,49,33,1,1,1
37,9,363,76,49,33,1,1,1
38,9,361,75,49,32,1,1,1
39,9,360,74,49,32,1,1,1
40,9,359,74,48,31,1,1,1
41,9,358,73,48,31,1,1,1
42,9,356,72,48,30,1,1,1
43,9,355,72,48,29,1,1,1
44,9,354,71,47,29,1,1,1
45,9,353,71,47,28,1,1,1
46,9,351,70,47,28,1,1,1
47,9,350,70,47,28,1,1,1
48,9,349,70,47,27,1,1,1
49,9,348,69,46,28,1,1,1
50,9,347,69,46,28,1,1,1
51,9,346,69,46,27,1,1,1
52,9,345,69,46,27,1,1,1
53,9,344,68,45,28,1,1,1
54,9,343,68,45,27,1,1,1
55,9,342,68,45,27,1,1,1
56,9,341,68,45,27,1,1,1
57,9,339,67,45,27,1,1,1
58,9,338,67,45,27,1,1,1
59,9,337,67,45,27,1,1,1
60,9,335,67,45,27,1,1,1
61,9,334,67,45,27,1,1,1
62,9,333,67,45,27,1,1,1
63,9,332,67,45,27,1,1,1
64,9,330,66,45,27,1,1,1
65,9,329,66,45,27,1,1,1
66,9,328,66,45,27,1,1,1
67,9,326,66,45,27,1,1,1
68,9,325,66,45,27,1,1,1
69,9,324,66,45,27,1,1,1
70,9,323,66,45,27,1,1,1
71,9,322,66,44,26,1,1,1
72,9,321,66,44,26,1,1,1
73,9,320,66,43,26,1,1,1
74,9,320,66,42,26,1,1,1
75,9,319,66,41,26,1,1,1
76,9,318,66,41,26,1,1,1
77,9,317,66,40,26,1,1,1
78,9,317,66,39,26,1,1,1
79,9,316,66,38,26,1,1,1
80,9,315,66,38,26,1,1,1
81,9,315,67,37,25,1,1,1
82,9,314,67,37,25,1,1,1
83,9,313,67,37,25,1,1,1
84,9,312,67,37,25,1,1,1
85,9,311,67,37,25,1,1,1
86,9,310,67,37,25,1,1,1
87,9,309,67,37,25,1,1,1
88,9,308,67,37,25,1,1,1
89,9,307,67,37,25,1,1,1
90,9,306,67,37,25,1,1,1
91,9,305,67,37,25,1,1,1
92,9,304,67,37,25,1,1,1
93,9,303,67,37,25,1,1,1
94,9,302,67,37,25,1,1,1
95,9,302,67,37,25,1,1,1
96,9,301,67,36,24,1,1,1
97,9,301,67,35,24,1,1,1
98,9,301,67,33,24,1,1,1
99,9,300,67,33,23,1,1,1
100,9,300,67,31,23,1,1,1
101,9,300,67,30,23,1,1,1
102,9,300,67,29,23,1,1,1
103,9,298,67,29,23,1,1,1
104,9,297,67,29,23,1,1,1
105,9,296,67,29,23,1,1,1
106,9,295,67,29,23,1,1,1
107,9,294,68,29,23,1,1,1
108,9,293,68,29,23,1,1,1
109,9,292,68,29,23,1,1,1
110,9,291,68,29,23,1,1,1
111,9,290,68,29,23,1,1,1
112,9,289,69,29,23,1,1,1
113,9,288,68,29,23,1,1,1
114,9,287,68,29,23,1,1,1
115,9,286,67,29,23,1,1,1
116,9,285,67,29,23,1,1,1
117,9,284,67,29,23,1,1,1
118,9,283,66,29,23,1,1,1
119,9,282,66,29,23,1,1,1
120,9,282,66,29,23,1,1,1
121,9,280,66,29,22,1,1,1
122,9,279,66,29,21,1,1,1
123,9,278,66,29,20,1,1,1
124,9,277,66,29,19,1,1,1
125,9,276,66,29,19,1,1,1
126,9,275,65,29,19,1,1,1
127,9,274,64,29,20,1,1,1
128,9,273,63,29,21,1,1,1
129,9,273,63,29,21,1,1,1
130,9,272,62,29,22,1,1,1
131,9,271,61,29,23,1,1,1
132,9,271,61,29,23,1,1,1
133,9,270,60,29,23,1,1,1
134,9,269,60,29,22,1,1,1
135,9,268,60,29,22,1,1,1
136,9,267,59,29,22,1,1,1
137,9,266,59,29,22,1,1,1
138,9,265,59,29,21,1,1,1
139,9,264,58,29,22,1,1,1
140,9,263,58,29,21,1,1,1
141,9,263,58,29,21,1,1,1
142,9,262,57,29,21,1,1,1
143,9,261,56,29,22,1,1,1
144,9,260,56,29,22,1,1,1
145,9,259,55,29,22,1,1,1
146,9,259,55,29,22,1,1,1
147,9,258,54,29,23,1,1,1
148,9,257,54,29,22,1,1,1
149,9,256,53,29,23,1,1,1
150,9,256,53,29,23,1,1,1
151,9,255,52,29,23,1,1,1
152,9,254,52,29,23,1,1,1
153,9,253,52,29,23,1,1,1
154,9,252,51,29,23,1,1,1
155,9,252,51,29,23,1,1,1
156,9,251,51,29,23,1,1,1
157,9,250,50,29,23,1,1,1
158,9,249,50,29,23,1,1,1
159,9,249,50,29,23,1,1,1
160,9,247,51,29,21,1,1,1
161,9,246,52,28,19,1,1,1
162,9,245,53,28,17,1,1,1
163,9,244,51,28,18,1,1,1
164,9,243,50,29,19,1,1,1
165,9,242,49,29,20,1,1,1
166,9,242,48,29,21,1,1,1
167,9,241,47,29,21,1,1,1
168,9,240,47,29,20,1,1,1
169,9,240,47,28,20,1,1,1
170,9,239,47,28,19,1,1,1
171,9,239,46,27,20,1,1,1
172,9,238,46,27,19,1,1,1
173,9,238,46,27,19,1,1,1
174,9,237,46,27,18,1,1,1
175,9,237,45,26,19,1,1,1
176,9,236,45,26,18,1,1,1
177,9,236,45,25,18,1,1,1
178,9,235,45,25,17,1,1,1
179,9,235,45,25,17,1,1,1
180,9,234,44,25,17,1,1,1
181,9,233,44,25,17,1,1,1
182,9,232,43,25,17,1,1,1
183,9,231,43,25,17,1,1,1
184,9,230,42,25,17,1,1,1
185,9,230,42,25,17,1,1,1
186,9,229,42,25,17,1,1,1
187,9,228,41,25,17,1,1,1
188,9,227,41,25,17,1,1,1
189,9,226,40,25,17,1,1,1
190,9,225,40,25,17,1,1,1
191,9,225,40,25,17,1,1,1
192,9,224,39,25,17,1,1,1
193,9,223,39,25,17,1,1,1
194,9,222,38,25,17,1,1,1
195,9,221,38,25,17,1,1,1
196,9,221,38,25,17,1,1,1
197,9,220,37,26,18,1,1,1
198,9,220,37,26,18,1,1,1
199,9,220,36,26,19,1,1,1
200,9,220,36,26,19,1,1,1
201,9,219,35,26,19,1,1,1
202,9,218,35,26,18,1,1,1
203,9,217,34,26,19,1,1,1
204,9,216,34,26,18,1,1,1
205,9,215,34,26,18,1,1,1
206,9,214,33,26,18,1,1,1
207,9,213,33,26,18,1,1,1
208,9,212,32,26,18,1,1,1
209,9,211,32,26,18,1,1,1
210,9,210,32,26,17,1,1,1
211,9,209,31,26,18,1,1,1
212,9,208,31,26,17,1,1,1
213,9,208,31,25,17,1,1,1
214,9,207,30,25,18,1,1,1
215,9,207,30,25,18,1,1,1
216,9,207,30,25,18,1,1,1
217,9,207,30,25,19,1,1,1
218,9,206,29,25,19,1,1,1
219,9,205,29,25,19,1,1,1
220,9,204,29,25,19,1,1,1
221,9,204,29,25,19,1,1,1
222,9,203,28,25,19,1,1,1
223,9,202,28,25,19,1,1,1
224,9,201,28,25,19,1,1,1
225,9,201,28,25,19,1,1,1
226,9,200,27,24,19,1,1,1
227,9,199,27,24,18,1,1,1
228,9,199,27,23,18,1,1,1
229,9,198,27,23,17,1,1,1
230,9,197,27,23,17,1,1,1
231,9,197,27,22,16,1,1,1
232,9,196,27,22,16,1,1,1
233,9,195,27,22,15,1,1,1
234,9,195,27,21,15,1,1,1
235,9,194,26,21,15,1,1,1
236,9,193,26,21,15,1,1,1
237,9,192,26,22,15,1,1,1
238,9,191,26,22,15,1,1,1
239,9,190,25,23,16,1,1,1
240,9,190,25,22,16,1,1,1
241,9,189,25,22,16,1,1,1
242,9,188,25,23,16,1,1,1
243,9,187,24,23,17,1,1,1
244,9,186,24,24,17,1,1,1
245,9,185,24,24,17,1,1,1
1,10,395,126,42,40,1,1,1
2,10,395,125,41,40,1,1,1
3,10,395,125,41,39,1,1,1
4,10,395,124,41,39,1,1,1
5,10,396,124,40,38,1,1,1
6,10,396,123,40,39,1,1,1
7,10,396,123,39,38,1,1,1
8,10,397,122,38,38,1,1,1
9,10,397,122,38,37,1,1,1
10,10,397,121,38,37,1,1,1
11,10,398,121,37,37,1,1,1
12,10,397,120,37,37,1,1,1
13,10,397,120,37,37,1,1,1
14,10,396,119,37,37,1,1,1
15,10,396,119,37,37,1,1,1
16,10,396,119,37,37,1,1,1
17,10,394,118,38,37,1,1,1
18,10,393,117,38,37,1,1,1
19,10,391,116,40,37,1,1,1
20,10,390,115,40,37,1,1,1
21,10,388,115,42,36,1,1,1
22,10,387,114,42,36,1,1,1
23,10,385,113,43,36,1,1,1
24,10,384,112,44,36,1,1,1
25,10,382,111,45,36,1,1,1
26,10,381,111,46,36,1,1,1
27,10,379,110,47,36,1,1,1
28,10,378,110,47,36,1,1,1
29,10,377,110,47,35,1,1,1
30,10,376,109,47,36,1,1,1
31,10,375,109,47,36,1,1,1
32,10,373,109,48,35,1,1,1
33,10,372,109,48,35,1,1,1
34,10,371,108,48,36,1,1,1
35,10,370,108,48,35,1,1,1
36,10,369,108,48,35,1,1,1
37,10,368,108,48,35,1,1,1
38,10,367,107,48,35,1,1,1
39,10,366,106,48,35,1,1,1
40,10,366,106,48,35,1,1,1
41,10,365,105,48,35,1,1,1
42,10,364,104,48,35,1,1,1
43,10,364,104,48,35,1,1,1
44,10,363,103,48,35,1,1,1
45,10,363,103,48,35,1,1,1
46,10,362,102,48,35,1,1,1
47,10,361,102,48,35,1,1,1
48,10,360,101,48,35,1,1,1
49,10,359,101,48,35,1,1,1
50,10,358,100,48,35,1,1,1
51,10,357,100,48,35,1,1,1
52,10,356,99,48,35,1,1,1
53,10,355,99,48,35,1,1,1
54,10,354,98,48,35,1,1,1
55,10,353,98,48,35,1,1,1
56,10,352,98,48,35,1,1,1
57,10,351,98,47,35,1,1,1
58,10,350,98,47,35,1,1,1
59,10,349,98,47,35,1,1,1
60,10,348,98,47,35,1,1,1
61,10,347,98,47,35,1,1,1
62,10,346,98,47,35,1,1,1
63,10,345,98,47,35,1,1,1
64,10,344,98,47,35,1,1,1
65,10,343,98,47,35,1,1,1
66,10,342,98,47,35,1,1,1
67,10,341,98,47,35,1,1,1
68,10,340,98,47,35,1,1,1
69,10,340,99,46,34,1,1,1
70,10,339,99,46,34,1,1,1
71,10,338,99,46,34,1,1,1
72,10,337,99,46,34,1,1,1
73,10,336,99,46,34,1,1,1
74,10,335,99,46,34,1,1,1
75,10,334,99,46,34,1,1,1
76,10,333,99,46,34,1,1,1
77,10,332,99,46,34,1,1,1
78,10,331,99,46,34,1,1,1
79,10,330,99,46,34,1,1,1
80,10,329,99,46,34,1,1,1
81,10,329,100,45,34,1,1,1
82,10,328,100,44,33,1,1,1
83,10,327,100,44,33,1,1,1
84,10,326,100,44,33,1,1,1
85,10,325,100,44,32,1,1,1
86,10,324,100,44,32,1,1,1
87,10,323,100,44,32,1,1,1
88,10,322,100,44,32,1,1,1
89,10,321,100,43,31,1,1,1
90,10,320,100,43,31,1,1,1
91,10,319,100,43,31,1,1,1
92,10,318,100,43,30,1,1,1
93,10,317,100,43,30,1,1,1
94,10,316,100,43,30,1,1,1
95,10,316,101,42,29,1,1,1
96,10,315,101,41,29,1,1,1
97,10,314,101,41,30,1,1,1
98,10,313,101,40,30,1,1,1
99,10,312,101,40,31,1,1,1
100,10,311,101,39,31,1,1,1
101,10,310,101,39,32,1,1,1
102,10,309,101,39,33,1,1,1
103,10,308,101,39,32,1,1,1
104,10,307,101,39,32,1,1,1
105,10,306,101,39,31,1,1,1
106,10,305,101,39,31,1,1,1
107,10,305,101,38,31,1,1,1
108,10,304,101,38,30,1,1,1
109,10,303,101,38,30,1,1,1
110,10,302,101,38,29,1,1,1
111,10,301,101,38,29,1,1,1
112,10,301,101,37,29,1,1,1
113,10,300,100,37,29,1,1,1
114,10,300,100,37,29,1,1,1
115,10,299,100,37,29,1,1,1
116,10,299,100,37,29,1,1,1
117,10,298,100,37,29,1,1,1
118,10,298,100,37,29,1,1,1
119,10,297,100,37,29,1,1,1
120,10,297,100,37,29,1,1,1
121,10,296,99,37,29,1,1,1
122,10,295,99,37,29,1,1,1
123,10,294,98,37,29,1,1,1
124,10,293,98,37,29,1,1,1
125,10,292,97,37,29,1,1,1
126,10,292,97,37,29,1,1,1
127,10,290,96,37,29,1,1,1
128,10,289,95,37,29,1,1,1
129,10,288,95,37,29,1,1,1
130,10,286,94,37,29,1,1,1
131,10,285,93,37,29,1,1,1
132,10,284,93,37,29,1,1,1
133,10,282,92,37,29,1,1,1
134,10,281,92,37,29,1,1,1
135,10,280,92,37,28,1,1,1
136,10,279,92,37,28,1,1,1
137,10,278,91,36,28,1,1,1
138,10,277,91,36,28,1,1,1
139,10,276,91,36,27,1,1,1
140,10,275,91,36,27,1,1,1
141,10,274,90,36,27,1,1,1
142,10,273,90,36,27,1,1,1
143,10,272,90,36,27,1,1,1
144,10,271,89,36,27,1,1,1
145,10,271,89,36,27,1,1,1
146,10,270,89,36,27,1,1,1
147,10,269,88,36,27,1,1,1
148,10,268,88,36,27,1,1,1
149,10,267,88,36,27,1,1,1
150,10,267,88,36,27,1,1,1
151,10,266,87,36,27,1,1,1
152,10,265,86,36,27,1,1,1
153,10,265,86,36,26,1,1,1
154,10,264,85,36,26,1,1,1
155,10,264,85,36,26,1,1,1
156,10,263,84,36,26,1,1,1
157,10,263,84,36,25,1,1,1
158,10,262,83,36,25,1,1,1
159,10,262,83,36,25,1,1,1
160,10,261,82,36,25,1,1,1
161,10,260,82,36,25,1,1,1
162,10,259,82,36,24,1,1,1
163,10,258,81,36,25,1,1,1
164,10,257,81,36,24,1,1,1
165,10,256,81,36,24,1,1,1
166,10,256,81,36,24,1,1,1
167,10,255,80,36,24,1,1,1
168,10,255,80,35,24,1,1,1
169,10,254,80,35,23,1,1,1
170,10,254,79,34,24,1,1,1
171,10,253,79,34,23,1,1,1
172,10,253,79,34,23,1,1,1
173,10,253,78,33,24,1,1,1
174,10,252,78,33,23,1,1,1
175,10,252,78,32,23,1,1,1
176,10,251,77,32,23,1,1,1
177,10,251,77,31,23,1,1,1
178,10,251,77,31,23,1,1,1
179,10,250,76,31,23,1,1,1
180,10,249,76,31,23,1,1,1
181,10,248,75,31,23,1,1,1
182,10,248,75,30,23,1,1,1
183,10,247,74,30,23,1,1,1
184,10,246,74,31,23,1,1,1
185,10,245,73,31,23,1,1,1
186,10,245,73,30,23,1,1,1
187,10,244,73,30,22,1,1,1
188,10,243,72,30,23,1,1,1
189,10,242,72,31,22,1,1,1
190,10,242,71,30,23,1,1,1
191,10,241,71,30,22,1,1,1
192,10,240,70,30,23,1,1,1
193,10,239,70,30,22,1,1,1
194,10,239,70,30,22,1,1,1
195,10,238,69,30,22,1,1,1
196,10,237,69,30,21,1,1,1
197,10,237,68,30,22,1,1,1
198,10,236,68,30,21,1,1,1
199,10,235,67,30,21,1,1,1
200,10,235,67,30,21,1,1,1
201,10,234,66,30,21,1,1,1
202,10,233,66,30,21,1,1,1
203,10,232,66,30,21,1,1,1
204,10,231,65,30,21,1,1,1
205,10,230,65,30,21,1,1,1
206,10,229,65,30,21,1,1,1
207,10,228,65,30,21,1,1,1
208,10,227,64,30,21,1,1,1
209,10,226,64,30,21,1,1,1
210,10,225,64,30,21,1,1,1
211,10,224,64,30,21,1,1,1
212,10,223,63,30,21,1,1,1
213,10,223,63,30,21,1,1,1
214,10,222,63,30,21,1,1,1
215,10,222,62,30,21,1,1,1
216,10,221,62,30,21,1,1,1
217,10,221,62,30,21,1,1,1
218,10,220,61,30,21,1,1,1
219,10,219,61,30,21,1,1,1
220,10,218,60,30,21,1,1,1
221,10,218,60,30,21,1,1,1
222,10,217,60,30,21,1,1,1
223,10,216,59,30,21,1,1,1
224,10,215,59,30,21,1,1,1
225,10,215,59,30,21,1,1,1
226,10,214,58,30,21,1,1,1
227,10,214,58,29,20,1,1,1
228,10,214,58,28,20,1,1,1
229,10,214,58,27,19,1,1,1
230,10,214,58,26,19,1,1,1
231,10,214,58,25,18,1,1,1
232,10,214,58,24,18,1,1,1
233,10,213,57,24,18,1,1,1
234,10,212,57,24,18,1,1,1
235,10,212,57,24,18,1,1,1
236,10,211,56,24,18,1,1,1
237,10,210,56,25,18,1,1,1
238,10,210,56,24,18,1,1,1
239,10,209,56,25,18,1,1,1
240,10,208,55,25,18,1,1,1
241,10,208,55,24,18,1,1,1
242,10,207,55,25,18,1,1,1
243,10,206,54,25,18,1,1,1
244,10,206,54,25,18,1,1,1
245,10,205,54,25,18,1,1,1
246,10,205,54,25,18,1,1,1
247,10,204,53,25,18,1,1,1
248,10,204,53,25,18,1,1,1
249,10,203,53,25,18,1,1,1
250,10,203,53,25,18,1,1,1
251,10,202,53,25,18,1,1,1
252,10,202,52,25,18,1,1,1
253,10,201,52,25,18,1,1,1
254,10,201,52,25,18,1,1,1
255,10,200,52,25,18,1,1,1
256,10,200,52,25,18,1,1,1
257,10,199,51,25,18,1,1,1
258,10,198,51,25,18,1,1,1
259,10,198,51,25,18,1,1,1
260,10,197,50,25,18,1,1,1
261,10,197,50,25,18,1,1,1
262,10,196,50,25,18,1,1,1
263,10,196,49,25,18,1,1,1
264,10,195,49,25,18,1,1,1
265,10,195,49,25,18,1,1,1
266,10,194,48,25,18,1,1,1
267,10,193,48,25,18,1,1,1
268,10,193,48,25,18,1,1,1
269,10,192,47,25,18,1,1,1
270,10,192,47,25,18,1,1,1
271,10,191,47,25,18,1,1,1
272,10,191,46,25,18,1,1,1
273,10,190,46,25,18,1,1,1
274,10,190,46,25,18,1,1,1
275,10,190,45,25,18,1,1,1
276,10,190,45,25,18,1,1,1
277,10,190,45,25,18,1,1,1
278,10,190,45,25,18,1,1,1
279,10,190,44,25,18,1,1,1
280,10,190,44,25,18,1,1,1
281,10,190,44,25,18,1,1,1
282,10,190,44,25,18,1,1,1
283,10,190,43,25,18,1,1,1
284,10,190,43,25,18,1,1,1
285,10,190,43,25,18,1,1,1
286,10,190,43,25,18,1,1,1
287,10,190,42,25,18,1,1,1
288,10,190,42,25,18,1,1,1
289,10,190,42,25,18,1,1,1
290,10,190,42,25,18,1,1,1
291,10,190,42,25,18,1,1,1
1,11,932,65,49,28,1,1,1
2,11,929,65,50,28,1,1,1
3,11,927,65,50,28,1,1,1
4,11,925,65,50,28,1,1,1
5,11,922,65,52,28,1,1,1
6,11,920,65,52,28,1,1,1
7,11,918,65,52,28,1,1,1
8,11,916,66,53,27,1,1,1
9,11,913,65,54,27,1,1,1
10,11,911,65,54,27,1,1,1
11,11,909,64,54,28,1,1,1
12,11,907,64,54,28,1,1,1
13,11,905,63,54,29,1,1,1
14,11,903,63,54,29,1,1,1
15,11,901,63,55,29,1,1,1
16,11,899,65,54,27,1,1,1
17,11,897,67,53,25,1,1,1
18,11,896,69,51,24,1,1,1
19,11,894,68,51,25,1,1,1
20,11,892,67,52,26,1,1,1
21,11,890,66,52,27,1,1,1
22,11,889,65,52,29,1,1,1
23,11,887,65,52,29,1,1,1
24,11,885,66,52,29,1,1,1
25,11,884,67,52,29,1,1,1
26,11,882,68,52,29,1,1,1
27,11,881,69,52,29,1,1,1
28,11,878,69,53,29,1,1,1
29,11,876,69,53,29,1,1,1
30,11,874,69,54,29,1,1,1
31,11,872,69,54,29,1,1,1
32,11,870,69,55,30,1,1,1
33,11,868,68,54,31,1,1,1
34,11,866,67,53,32,1,1,1
35,11,864,67,53,32,1,1,1
36,11,861,67,54,32,1,1,1
37,11,859,68,54,31,1,1,1
38,11,857,68,54,31,1,1,1
39,11,855,69,55,30,1,1,1
40,11,852,69,56,30,1,1,1
41,11,850,70,56,29,1,1,1
42,11,848,70,56,29,1,1,1
43,11,846,71,57,28,1,1,1
44,11,844,71,57,28,1,1,1
45,11,843,71,57,29,1,1,1
46,11,841,71,57,30,1,1,1
47,11,840,71,57,31,1,1,1
48,11,838,72,57,31,1,1,1
49,11,837,72,57,32,1,1,1
50,11,835,72,57,33,1,1,1
51,11,834,72,57,34,1,1,1
52,11,832,72,57,35,1,1,1
53,11,831,73,57,35,1,1,1
54,11,828,73,57,35,1,1,1
55,11,825,74,58,34,1,1,1
56,11,822,74,58,34,1,1,1
57,11,819,75,59,33,1,1,1
58,11,817,76,59,33,1,1,1
59,11,814,76,59,33,1,1,1
60,11,812,77,59,33,1,1,1
61,11,810,78,58,33,1,1,1
62,11,808,78,58,34,1,1,1
63,11,805,79,58,34,1,1,1
64,11,803,80,58,34,1,1,1
65,11,801,80,58,34,1,1,1
66,11,799,81,57,34,1,1,1
67,11,796,82,58,34,1,1,1
68,11,794,82,57,35,1,1,1
69,11,792,83,57,35,1,1,1
70,11,790,84,57,35,1,1,1
71,11,787,84,57,35,1,1,1
72,11,785,85,57,35,1,1,1
73,11,782,86,57,35,1,1,1
74,11,780,87,57,35,1,1,1
75,11,778,88,57,35,1,1,1
76,11,775,89,57,35,1,1,1
77,11,773,90,57,35,1,1,1
78,11,771,91,57,35,1,1,1
79,11,768,92,57,35,1,1,1
80,11,766,93,57,35,1,1,1
81,11,764,94,57,35,1,1,1
82,11,761,95,57,34,1,1,1
83,11,758,96,57,34,1,1,1
84,11,755,97,57,34,1,1,1
85,11,752,98,57,34,1,1,1
86,11,749,99,57,34,1,1,1
87,11,746,100,57,34,1,1,1
88,11,743,101,57,34,1,1,1
89,11,740,102,57,34,1,1,1
90,11,737,103,57,34,1,1,1
91,11,734,104,57,34,1,1,1
92,11,731,105,57,34,1,1,1
93,11,728,106,57,34,1,1,1
94,11,725,107,57,34,1,1,1
95,11,723,109,56,33,1,1,1
96,11,720,109,56,34,1,1,1
97,11,717,110,57,34,1,1,1
98,11,714,111,58,34,1,1,1
99,11,711,112,59,34,1,1,1
100,11,708,113,60,34,1,1,1
101,11,705,114,61,34,1,1,1
102,11,703,115,61,35,1,1,1
103,11,700,116,61,35,1,1,1
104,11,697,117,61,35,1,1,1
105,11,694,118,61,35,1,1,1
106,11,691,119,61,35,1,1,1
107,11,688,120,61,35,1,1,1
108,11,685,121,61,35,1,1,1
109,11,682,122,61,35,1,1,1
110,11,679,123,61,35,1,1,1
111,11,676,124,61,35,1,1,1
112,11,674,126,61,35,1,1,1
113,11,670,126,61,35,1,1,1
114,11,667,127,61,35,1,1,1
115,11,664,128,61,35,1,1,1
116,11,661,129,61,35,1,1,1
117,11,657,130,61,35,1,1,1
118,11,654,131,61,35,1,1,1
119,11,651,132,61,35,1,1,1
120,11,648,133,61,35,1,1,1
121,11,645,133,61,35,1,1,1
122,11,642,134,61,35,1,1,1
123,11,639,135,61,35,1,1,1
124,11,636,135,61,35,1,1,1
125,11,633,136,61,35,1,1,1
126,11,630,137,61,35,1,1,1
127,11,626,137,61,35,1,1,1
128,11,622,138,61,35,1,1,1
129,11,619,139,61,35,1,1,1
130,11,615,139,61,35,1,1,1
131,11,611,140,61,35,1,1,1
132,11,608,141,61,35,1,1,1
133,11,604,141,62,35,1,1,1
134,11,600,141,63,36,1,1,1
135,11,597,142,63,35,1,1,1
136,11,593,142,64,36,1,1,1
137,11,589,142,65,37,1,1,1
138,11,586,143,65,36,1,1,1
139,11,582,143,66,37,1,1,1
140,11,579,144,67,37,1,1,1
141,11,575,144,67,38,1,1,1
142,11,571,145,68,38,1,1,1
143,11,568,145,67,39,1,1,1
144,11,564,146,68,39,1,1,1
145,11,561,147,68,39,1,1,1
146,11,557,147,68,40,1,1,1
147,11,553,148,69,40,1,1,1
148,11,550,148,68,41,1,1,1
149,11,546,149,69,41,1,1,1
150,11,543,150,69,41,1,1,1
151,11,539,150,70,41,1,1,1
152,11,535,150,71,41,1,1,1
153,11,532,151,71,40,1,1,1
154,11,528,151,72,40,1,1,1
155,11,524,151,73,41,1,1,1
156,11,521,152,73,40,1,1,1
157,11,517,152,74,40,1,1,1
158,11,513,152,75,40,1,1,1
159,11,510,153,75,40,1,1,1
160,11,506,154,75,40,1,1,1
161,11,502,155,75,40,1,1,1
162,11,498,156,75,40,1,1,1
163,11,494,157,75,40,1,1,1
164,11,490,158,75,40,1,1,1
165,11,486,159,75,40,1,1,1
166,11,482,160,75,40,1,1,1
167,11,477,160,75,40,1,1,1
168,11,473,161,75,40,1,1,1
169,11,469,162,75,40,1,1,1
170,11,465,163,75,40,1,1,1
171,11,460,163,75,40,1,1,1
172,11,456,164,75,40,1,1,1
173,11,452,165,75,40,1,1,1
174,11,448,166,75,40,1,1,1
175,11,443,166,75,40,1,1,1
176,11,439,167,75,40,1,1,1
177,11,435,168,75,40,1,1,1
178,11,431,169,75,40,1,1,1
179,11,426,169,75,40,1,1,1
180,11,421,170,76,40,1,1,1
181,11,416,171,77,40,1,1,1
182,11,412,171,77,41,1,1,1
183,11,407,172,78,41,1,1,1
184,11,402,173,79,41,1,1,1
185,11,397,173,80,42,1,1,1
186,11,393,174,80,42,1,1,1
187,11,388,175,80,41,1,1,1
188,11,383,175,81,42,1,1,1
189,11,378,176,82,42,1,1,1
190,11,374,177,82,42,1,1,1
191,11,369,177,83,43,1,1,1
192,11,364,178,84,43,1,1,1
193,11,359,179,85,43,1,1,1
194,11,355,180,85,43,1,1,1
195,11,350,181,85,43,1,1,1
196,11,346,182,85,43,1,1,1
197,11,341,183,85,43,1,1,1
198,11,337,184,85,43,1,1,1
199,11,332,185,85,43,1,1,1
200,11,328,186,85,43,1,1,1
201,11,322,186,85,44,1,1,1
202,11,316,187,85,44,1,1,1
203,11,310,187,86,46,1,1,1
204,11,304,188,86,46,1,1,1
205,11,298,188,87,48,1,1,1
206,11,292,189,87,48,1,1,1
207,11,286,189,88,50,1,1,1
208,11,280,190,88,50,1,1,1
209,11,274,190,89,52,1,1,1
210,11,268,191,89,52,1,1,1
211,11,263,192,89,53,1,1,1
212,11,256,192,89,53,1,1,1
213,11,250,193,89,53,1,1,1
214,11,244,194,89,53,1,1,1
215,11,237,195,89,53,1,1,1
216,11,231,196,89,53,1,1,1
217,11,225,197,89,53,1,1,1
218,11,217,198,91,53,1,1,1
219,11,210,199,92,53,1,1,1
220,11,203,200,93,53,1,1,1
221,11,196,202,95,52,1,1,1
222,11,189,203,96,52,1,1,1
223,11,182,204,97,52,1,1,1
224,11,175,205,98,52,1,1,1
225,11,168,207,100,52,1,1,1
226,11,160,208,101,52,1,1,1
227,11,153,209,102,52,1,1,1
228,11,146,211,102,51,1,1,1
229,11,139,212,103,52,1,1,1
230,11,132,214,103,51,1,1,1
231,11,125,215,104,51,1,1,1
232,11,118,217,105,51,1,1,1
233,11,111,218,104,51,1,1,1
234,11,105,219,102,51,1,1,1
235,11,99,220,100,52,1,1,1
236,11,93,221,98,52,1,1,1
237,11,86,222,97,53,1,1,1
238,11,80,223,95,53,1,1,1
239,11,74,224,93,53,1,1,1
240,11,68,225,91,54,1,1,1
241,11,62,226,89,54,1,1,1
242,11,55,228,88,54,1,1,1
243,11,49,229,86,54,1,1,1
244,11,43,230,84,55,1,1,1
245,11,37,231,82,55,1,1,1
246,11,31,232,80,55,1,1,1
247,11,24,233,79,56,1,1,1
248,11,18,234,77,56,1,1,1
249,11,12,235,75,57,2,1,1
250,11,6,236,73,57,2,1,1
1,12,823,77,55,25,1,1,1
2,12,820,77,55,25,1,1,1
3,12,818,77,55,25,1,1,1
4,12,815,77,55,25,1,1,1
5,12,813,77,55,25,1,1,1
6,12,811,78,54,25,1,1,1
7,12,808,78,55,25,1,1,1
8,12,806,78,54,25,1,1,1
9,12,803,78,55,25,1,1,1
10,12,801,78,54,25,1,1,1
11,12,799,79,54,25,1,1,1
12,12,796,79,54,25,1,1,1
13,12,794,80,54,25,1,1,1
14,12,791,81,54,25,1,1,1
15,12,789,82,54,25,1,1,1
16,12,787,83,54,25,1,1,1
17,12,784,82,54,26,1,1,1
18,12,781,82,54,26,1,1,1
19,12,778,82,54,26,1,1,1
20,12,776,82,53,26,1,1,1
21,12,773,82,54,26,1,1,1
22,12,770,82,54,26,1,1,1
23,12,768,82,53,26,1,1,1
24,12,765,82,53,26,1,1,1
25,12,762,82,53,26,1,1,1
26,12,760,82,53,26,1,1,1
27,12,757,82,54,26,1,1,1
28,12,754,82,55,27,1,1,1
29,12,751,83,56,26,1,1,1
30,12,749,83,56,27,1,1,1
31,12,746,83,57,28,1,1,1
32,12,743,84,58,27,1,1,1
33,12,740,84,59,28,1,1,1
34,12,738,84,59,29,1,1,1
35,12,735,85,60,28,1,1,1
36,12,732,85,61,29,1,1,1
37,12,730,86,61,29,1,1,1
38,12,727,85,61,30,1,1,1
39,12,725,85,60,30,1,1,1
40,12,722,84,61,31,1,1,1
41,12,720,84,60,31,1,1,1
42,12,717,83,60,32,1,1,1
43,12,715,83,60,32,1,1,1
44,12,712,82,60,33,1,1,1
45,12,710,82,60,33,1,1,1
46,12,707,82,60,33,1,1,1
47,12,704,82,60,33,1,1,1
48,12,701,82,60,33,1,1,1
49,12,699,83,60,33,1,1,1
50,12,696,83,60,33,1,1,1
51,12,693,83,60,33,1,1,1
52,12,690,83,60,33,1,1,1
53,12,688,84,60,33,1,1,1
54,12,685,84,60,33,1,1,1
55,12,682,84,60,33,1,1,1
56,12,680,85,60,33,1,1,1
57,12,677,85,60,33,1,1,1
58,12,674,86,60,33,1,1,1
59,12,671,87,60,32,1,1,1
60,12,668,88,60,32,1,1,1
61,12,665,88,60,32,1,1,1
62,12,662,89,60,32,1,1,1
63,12,659,90,60,31,1,1,1
64,12,656,91,60,31,1,1,1
65,12,653,92,60,30,1,1,1
66,12,650,92,60,31,1,1,1
67,12,647,93,60,30,1,1,1
68,12,644,94,60,30,1,1,1
69,12,641,95,60,29,1,1,1
70,12,639,96,59,29,1,1,1
71,12,636,96,59,29,1,1,1
72,12,633,97,59,29,1,1,1
73,12,630,98,59,29,1,1,1
74,12,627,98,59,29,1,1,1
75,12,624,99,59,29,1,1,1
76,12,622,100,59,29,1,1,1
77,12,619,101,59,29,1,1,1
78,12,616,101,59,29,1,1,1
79,12,613,102,59,29,1,1,1
80,12,610,103,59,29,1,1,1
81,12,608,104,59,29,1,1,1
82,12,604,104,59,29,1,1,1
83,12,601,105,59,29,1,1,1
84,12,598,105,59,29,1,1,1
85,12,594,106,60,29,1,1,1
86,12,591,106,60,30,1,1,1
87,12,588,107,60,29,1,1,1
88,12,585,108,60,29,1,1,1
89,12,581,108,61,30,1,1,1
90,12,578,109,61,29,1,1,1
91,12,575,109,61,30,1,1,1
92,12,571,110,62,30,1,1,1
93,12,568,110,62,30,1,1,1
94,12,565,111,62,30,1,1,1
95,12,562,112,62,30,1,1,1
96,12,559,112,62,31,1,1,1
97,12,557,113,62,31,1,1,1
98,12,555,113,61,32,1,1,1
99,12,552,114,62,32,1,1,1
100,12,550,114,61,33,1,1,1
101,12,548,115,61,33,1,1,1
102,12,546,116,61,33,1,1,1
103,12,543,116,61,33,1,1,1
104,12,540,117,61,32,1,1,1
105,12,537,117,61,32,1,1,1
106,12,534,118,61,31,1,1,1
107,12,531,118,61,31,1,1,1
108,12,528,119,61,30,1,1,1
109,12,525,119,61,30,1,1,1
110,12,522,120,61,29,1,1,1
111,12,519,120,61,29,1,1,1
112,12,517,121,61,29,1,1,1
113,12,514,121,61,29,1,1,1
114,12,512,121,61,29,1,1,1
115,12,509,121,61,29,1,1,1
116,12,507,121,61,29,1,1,1
117,12,505,121,61,29,1,1,1
118,12,502,121,61,29,1,1,1
119,12,500,121,61,29,1,1,1
120,12,498,122,61,29,1,1,1
121,12,495,121,61,29,1,1,1
122,12,493,121,61,29,1,1,1
123,12,490,121,61,29,1,1,1
124,12,488,121,61,29,1,1,1
125,12,485,121,61,29,1,1,1
126,12,483,121,61,29,1,1,1
127,12,480,121,61,29,1,1,1
128,12,477,121,62,29,1,1,1
129,12,475,121,62,29,1,1,1
130,12,472,121,63,29,1,1,1
131,12,469,121,64,29,1,1,1
132,12,467,121,64,29,1,1,1
133,12,464,120,64,29,1,1,1
134,12,462,120,64,29,1,1,1
135,12,459,120,65,29,1,1,1
136,12,457,120,65,29,1,1,1
137,12,455,120,64,29,1,1,1
138,12,452,120,65,29,1,1,1
139,12,450,120,65,29,1,1,1
140,12,448,120,65,29,1,1,1
141,12,445,119,65,29,1,1,1
142,12,443,119,65,29,1,1,1
143,12,441,119,65,29,1,1,1
144,12,439,119,65,29,1,1,1
145,12,437,119,65,29,1,1,1
146,12,434,118,65,29,1,1,1
147,12,432,118,65,29,1,1,1
148,12,430,118,65,29,1,1,1
149,12,428,118,65,29,1,1,1
150,12,426,118,65,29,1,1,1
151,12,424,117,65,29,1,1,1
152,12,422,117,65,29,1,1,1
153,12,420,117,65,29,1,1,1
154,12,418,117,65,29,1,1,1
155,12,416,117,65,29,1,1,1
156,12,414,117,65,29,1,1,1
157,12,412,117,65,29,1,1,1
158,12,410,117,65,29,1,1,1
159,12,408,117,65,29,1,1,1
160,12,406,116,64,29,1,1,1
161,12,404,116,64,29,1,1,1
162,12,402,115,63,29,1,1,1
163,12,400,115,63,29,1,1,1
164,12,398,114,62,29,1,1,1
165,12,396,114,62,29,1,1,1
166,12,395,114,61,29,1,1,1
167,12,393,113,61,29,1,1,1
168,12,391,113,61,29,1,1,1
169,12,389,113,61,29,1,1,1
170,12,387,113,61,29,1,1,1
171,12,385,113,61,29,1,1,1
172,12,383,113,61,29,1,1,1
173,12,381,112,61,29,1,1,1
174,12,379,112,61,29,1,1,1
175,12,377,112,61,29,1,1,1
176,12,375,112,61,29,1,1,1
177,12,373,112,61,29,1,1,1
178,12,372,112,61,29,1,1,1
179,12,370,111,61,29,1,1,1
180,12,369,111,60,29,1,1,1
181,12,367,111,60,29,1,1,1
182,12,366,111,59,29,1,1,1
183,12,364,111,59,28,1,1,1
184,12,363,110,58,29,1,1,1
185,12,361,110,58,29,1,1,1
186,12,360,110,57,29,1,1,1
187,12,359,110,56,28,1,1,1
188,12,357,110,56,28,1,1,1
189,12,356,109,55,29,1,1,1
190,12,354,109,55,29,1,1,1
191,12,353,109,54,28,1,1,1
192,12,351,109,54,28,1,1,1
193,12,350,109,53,28,1,1,1
194,12,349,109,53,28,1,1,1
195,12,346,108,53,28,1,1,1
196,12,344,108,53,28,1,1,1
197,12,342,107,53,29,1,1,1
198,12,340,107,53,28,1,1,1
199,12,338,106,53,29,1,1,1
200,12,336,106,53,29,1,1,1
201,12,334,105,53,29,1,1,1
202,12,333,105,52,29,1,1,1
203,12,331,105,53,28,1,1,1
204,12,330,104,52,29,1,1,1
205,12,329,104,51,29,1,1,1
206,12,327,104,52,28,1,1,1
207,12,326,104,51,28,1,1,1
208,12,325,103,50,29,1,1,1
209,12,323,103,51,28,1,1,1
210,12,322,103,50,28,1,1,1
211,12,321,103,50,28,1,1,1
212,12,319,102,50,28,1,1,1
213,12,318,102,50,28,1,1,1
214,12,317,102,50,28,1,1,1
215,12,316,101,49,28,1,1,1
216,12,315,101,49,28,1,1,1
217,12,314,101,49,28,1,1,1
218,12,312,100,49,28,1,1,1
219,12,310,100,49,28,1,1,1
220,12,308,100,49,28,1,1,1
221,12,306,100,49,28,1,1,1
222,12,304,99,49,28,1,1,1
223,12,302,99,49,28,1,1,1
224,12,300,99,49,28,1,1,1
225,12,299,99,49,28,1,1,1
226,12,297,98,49,28,1,1,1
227,12,296,98,49,28,1,1,1
228,12,295,98,48,28,1,1,1
229,12,294,98,48,27,1,1,1
230,12,293,98,47,27,1,1,1
231,12,292,98,47,27,1,1,1
232,12,291,98,47,27,1,1,1
233,12,289,97,47,27,1,1,1
234,12,288,97,46,27,1,1,1
235,12,287,96,46,27,1,1,1
236,12,286,96,45,27,1,1,1
237,12,285,96,44,26,1,1,1
238,12,284,95,44,27,1,1,1
239,12,283,95,43,26,1,1,1
240,12,281,95,43,26,1,1,1
241,12,280,94,43,26,1,1,1
242,12,279,94,42,26,1,1,1
243,12,278,94,41,25,1,1,1
244,12,277,93,41,26,1,1,1
245,12,276,93,40,25,1,1,1
246,12,275,93,40,25,1,1,1
247,12,273,92,40,25,1,1,1
248,12,272,92,40,25,1,1,1
249,12,271,92,40,25,1,1,1
250,12,270,92,40,25,1,1,1
251,12,269,92,40,25,1,1,1
252,12,268,91,40,25,1,1,1
253,12,267,91,40,25,1,1,1
254,12,266,91,40,25,1,1,1
255,12,265,91,40,25,1,1,1
256,12,264,91,40,25,1,1,1
257,12,262,90,40,25,1,1,1
258,12,261,90,40,25,1,1,1
259,12,260,90,40,24,1,1,1
260,12,259,89,40,25,1,1,1
261,12,258,89,40,25,1,1,1
262,12,257,89,40,24,1,1,1
263,12,255,88,40,25,1,1,1
264,12,254,88,40,24,1,1,1
265,12,253,88,40,24,1,1,1
266,12,252,87,40,25,1,1,1
267,12,251,87,40,24,1,1,1
268,12,250,87,40,24,1,1,1
269,12,248,86,40,24,1,1,1
270,12,247,86,40,24,1,1,1
271,12,246,86,40,24,1,1,1
272,12,245,85,40,24,1,1,1
273,12,244,85,40,24,1,1,1
274,12,243,85,40,24,1,1,1
275,12,242,84,40,24,1,1,1
276,12,242,84,39,24,1,1,1
277,12,242,83,39,24,1,1,1
278,12,242,83,38,24,1,1,1
279,12,241,82,38,25,1,1,1
280,12,241,82,38,24,1,1,1
281,12,241,82,37,24,1,1,1
282,12,241,81,36,25,1,1,1
283,12,240,81,37,24,1,1,1
284,12,240,80,36,25,1,1,1
285,12,240,80,35,25,1,1,1
286,12,240,80,35,24,1,1,1
287,12,239,79,35,25,1,1,1
288,12,239,79,34,25,1,1,1
289,12,239,78,34,25,1,1,1
290,12,239,78,33,25,1,1,1
291,12,239,78,33,25,1,1,1
11,13,0,319,99,82,2,1,1
12,13,0,315,110,84,2,1,1
13,13,0,312,121,86,2,1,1
14,13,0,309,133,88,2,1,1
15,13,0,306,144,90,2,1,1
16,13,0,303,156,92,3,1,1
17,13,0,300,167,94,3,1,1
18,13,0,297,179,96,3,1,1
19,13,12,294,178,96,1,1,1
20,13,24,292,178,95,1,1,1
21,13,37,290,176,94,1,1,1
22,13,49,288,176,93,1,1,1
23,13,61,286,176,92,1,1,1
24,13,74,284,174,91,1,1,1
25,13,86,282,174,90,1,1,1
26,13,99,280,173,89,1,1,1
27,13,110,277,170,89,1,1,1
28,13,122,275,167,88,1,1,1
29,13,134,273,164,87,1,1,1
30,13,146,270,161,87,1,1,1
31,13,158,268,158,86,1,1,1
32,13,170,266,155,85,1,1,1
33,13,182,264,152,84,1,1,1
34,13,194,261,149,84,1,1,1
35,13,206,259,146,83,1,1,1
36,13,218,257,143,82,1,1,1
37,13,230,255,140,81,1,4,1
38,13,240,253,140,79,1,4,1
39,13,251,251,140,78,1,4,1
40,13,262,249,139,76,1,4,1
41,13,273,247,139,75,1,4,1
42,13,283,245,140,74,1,4,1
43,13,294,243,139,72,1,4,1
44,13,305,241,139,71,1,4,1
45,13,316,240,139,69,1,4,1
46,13,325,238,138,69,1,4,1
47,13,334,237,137,69,1,4,1
48,13,343,236,136,69,1,4,1
49,13,352,235,136,69,1,4,1
50,13,361,234,135,69,1,4,1
51,13,370,233,134,69,1,4,1
52,13,379,232,133,69,1,1,1
53,13,388,231,133,69,1,1,1
54,13,397,230,132,69,1,1,1
55,13,406,229,131,69,1,1,1
56,13,415,228,131,69,1,1,1
57,13,422,227,130,69,1,1,1
58,13,430,226,129,69,1,1,1
59,13,438,225,128,69,1,1,1
60,13,446,225,127,68,1,1,1
61,13,454,224,126,68,1,1,1
62,13,462,223,125,68,1,1,1
63,13,470,223,124,67,1,1,1
64,13,478,222,123,67,1,1,1
65,13,486,221,122,67,1,1,1
66,13,494,220,121,67,1,1,1
67,13,502,220,120,66,1,1,1
68,13,510,219,119,66,1,1,1
69,13,518,218,118,66,1,1,1
70,13,526,218,117,65,1,1,1
71,13,532,217,117,65,1,1,1
72,13,539,217,116,64,1,1,1
73,13,546,216,115,64,1,1,1
74,13,552,216,115,64,1,1,1
75,13,559,216,114,63,1,1,1
76,13,566,215,113,63,1,1,1
77,13,573,215,112,62,1,1,1
78,13,579,215,112,62,1,1,1
79,13,586,214,111,62,1,1,1
80,13,593,214,110,61,1,1,1
81,13,600,214,109,61,1,1,1
82,13,605,214,108,60,1,1,1
83,13,611,214,107,60,1,1,1
84,13,617,214,106,59,1,1,1
85,13,623,214,105,59,1,1,1
86,13,628,214,105,58,1,1,1
87,13,634,214,104,58,1,1,1
88,13,640,214,103,57,1,1,1
89,13,646,214,101,57,1,1,1
90,13,652,214,100,56,1,1,1
91,13,657,214,100,56,1,1,1
92,13,663,214,99,55,1,1,1
93,13,669,214,98,55,1,1,1
94,13,675,214,97,54,1,1,1
95,13,681,214,96,54,1,1,1
96,13,686,213,95,54,1,1,1
97,13,691,213,95,54,1,1,1
98,13,697,213,94,54,1,1,1
99,13,702,213,93,53,1,1,1
100,13,708,213,92,53,1,1,1
101,13,713,213,92,53,1,1,1
102,13,719,213,91,53,1,1,1
103,13,723,212,91,53,1,1,1
104,13,728,212,90,52,1,1,1
105,13,733,212,89,51,1,1,1
106,13,738,212,89,51,1,1,1
107,13,743,212,88,50,1,1,1
108,13,748,211,87,50,1,1,1
109,13,753,211,87,50,1,1,1
110,13,758,211,86,49,1,1,1
111,13,763,211,85,48,1,1,1
112,13,768,211,85,48,1,1,1
113,13,772,210,85,48,1,1,1
114,13,777,209,84,48,1,1,1
115,13,781,208,85,49,1,1,1
116,13,786,208,84,48,1,1,1
117,13,790,207,84,48,1,1,1
118,13,795,206,84,49,1,1,1
119,13,799,205,84,49,1,1,1
120,13,804,205,84,49,1,1,1
121,13,808,204,84,49,1,1,1
122,13,813,203,83,49,1,1,1
123,13,818,203,82,48,1,1,1
124,13,822,202,82,48,1,1,1
125,13,827,201,81,48,1,1,1
126,13,832,201,80,48,1,1,1
127,13,836,200,80,47,1,1,1
128,13,840,199,80,47,1,1,1
129,13,844,199,80,46,1,1,1
130,13,848,198,80,45,1,1,1
131,13,852,197,80,45,1,1,1
132,13,856,197,80,44,1,1,1
133,13,859,196,80,44,1,1,1
134,13,863,195,80,44,1,1,1
135,13,867,194,79,44,1,1,1
136,13,871,194,79,43,1,1,1
137,13,875,193,78,43,1,1,1
138,13,879,192,78,43,1,1,1
139,13,883,191,77,43,1,1,1
140,13,887,191,77,43,1,1,1
141,13,891,190,76,43,1,1,1
142,13,895,189,75,43,1,1,1
143,13,899,189,75,42,1,1,1
144,13,903,188,74,42,1,1,1
145,13,908,188,73,42,1,1,1
146,13,912,187,72,42,1,1,1
147,13,916,186,71,42,1,1,1
148,13,920,186,71,41,1,1,1
149,13,924,185,70,41,1,1,1
150,13,929,185,69,41,1,1,1
151,13,932,184,68,41,1,1,1
152,13,936,183,66,41,1,1,1
153,13,940,182,64,41,1,1,1
154,13,944,181,63,41,1,1,1
155,13,948,180,61,41,1,1,1
156,13,952,179,59,41,1,1,1
157,13,956,178,57,41,1,1,1
158,13,960,177,56,41,1,1,1
159,13,964,176,54,41,1,1,1
160,13,968,175,52,41,1,1,1
161,13,972,174,51,41,2,1,1
162,13,974,173,48,41,2,1,1
163,13,977,172,45,41,2,1,1
164,13,980,172,42,40,2,1,1
165,13,983,171,39,40,2,1,1
166,13,986,170,36,40,2,1,1
41,14,1,271,88,66,2,1,1
42,14,0,270,88,68,2,1,1
43,14,0,270,87,70,2,1,1
44,14,0,270,86,72,2,1,1
45,14,0,270,85,74,2,1,1
46,14,0,270,87,73,2,1,1
47,14,0,270,90,73,2,1,1
48,14,0,270,93,73,2,1,1
49,14,0,270,95,73,2,1,1
50,14,0,270,98,72,2,1,1
51,14,0,270,101,72,2,1,1
52,14,0,270,103,72,2,1,1
53,14,0,270,106,72,2,1,1
54,14,0,270,109,71,2,1,1
55,14,0,270,111,71,2,1,1
56,14,0,270,114,71,2,1,1
57,14,0,270,117,71,2,1,1
58,14,0,270,119,70,2,1,1
59,14,0,270,122,69,2,1,1
60,14,0,270,125,69,3,1,1
61,14,0,270,128,70,3,1,1
62,14,0,270,131,72,3,1,1
63,14,0,270,134,73,3,1,1
64,14,0,270,137,75,3,1,1
65,14,0,270,140,77,3,1,1
66,14,0,270,143,78,3,1,1
67,14,0,270,146,80,3,1,1
68,14,0,270,149,81,3,1,1
69,14,0,270,152,83,3,1,1
70,14,1,271,154,84,3,1,1
71,14,0,271,158,83,3,1,1
72,14,0,272,161,81,3,1,1
73,14,0,273,165,80,3,1,1
74,14,3,274,165,79,3,1,1
75,14,7,275,165,79,3,1,1
76,14,10,276,165,79,3,1,1
77,14,14,277,165,79,1,1,1
78,14,17,278,165,78,1,1,1
79,14,21,279,165,78,1,1,1
80,14,24,280,165,78,1,1,1
81,14,28,282,165,77,1,1,1
82,14,32,282,165,77,1,1,1
83,14,37,283,164,76,1,1,1
84,14,42,283,163,76,1,1,1
85,14,47,284,162,76,1,1,1
86,14,52,285,161,75,1,1,1
87,14,57,285,160,75,1,1,1
88,14,62,286,159,75,1,1,1
89,14,67,287,158,74,1,1,1
90,14,72,287,157,74,1,1,1
91,14,77,288,156,73,1,1,1
92,14,82,289,155,73,1,1,1
93,14,87,289,154,73,1,1,1
94,14,92,290,153,72,1,1,1
95,14,97,291,152,72,1,1,1
96,14,101,291,152,72,1,1,1
97,14,105,292,152,71,1,1,1
98,14,110,292,151,71,1,1,1
99,14,114,293,151,70,1,1,1
100,14,119,293,150,70,1,1,1
101,14,123,294,150,69,1,1,1
102,14,128,295,150,68,1,1,1
103,14,132,295,149,68,1,1,1
104,14,137,296,147,68,1,1,1
105,14,141,296,147,68,1,1,1
106,14,146,297,145,68,1,1,1
107,14,150,298,145,67,1,1,1
108,14,155,298,143,68,1,1,1
109,14,159,299,142,67,1,1,1
110,14,164,299,141,68,1,1,1
111,14,168,300,140,67,1,1,1
112,14,173,301,139,67,1,1,1
113,14,176,301,139,67,1,1,1
114,14,180,301,139,67,1,1,1
115,14,184,301,139,67,1,1,1
116,14,188,301,139,67,1,1,1
117,14,192,301,139,67,1,1,1
118,14,196,301,139,67,1,1,1
119,14,200,301,139,67,1,1,1
120,14,204,301,139,67,1,1,1
121,14,207,300,139,66,1,1,1
122,14,211,300,139,65,1,1,1
123,14,215,300,139,63,1,1,1
124,14,219,300,138,62,1,1,1
125,14,223,300,138,60,1,1,1
126,14,227,300,138,59,1,1,1
127,14,230,299,137,59,1,1,1
128,14,233,299,137,59,1,1,1
129,14,236,298,137,59,1,1,1
130,14,240,298,136,59,1,1,1
131,14,243,297,136,59,1,1,1
132,14,246,297,136,59,1,1,1
133,14,249,296,136,59,1,4,1
134,14,253,296,135,59,1,4,1
135,14,257,295,133,59,1,4,1
136,14,261,295,132,59,1,4,1
137,14,265,295,131,58,1,4,1
138,14,269,294,130,59,1,4,1
139,14,273,294,129,58,1,4,1
140,14,277,294,128,58,1,4,1
141,14,281,292,127,58,1,1,1
142,14,285,291,126,58,1,1,1
143,14,289,290,125,58,1,1,1
144,14,293,289,124,57,1,1,1
145,14,297,288,123,57,1,1,1
146,14,301,287,123,57,1,1,1
147,14,305,286,122,56,1,1,1
148,14,309,285,122,56,1,1,1
149,14,313,284,121,56,1,1,1
150,14,317,283,121,56,1,1,1
151,14,321,282,120,56,1,1,1
152,14,325,281,120,57,1,1,1
153,14,329,281,120,57,1,1,1
154,14,333,280,120,57,1,1,1
155,14,338,279,119,58,1,1,1
156,14,342,279,119,58,1,1,1
157,14,346,278,119,58,1,1,1
158,14,350,277,119,59,1,1,1
159,14,355,277,118,59,1,1,1
160,14,359,276,117,58,1,1,1
161,14,364,275,116,58,1,1,1
162,14,369,274,115,58,1,1,1
163,14,373,273,115,58,1,1,1
164,14,378,272,114,58,1,1,1
165,14,383,271,113,58,1,1,1
166,14,388,271,112,57,1,1,1
167,14,392,270,111,57,1,1,1
168,14,396,269,111,57,1,1,1
169,14,400,268,111,57,1,1,1
170,14,404,268,111,57,1,1,1
171,14,408,267,111,57,1,1,1
172,14,412,266,111,57,1,1,1
173,14,416,265,110,57,1,1,1
174,14,420,265,110,57,1,1,1
175,14,424,264,110,57,1,1,1
176,14,428,263,110,57,1,1,1
177,14,432,262,110,57,1,1,1
178,14,437,262,109,57,1,1,1
179,14,440,261,109,57,1,1,1
180,14,444,260,109,57,1,1,1
181,14,448,259,108,57,1,1,1
182,14,452,259,108,56,1,1,1
183,14,456,258,107,56,1,1,1
184,14,460,257,107,56,1,1,1
185,14,464,256,106,56,1,1,1
186,14,468,256,106,55,1,1,1
187,14,472,255,106,55,1,1,1
188,14,476,254,105,55,1,1,1
189,14,480,253,105,55,1,1,1
190,14,484,253,104,54,1,1,1
191,14,488,252,104,54,1,1,1
192,14,492,251,103,54,1,1,1
193,14,496,250,103,54,1,1,1
194,14,500,250,103,54,1,1,1
195,14,503,249,103,54,1,1,1
196,14,507,248,103,54,1,1,1
197,14,510,248,103,54,1,1,1
198,14,514,247,103,54,1,1,1
199,14,517,246,103,54,1,1,1
200,14,521,246,103,54,1,1,1
201,14,524,245,103,54,1,1,1
202,14,528,245,102,53,1,1,1
203,14,531,245,103,53,1,1,1
204,14,535,245,102,52,1,1,1
205,14,538,245,102,51,1,1,1
206,14,542,244,102,52,1,1,1
207,14,545,244,102,51,1,1,1
208,14,549,244,101,50,1,1,1
209,14,552,244,102,50,1,1,1
210,14,556,244,101,49,1,1,1
211,14,560,244,101,49,1,1,1
212,14,563,243,101,49,1,1,1
213,14,567,243,101,49,1,1,1
214,14,570,242,101,49,1,1,1
215,14,574,242,101,49,1,1,1
216,14,577,241,101,49,1,1,1
217,14,581,241,101,49,1,1,1
218,14,584,240,100,49,1,1,1
219,14,588,239,99,49,1,1,1
220,14,591,239,98,49,1,1,1
221,14,595,238,97,49,1,1,1
222,14,598,237,97,49,1,1,1
223,14,602,237,95,49,1,1,1
224,14,605,236,95,49,1,1,1
225,14,609,236,94,49,1,1,1
226,14,612,235,94,49,1,1,1
227,14,616,234,93,49,1,1,1
228,14,619,233,94,49,1,1,1
229,14,623,233,93,49,1,1,1
230,14,626,232,94,49,1,1,1
231,14,630,231,93,49,1,1,1
232,14,634,231,93,49,1,1,1
233,14,637,230,93,49,1,1,1
234,14,641,230,92,48,1,1,1
235,14,644,230,93,48,1,1,1
236,14,648,229,92,48,1,1,1
237,14,651,229,93,48,1,1,1
238,14,655,229,92,47,1,1,1
239,14,658,229,93,47,1,1,1
240,14,662,228,92,47,1,1,1
241,14,665,228,92,46,1,1,1
242,14,669,228,92,46,1,1,1
243,14,672,227,92,46,1,1,1
244,14,676,227,92,46,1,1,1
245,14,679,227,92,45,1,1,1
246,14,683,227,92,45,1,1,1
247,14,686,226,92,45,1,1,1
248,14,690,226,92,45,1,1,1
249,14,694,225,91,45,1,1,1
250,14,698,225,91,45,1,1,1
251,14,702,224,90,45,1,1,1
252,14,705,224,91,45,1,1,1
253,14,709,223,90,45,1,1,1
254,14,713,223,90,45,1,1,1
255,14,717,222,89,45,1,1,1
256,14,721,222,89,45,1,1,1
257,14,724,221,89,45,1,1,1
258,14,728,220,88,45,1,1,1
259,14,732,220,87,45,1,1,1
260,14,735,219,88,45,1,1,1
261,14,739,218,87,45,1,1,1
262,14,743,218,86,45,1,1,1
263,14,747,217,85,45,1,1,1
264,14,750,216,86,45,1,1,1
265,14,754,216,85,45,1,1,1
266,14,758,215,84,45,1,1,1
267,14,761,214,85,45,1,1,1
268,14,765,214,84,45,1,1,1
269,14,769,213,83,45,1,1,1
270,14,773,212,82,45,1,1,1
271,14,776,212,83,45,1,1,1
272,14,780,211,82,45,1,1,1
273,14,784,210,81,45,1,1,1
274,14,788,210,81,45,1,1,1
275,14,791,209,81,45,1,1,1
276,14,795,208,80,45,1,1,1
277,14,798,208,81,44,1,1,1
278,14,802,207,80,44,1,1,1
279,14,806,207,80,43,1,1,1
280,14,809,206,80,44,1,1,1
281,14,813,205,79,44,1,1,1
282,14,817,205,79,43,1,1,1
283,14,820,204,79,43,1,1,1
284,14,824,204,79,42,1,1,1
285,14,828,203,78,42,1,1,1
286,14,831,202,78,43,1,1,1
287,14,835,202,78,42,1,1,1
288,14,839,201,77,42,1,1,1
289,14,842,201,78,41,1,1,1
290,14,846,200,77,41,1,1,1
291,14,850,200,77,41,1,1,1
102,15,895,118,57,33,1,1,1
103,15,891,119,57,33,1,1,1
104,15,888,120,57,33,1,1,1
105,15,884,121,57,33,1,1,1
106,15,881,122,57,33,1,1,1
107,15,878,124,57,33,1,1,1
108,15,874,125,57,33,1,1,1
109,15,871,126,57,33,1,1,1
110,15,867,127,57,33,1,1,1
111,15,864,128,57,33,1,1,1
112,15,861,130,57,33,1,1,1
113,15,857,131,57,33,1,1,1
114,15,854,132,57,33,1,1,1
115,15,850,133,57,33,1,1,1
116,15,847,134,57,33,1,1,1
117,15,844,135,57,33,1,1,1
118,15,840,136,57,33,1,1,1
119,15,837,137,57,33,1,1,1
120,15,834,138,57,33,1,1,1
121,15,830,138,57,33,1,1,1
122,15,827,139,57,33,1,1,1
123,15,824,140,57,33,1,1,1
124,15,820,141,57,33,1,1,1
125,15,817,142,57,33,1,1,1
126,15,814,143,57,33,1,1,1
127,15,810,143,57,33,1,1,1
128,15,807,144,57,33,1,1,1
129,15,804,145,57,33,1,1,1
130,15,800,145,57,33,1,1,1
131,15,797,146,57,33,1,1,1
132,15,794,147,57,33,1,1,1
133,15,790,147,57,33,1,1,1
134,15,786,148,58,33,1,1,1
135,15,783,148,58,33,1,1,1
136,15,779,149,59,33,1,1,1
137,15,775,150,60,33,1,1,1
138,15,772,150,60,33,1,1,1
139,15,768,151,61,33,1,1,1
140,15,765,152,61,33,1,1,1
141,15,761,152,61,33,1,1,1
142,15,758,153,61,33,1,1,1
143,15,754,154,61,33,1,1,1
144,15,751,155,61,33,1,1,1
145,15,748,156,61,33,1,1,1
146,15,744,156,61,33,1,1,1
147,15,741,157,61,33,1,1,1
148,15,737,158,61,33,1,1,1
149,15,734,159,61,33,1,1,1
150,15,731,160,61,33,1,1,1
151,15,727,160,61,33,1,1,1
152,15,724,160,61,33,1,1,1
153,15,721,161,61,33,1,1,1
154,15,718,161,61,33,1,1,1
155,15,715,162,61,33,1,1,1
156,15,712,162,61,33,1,1,1
157,15,709,163,61,33,1,1,1
158,15,706,163,61,33,1,1,1
159,15,703,164,61,33,1,1,1
160,15,699,164,62,33,1,1,1
161,15,695,164,64,34,1,1,1
162,15,692,165,65,34,1,1,1
163,15,688,165,66,35,1,1,1
164,15,685,166,67,35,1,1,1
165,15,681,166,69,36,1,1,1
166,15,678,167,70,36,1,1,1
167,15,674,167,70,36,1,1,1
168,15,671,168,70,36,1,1,1
169,15,668,169,70,36,1,1,1
170,15,665,170,69,36,1,1,1
171,15,661,170,70,36,1,1,1
172,15,658,171,70,36,1,1,1
173,15,655,172,69,36,1,1,1
174,15,652,173,69,36,1,1,1
175,15,648,173,70,36,1,1,1
176,15,645,174,69,36,1,1,1
177,15,642,175,69,36,1,1,1
178,15,639,176,69,36,1,1,1
179,15,635,176,70,36,1,1,1
180,15,632,177,70,36,1,1,1
181,15,629,177,70,36,1,1,1
182,15,626,178,70,36,1,1,1
183,15,622,178,71,37,1,1,1
184,15,619,179,71,36,1,1,1
185,15,616,179,71,37,1,1,1
186,15,613,180,72,37,1,1,1
187,15,609,181,73,36,1,1,1
188,15,606,181,73,37,1,1,1
189,15,603,182,73,36,1,1,1
190,15,600,182,73,37,1,1,1
191,15,596,183,74,37,1,1,1
192,15,593,183,74,37,1,1,1
193,15,590,184,74,37,1,1,1
194,15,587,185,75,37,1,1,1
195,15,584,185,74,38,1,1,1
196,15,581,186,74,38,1,1,1
197,15,578,186,74,39,1,1,1
198,15,575,187,74,39,1,1,1
199,15,572,187,74,40,1,1,1
200,15,570,188,73,41,1,1,1
201,15,566,188,74,41,1,1,1
202,15,563,189,74,41,1,1,1
203,15,560,190,75,41,1,1,1
204,15,556,190,76,41,1,1,1
205,15,553,191,76,41,1,1,1
206,15,550,192,77,41,1,1,1
207,15,547,193,77,41,1,1,1
208,15,543,193,78,41,1,1,1
209,15,540,194,79,41,1,1,1
210,15,537,195,79,41,1,1,1
211,15,534,196,80,41,1,1,1
212,15,531,196,80,41,1,1,1
213,15,528,197,80,41,1,1,1
214,15,525,198,80,41,1,1,1
215,15,522,198,80,41,1,1,1
216,15,519,199,80,41,1,1,1
217,15,516,200,80,41,1,1,1
218,15,513,200,80,41,1,1,1
219,15,510,201,80,41,1,1,1
220,15,508,202,80,41,1,1,1
221,15,505,203,80,41,1,1,1
222,15,502,204,80,41,1,1,1
223,15,500,205,80,41,1,1,1
224,15,497,206,80,41,1,1,1
225,15,495,207,80,41,1,1,1
226,15,492,207,80,41,1,1,1
227,15,489,208,81,40,1,1,1
228,15,486,208,82,41,1,1,1
229,15,483,209,82,40,1,1,1
230,15,480,209,83,41,1,1,1
231,15,477,210,84,40,1,1,1
232,15,474,211,85,40,1,1,1
233,15,471,211,85,41,1,1,1
234,15,469,212,85,41,1,1,1
235,15,466,212,85,42,1,1,1
236,15,464,213,85,42,1,1,1
237,15,462,214,85,42,1,1,1
238,15,459,214,85,43,1,1,1
239,15,457,215,85,43,1,1,1
240,15,455,216,85,43,1,1,1
241,15,452,216,85,44,1,1,1
242,15,450,217,85,44,1,1,1
243,15,448,218,85,44,1,1,1
244,15,445,218,85,45,1,1,1
245,15,443,219,85,45,1,1,1
246,15,441,220,85,45,1,1,1
247,15,438,220,86,45,1,1,1
248,15,436,221,86,45,1,1,1
249,15,433,221,87,45,1,1,1
250,15,431,222,87,45,1,1,1
251,15,429,223,87,45,1,1,1
252,15,426,223,88,45,1,1,1
253,15,424,224,88,45,1,1,1
254,15,421,224,89,45,1,1,1
255,15,419,225,89,45,1,1,1
256,15,417,226,89,45,1,1,1
257,15,414,226,89,45,1,1,1
258,15,412,227,89,45,1,1,1
259,15,410,228,89,45,1,1,1
260,15,407,228,90,45,1,1,1
261,15,405,229,90,45,1,1,1
262,15,403,230,90,45,1,1,1
263,15,401,231,90,44,1,1,1
264,15,398,231,91,45,1,1,1
265,15,396,232,91,45,1,1,1
266,15,394,233,91,44,1,1,1
267,15,391,233,92,45,1,1,1
268,15,389,234,92,45,1,1,1
269,15,387,235,92,44,1,1,1
270,15,385,236,92,44,1,1,1
271,15,382,236,93,45,1,1,1
272,15,380,237,93,44,1,1,1
273,15,378,238,93,44,1,1,1
274,15,376,239,93,44,1,1,1
275,15,373,239,94,44,1,1,1
276,15,371,239,94,44,1,1,1
277,15,369,239,94,45,1,1,1
278,15,367,239,95,45,1,1,1
279,15,365,239,95,46,1,1,1
280,15,363,239,95,46,1,1,1
281,15,361,239,96,46,1,1,1
282,15,359,239,96,47,1,1,1
283,15,357,240,96,46,1,1,1
284,15,355,240,96,47,1,1,1
285,15,353,240,97,47,1,1,1
286,15,351,240,97,47,1,1,1
287,15,349,240,97,48,1,1,1
288,15,347,240,98,48,1,1,1
289,15,345,240,98,49,1,1,1
290,15,343,240,98,49,1,1,1
291,15,341,241,99,49,1,1,1
94,16,0,423,120,96,2,1,1
95,16,0,420,136,96,2,1,1
96,16,0,417,152,96,2,1,1
97,16,0,414,168,96,1,1,1
98,16,0,412,185,95,1,1,1
99,16,18,409,184,96,1,1,1
100,16,37,407,183,96,1,1,1
101,16,55,405,182,96,1,1,1
102,16,74,403,181,96,1,1,1
103,16,91,400,178,95,1,1,1
104,16,108,397,175,95,1,1,1
105,16,125,394,173,94,1,1,1
106,16,142,392,170,93,1,1,1
107,16,159,389,168,93,1,1,1
108,16,176,386,165,92,1,1,1
109,16,193,384,162,91,1,1,1
110,16,210,381,160,90,1,4,1
111,16,227,378,157,90,1,4,1
112,16,244,376,155,89,1,4,1
113,16,258,372,153,88,1,4,1
114,16,273,369,151,86,1,4,1
115,16,288,366,149,85,1,4,1
116,16,303,363,147,83,1,4,1
117,16,318,359,145,82,1,4,1
118,16,333,356,143,81,1,4,1
119,16,348,353,141,79,1,4,1
120,16,363,350,139,78,1,4,1
121,16,374,347,137,77,1,4,1
122,16,385,344,136,76,1,4,1
123,16,396,341,135,75,1,1,1
124,16,407,338,133,74,1,1,1
125,16,418,335,132,73,1,1,1
126,16,429,332,131,73,1,1,1
127,16,440,329,130,72,1,1,1
128,16,452,327,128,70,1,1,1
129,16,463,325,127,69,1,1,1
130,16,475,323,125,67,1,1,1
131,16,486,321,124,65,1,1,1
132,16,498,319,123,64,1,1,1
133,16,508,316,121,64,1,1,1
134,16,518,314,120,64,1,1,1
135,16,528,311,119,64,1,1,1
136,16,538,309,118,64,1,1,1
137,16,548,307,116,63,1,1,1
138,16,558,304,115,64,1,1,1
139,16,568,302,114,63,1,1,1
140,16,579,300,112,63,1,1,1
141,16,587,297,111,63,1,1,1
142,16,596,295,110,62,1,1,1
143,16,605,292,109,62,1,1,1
144,16,614,290,108,62,1,1,1
145,16,623,287,107,62,1,1,1
146,16,632,285,106,61,1,1,1
147,16,641,282,105,62,1,1,1
148,16,650,280,104,61,1,1,1
149,16,659,277,103,61,1,1,1
150,16,668,275,102,61,1,1,1
151,16,676,273,101,60,1,1,1
152,16,684,272,100,59,1,1,1
153,16,692,270,100,59,1,1,1
154,16,700,269,99,57,1,1,1
155,16,709,267,98,57,1,1,1
156,16,717,266,97,56,1,1,1
157,16,725,264,97,55,1,1,1
158,16,733,263,96,54,1,1,1
159,16,742,262,95,53,1,1,1
160,16,748,260,94,53,1,1,1
161,16,755,258,93,53,1,1,1
162,16,762,256,92,53,1,1,1
163,16,769,254,90,53,1,1,1
164,16,776,252,89,53,1,1,1
165,16,783,250,88,53,1,1,1
166,16,790,248,87,53,1,1,1
167,16,796,246,86,52,1,1,1
168,16,802,245,86,51,1,1,1
169,16,809,243,85,51,1,1,1
170,16,815,242,85,50,1,1,1
171,16,821,240,85,50,1,1,1
172,16,828,239,84,49,1,1,1
173,16,834,238,83,47,1,1,1
174,16,840,236,83,47,1,1,1
175,16,847,235,82,46,1,1,1
176,16,853,233,82,46,1,1,1
177,16,859,232,82,45,1,1,1
178,16,866,231,81,44,1,1,1
179,16,871,229,80,44,1,1,1
180,16,876,228,80,44,1,1,1
181,16,882,227,79,44,1,1,1
182,16,887,226,78,43,1,1,1
183,16,893,224,77,44,1,1,1
184,16,898,223,77,44,1,1,1
185,16,904,222,75,43,1,1,1
186,16,909,221,75,43,1,1,1
187,16,914,219,75,44,1,1,1
188,16,920,218,73,43,1,1,1
189,16,925,217,73,43,1,1,1
190,16,931,216,72,43,1,1,1
191,16,936,214,71,43,1,1,1
192,16,942,213,70,43,1,1,1
193,16,947,212,70,43,1,1,1
194,16,953,211,69,43,1,1,1
195,16,958,209,64,43,1,1,1
196,16,963,208,59,42,1,1,1
197,16,968,207,54,41,1,1,1
198,16,973,205,49,42,1,1,1
199,16,978,204,44,41,1,1,1
200,16,983,203,39,40,1,1,1
116,17,0,391,101,85,1,1,1
117,17,1,388,119,84,1,1,1
118,17,3,385,137,83,1,1,1
119,17,5,382,155,82,1,1,1
120,17,7,379,173,81,1,1,1
121,17,28,375,171,80,1,1,1
122,17,50,371,168,80,1,1,1
123,17,71,367,167,80,1,1,1
124,17,93,363,164,79,1,1,1
125,17,114,359,162,79,1,1,1
126,17,136,356,160,78,1,1,1
127,17,154,353,157,76,1,1,1
128,17,173,350,153,75,1,1,1
129,17,191,347,151,73,1,1,1
130,17,210,344,147,72,1,1,1
131,17,228,341,144,70,1,4,1
132,17,247,338,141,69,1,4,1
133,17,262,334,139,68,1,4,1
134,17,278,330,137,68,1,4,1
135,17,294,326,135,67,1,4,1
136,17,310,322,133,67,1,4,1
137,17,326,318,131,66,1,4,1
138,17,342,314,129,66,1,1,1
139,17,358,310,127,65,1,1,1
140,17,374,307,125,64,1,1,1
141,17,387,303,123,64,1,1,1
142,17,400,300,122,64,1,1,1
143,17,414,296,119,64,1,1,1
144,17,427,293,118,64,1,1,1
145,17,441,290,115,63,1,1,1
146,17,454,286,114,64,1,1,1
147,17,467,283,112,63,1,1,1
148,17,481,279,110,64,1,1,1
149,17,494,276,108,63,1,1,1
150,17,508,273,106,63,1,1,1
151,17,519,270,105,63,1,1,1
152,17,530,268,105,62,1,1,1
153,17,541,266,104,61,1,1,1
154,17,552,264,104,60,1,1,1
155,17,563,262,103,60,1,1,1
156,17,574,260,103,59,1,1,1
157,17,585,258,102,58,1,1,1
158,17,596,256,102,57,1,1,1
159,17,608,254,101,57,1,1,1
160,17,617,251,99,56,1,1,1
161,17,626,249,97,55,1,1,1
162,17,636,247,94,54,1,1,1
163,17,645,245,92,52,1,1,1
164,17,655,243,89,51,1,1,1
165,17,664,241,87,50,1,1,1
166,17,674,239,85,49,1,1,1
167,17,682,237,84,48,1,1,1
168,17,690,235,83,48,1,1,1
169,17,699,233,82,48,1,1,1
170,17,707,231,81,47,1,1,1
171,17,715,229,80,47,1,1,1
172,17,724,227,79,47,1,1,1
173,17,732,225,78,46,1,1,1
174,17,740,223,77,46,1,1,1
175,17,749,221,76,46,1,1,1
176,17,757,219,75,45,1,1,1
177,17,765,217,74,45,1,1,1
178,17,774,215,73,45,1,1,1
179,17,780,213,73,45,1,1,1
180,17,786,212,73,44,1,1,1
181,17,793,210,72,44,1,1,1
182,17,799,209,72,44,1,1,1
183,17,805,207,72,44,1,1,1
184,17,812,206,71,43,1,1,1
185,17,818,204,71,44,1,1,1
186,17,825,203,71,43,1,1,1
187,17,831,202,71,42,1,1,1
188,17,837,200,71,43,1,1,1
189,17,844,199,70,42,1,1,1
190,17,850,197,70,42,1,1,1
191,17,856,196,70,42,1,1,1
192,17,863,194,69,42,1,1,1
193,17,869,193,69,41,1,1,1
194,17,876,192,69,41,1,1,1
195,17,881,190,68,41,1,1,1
196,17,887,189,67,40,1,1,1
197,17,893,188,65,39,1,1,1
198,17,899,186,64,39,1,1,1
199,17,905,185,62,38,1,1,1
200,17,911,184,61,37,1,1,1
201,17,915,182,61,37,1,1,1
202,17,920,181,61,37,1,1,1
203,17,925,179,60,37,1,1,1
204,17,930,178,60,37,1,1,1
205,17,935,177,60,37,1,1,1
206,17,940,175,59,37,1,1,1
207,17,945,174,59,37,1,1,1
208,17,950,173,58,37,1,1,1
209,17,955,172,58,37,1,1,1
210,17,960,171,57,37,1,1,1
211,17,965,170,57,37,1,1,1
212,17,970,169,52,37,1,1,1
213,17,975,168,47,37,1,1,1
126,18,0,468,105,71,2,1,1
127,18,0,464,121,75,2,1,1
128,18,0,461,138,78,2,1,1
129,18,0,458,155,81,3,1,1
130,18,0,455,172,84,3,1,1
131,18,0,452,189,87,3,1,1
132,18,16,448,187,88,3,1,1
133,18,33,445,185,89,3,1,1
134,18,50,442,183,90,3,1,1
135,18,67,438,181,92,3,1,1
136,18,84,435,178,92,3,1,1
137,18,101,432,176,93,1,1,1
138,18,118,428,174,95,1,1,1
139,18,135,425,172,96,1,1,1
140,18,152,422,170,97,1,1,1
141,18,166,418,169,96,1,1,1
142,18,181,415,167,94,1,1,1
143,18,196,412,166,92,1,4,1
144,18,210,409,165,90,1,4,1
145,18,225,406,164,89,1,4,1
146,18,240,403,162,87,1,4,1
147,18,254,400,161,85,1,4,1
148,18,269,397,160,83,1,4,1
149,18,284,394,158,81,1,4,1
150,18,299,391,157,80,1,4,1
151,18,312,387,155,80,1,4,1
152,18,325,383,153,80,1,4,1
153,18,338,380,151,80,1,4,1
154,18,351,376,149,80,1,4,1
155,18,364,373,147,79,1,1,1
156,18,377,369,145,80,1,1,1
157,18,390,366,143,79,1,1,1
158,18,403,362,141,79,1,1,1
159,18,416,359,139,79,1,1,1
160,18,427,356,137,78,1,1,1
161,18,438,353,136,77,1,1,1
162,18,449,350,135,77,1,1,1
163,18,461,348,133,75,1,1,1
164,18,472,345,132,75,1,1,1
165,18,483,342,131,74,1,1,1
166,18,495,340,129,73,1,1,1
167,18,505,337,127,73,1,1,1
168,18,515,335,126,72,1,1,1
169,18,525,333,125,71,1,1,1
170,18,535,330,123,71,1,1,1
171,18,545,328,122,70,1,1,1
172,18,555,326,121,69,1,1,1
173,18,565,323,119,69,1,1,1
174,18,575,321,118,68,1,1,1
175,18,585,319,117,67,1,1,1
176,18,595,316,115,67,1,1,1
177,18,605,314,114,66,1,1,1
178,18,615,312,113,66,1,1,1
179,18,623,310,112,65,1,1,1
180,18,631,308,111,65,1,1,1
181,18,639,306,111,64,1,1,1
182,18,648,304,109,64,1,1,1
183,18,656,302,109,63,1,1,1
184,18,664,300,108,63,1,1,1
185,18,673,298,107,62,1,1,1
186,18,681,297,106,61,1,1,1
187,18,689,295,105,61,1,1,1
188,18,698,293,104,60,1,1,1
189,18,706,291,103,60,1,1,1
190,18,714,289,103,59,1,1,1
191,18,723,287,101,59,1,1,1
192,18,731,285,101,58,1,1,1
193,18,739,283,100,58,1,1,1
194,18,748,282,99,57,1,1,1
195,18,755,279,98,57,1,1,1
196,18,762,277,97,57,1,1,1
197,18,770,275,95,57,1,1,1
198,18,777,273,94,56,1,1,1
199,18,784,271,93,56,1,1,1
200,18,792,269,92,56,1,1,1
201,18,798,267,92,56,1,1,1
202,18,804,266,92,55,1,1,1
203,18,811,265,91,54,1,1,1
204,18,817,263,91,55,1,1,1
205,18,824,262,90,54,1,1,1
206,18,830,261,90,53,1,1,1
207,18,837,260,89,52,1,1,1
208,18,843,258,89,53,1,1,1
209,18,850,257,88,52,1,1,1
210,18,856,256,88,51,1,1,1
211,18,863,255,87,51,1,1,1
212,18,869,253,87,51,1,1,1
213,18,875,251,87,51,1,1,1
214,18,881,250,87,51,1,1,1
215,18,887,248,87,51,1,1,1
216,18,893,246,87,51,1,1,1
217,18,900,245,87,51,1,1,1
218,18,905,243,84,51,1,1,1
219,18,911,242,81,51,1,1,1
220,18,917,241,77,51,1,1,1
221,18,923,240,74,50,1,1,1
222,18,929,239,70,50,1,1,1
223,18,935,238,67,50,1,1,1
224,18,941,237,64,50,1,1,1
225,18,946,235,61,50,1,1,1
226,18,952,234,58,50,1,1,1
227,18,958,233,54,50,1,1,1
228,18,964,232,51,49,2,1,1
229,18,970,231,47,49,2,1,1
230,18,976,230,44,49,2,1,1
121,19,3,358,80,60,2,1,1
122,19,2,355,87,64,2,1,1
123,19,1,352,94,69,2,1,1
124,19,1,350,100,73,2,1,1
125,19,0,347,107,78,2,1,1
126,19,0,345,113,82,2,1,1
127,19,0,345,117,82,3,1,1
128,19,1,345,121,82,3,1,1
129,19,1,345,125,83,3,1,1
130,19,2,345,129,83,3,1,1
131,19,2,345,133,83,3,1,1
132,19,3,346,137,83,3,1,1
133,19,4,344,139,83,3,1,1
134,19,5,343,141,83,3,1,1
135,19,6,342,143,82,3,1,1
136,19,7,341,146,82,3,1,1
137,19,8,339,148,83,3,1,1
138,19,9,338,150,82,3,1,1
139,19,10,337,152,82,3,1,1
140,19,11,336,155,82,3,1,1
141,19,16,334,154,82,1,1,1
142,19,21,333,153,81,1,1,1
143,19,26,332,153,80,1,1,1
144,19,31,330,152,80,1,1,1
145,19,37,329,151,79,1,1,1
146,19,42,328,150,78,1,1,1
147,19,47,326,149,78,1,1,1
148,19,52,325,149,77,1,1,1
149,19,57,324,148,76,1,1,1
150,19,63,323,147,76,1,1,1
151,19,67,321,147,76,1,1,1
152,19,71,320,147,76,1,1,1
153,19,76,319,147,76,1,1,1
154,19,80,317,147,76,1,1,1
155,19,85,316,147,76,1,1,1
156,19,89,315,147,76,1,1,1
157,19,94,313,147,76,1,1,1
158,19,98,312,147,76,1,1,1
159,19,103,311,147,76,1,1,1
160,19,106,309,146,75,1,1,1
161,19,110,307,144,75,1,1,1
162,19,113,305,144,75,1,1,1
163,19,117,303,142,75,1,1,1
164,19,120,301,142,75,1,1,1
165,19,124,299,140,75,1,1,1
166,19,128,298,139,74,1,1,1
167,19,131,296,138,74,1,1,1
168,19,135,295,136,74,1,1,1
169,19,138,294,136,73,1,1,1
170,19,142,292,134,74,1,1,1
171,19,145,291,133,73,1,1,1
172,19,149,290,132,73,1,1,1
173,19,152,288,131,74,1,1,1
174,19,156,287,129,73,1,1,1
175,19,159,286,129,73,1,1,1
176,19,163,284,127,73,1,1,1
177,19,166,283,126,73,1,1,1
178,19,170,282,125,73,1,1,1
179,19,172,280,124,73,1,1,1
180,19,175,279,123,73,1,1,1
181,19,178,278,122,73,1,1,1
182,19,180,277,121,73,1,1,1
183,19,183,275,120,73,1,1,1
184,19,186,274,119,73,1,1,1
185,19,188,273,118,73,1,1,1
186,19,191,272,117,73,1,1,1
187,19,194,270,116,73,1,1,1
188,19,196,269,115,73,1,1,1
189,19,199,268,114,73,1,1,1
190,19,202,267,113,73,1,1,1
191,19,204,265,112,73,1,1,1
192,19,207,264,111,73,1,1,1
193,19,210,263,110,73,1,1,1
194,19,213,262,109,73,1,1,1
195,19,215,261,107,72,1,1,1
196,19,217,261,105,70,1,1,1
197,19,219,260,103,69,1,1,1
198,19,221,260,101,67,1,1,1
199,19,223,259,99,66,1,1,1
200,19,226,259,97,64,1,1,1
201,19,227,258,97,63,1,1,1
202,19,229,257,97,63,1,1,1
203,19,231,256,97,63,1,1,1
204,19,233,255,96,63,1,1,1
205,19,235,254,96,63,1,1,1
206,19,236,254,97,62,1,1,1
207,19,238,253,97,62,1,1,1
208,19,240,252,96,62,1,1,1
209,19,242,251,96,62,1,1,1
210,19,244,250,96,62,1,1,1
211,19,246,250,96,61,1,1,1
212,19,246,248,95,61,1,1,1
213,19,247,247,94,60,1,1,1
214,19,248,245,93,61,1,1,1
215,19,249,244,91,60,1,1,1
216,19,250,242,90,60,1,1,1
217,19,251,241,89,60,1,1,1
218,19,252,240,88,59,1,1,1
219,19,253,239,87,59,1,1,1
220,19,254,238,87,59,1,1,1
221,19,256,237,85,59,1,1,1
222,19,257,236,84,59,1,1,1
223,19,258,235,84,59,1,1,1
224,19,259,234,83,59,1,1,1
225,19,261,234,82,58,1,1,1
226,19,262,233,81,57,1,1,1
227,19,263,233,80,56,1,1,1
228,19,264,232,79,56,1,1,1
229,19,266,232,78,55,1,1,1
230,19,267,231,77,55,1,1,1
231,19,268,231,76,54,1,1,1
232,19,270,231,75,53,1,1,1
233,19,270,230,74,53,1,1,1
234,19,271,230,73,52,1,1,1
235,19,271,230,72,52,1,1,1
236,19,272,229,71,52,1,1,1
237,19,273,229,70,51,1,1,1
238,19,273,229,69,51,1,1,1
239,19,274,229,68,50,1,1,1
240,19,275,228,67,50,1,1,1
241,19,275,228,66,50,1,1,1
242,19,276,228,65,49,1,1,1
243,19,277,227,64,49,1,1,1
244,19,277,227,63,49,1,1,1
245,19,278,227,62,48,1,1,1
246,19,279,227,61,48,1,1,1
247,19,278,226,61,48,1,1,1
248,19,278,225,61,48,1,1,1
249,19,278,224,61,48,1,1,1
250,19,278,224,61,48,1,1,1
251,19,278,223,61,48,1,1,1
252,19,278,222,61,48,1,1,1
253,19,278,222,61,48,1,1,1
254,19,278,221,61,48,1,1,1
255,19,278,220,61,48,1,1,1
256,19,278,220,61,48,1,1,1
257,19,278,219,61,48,1,1,1
258,19,279,218,60,48,1,1,1
259,19,280,217,59,48,1,1,1
260,19,280,216,59,49,1,1,1
261,19,281,216,58,48,1,1,1
262,19,282,215,58,48,1,1,1
263,19,282,214,58,48,1,1,1
264,19,283,213,57,49,1,1,1
265,19,284,213,56,48,1,1,1
266,19,284,212,56,48,1,1,1
267,19,285,211,55,49,1,1,1
268,19,286,210,55,49,1,1,1
269,19,286,209,55,49,1,1,1
270,19,287,209,54,48,1,1,1
271,19,288,208,53,49,1,1,1
272,19,288,207,53,49,1,1,1
273,19,289,206,52,49,1,1,1
274,19,290,206,52,49,1,1,1
275,19,290,205,52,49,1,1,1
276,19,291,204,51,49,1,1,1
277,19,291,203,51,49,1,1,1
278,19,292,202,50,49,1,1,1
279,19,293,202,49,48,1,1,1
280,19,293,201,49,49,1,1,1
281,19,294,200,48,49,1,1,1
282,19,295,199,47,49,1,1,1
283,19,295,199,47,48,1,1,1
284,19,296,198,46,48,1,1,1
285,19,297,197,45,48,1,1,1
286,19,297,196,45,49,1,1,1
287,19,298,196,44,48,1,1,1
288,19,299,195,43,48,1,1,1
289,19,299,194,43,48,1,1,1
290,19,300,193,42,48,1,1,1
291,19,301,193,42,48,1,1,1
111,20,986,89,37,33,2,1,1
112,20,983,90,39,32,2,1,1
113,20,980,92,41,31,2,1,1
114,20,977,94,43,29,2,1,1
115,20,974,96,45,28,2,1,1
116,20,971,98,47,26,2,1,1
117,20,968,100,49,25,2,1,1
118,20,965,100,49,25,2,1,1
119,20,962,100,50,25,2,1,1
120,20,959,100,50,25,2,1,1
121,20,956,100,51,25,1,1,1
122,20,953,100,51,25,1,1,1
123,20,950,100,51,26,1,1,1
124,20,947,101,51,26,1,1,1
125,20,944,101,51,26,1,1,1
126,20,941,102,51,26,1,1,1
127,20,938,102,51,27,1,1,1
128,20,935,103,51,27,1,1,1
129,20,932,103,51,27,1,1,1
130,20,929,104,51,27,1,1,1
131,20,926,104,51,28,1,1,1
132,20,923,105,51,28,1,1,1
133,20,920,105,51,28,1,1,1
134,20,917,106,51,28,1,1,1
135,20,914,106,51,29,1,1,1
136,20,911,107,51,29,1,1,1
137,20,908,107,51,29,1,1,1
138,20,905,108,51,29,1,1,1
139,20,902,108,51,30,1,1,1
140,20,899,109,52,30,1,1,1
141,20,896,109,52,30,1,1,1
142,20,893,109,52,31,1,1,1
143,20,890,110,52,31,1,1,1
144,20,887,110,52,31,1,1,1
145,20,884,111,52,31,1,1,1
146,20,881,111,52,32,1,1,1
147,20,878,112,52,32,1,1,1
148,20,875,112,52,32,1,1,1
149,20,872,113,52,32,1,1,1
150,20,869,113,52,33,1,1,1
151,20,866,114,52,33,1,1,1
152,20,863,114,52,33,1,1,1
153,20,860,115,52,33,1,1,1
154,20,857,115,52,34,1,1,1
155,20,854,116,52,34,1,1,1
156,20,851,116,52,34,1,1,1
157,20,848,117,52,34,1,1,1
158,20,845,117,52,35,1,1,1
159,20,843,118,52,35,1,1,1
160,20,840,118,52,35,1,1,1
161,20,837,119,52,34,1,1,1
162,20,834,120,52,34,1,1,1
163,20,831,120,52,34,1,1,1
164,20,828,121,52,34,1,1,1
165,20,825,122,52,33,1,1,1
166,20,823,123,52,33,1,1,1
167,20,819,123,52,33,1,1,1
168,20,816,124,52,33,1,1,1
169,20,812,125,52,33,1,1,1
170,20,809,126,52,33,1,1,1
171,20,805,127,52,33,1,1,1
172,20,802,128,52,33,1,1,1
173,20,798,128,52,33,1,1,1
174,20,795,129,52,33,1,1,1
175,20,791,130,52,33,1,1,1
176,20,788,131,52,33,1,1,1
177,20,784,132,52,33,1,1,1
178,20,781,133,52,33,1,1,1
179,20,777,133,53,33,1,1,1
180,20,774,134,53,33,1,1,1
181,20,771,134,54,34,1,1,1
182,20,768,135,54,34,1,1,1
183,20,765,135,54,35,1,1,1
184,20,761,136,56,34,1,1,1
185,20,758,136,56,35,1,1,1
186,20,755,137,57,35,1,1,1
187,20,752,138,57,35,1,1,1
188,20,749,138,57,36,1,1,1
189,20,745,139,59,35,1,1,1
190,20,742,139,59,36,1,1,1
191,20,739,140,59,36,1,1,1
192,20,736,140,60,37,1,1,1
193,20,733,141,60,37,1,1,1
194,20,730,142,61,37,1,1,1
195,20,727,142,61,37,1,1,1
196,20,724,143,61,37,1,1,1
197,20,721,143,61,37,1,1,1
198,20,718,144,61,37,1,1,1
199,20,715,144,61,37,1,1,1
200,20,712,145,61,37,1,1,1
201,20,708,145,62,37,1,1,1
202,20,705,146,62,37,1,1,1
203,20,702,147,62,36,1,1,1
204,20,699,147,63,37,1,1,1
205,20,696,148,63,37,1,1,1
206,20,693,149,63,36,1,1,1
207,20,690,150,63,36,1,1,1
208,20,687,150,64,37,1,1,1
209,20,684,151,64,36,1,1,1
210,20,681,152,64,36,1,1,1
211,20,678,153,65,36,1,1,1
212,20,674,153,65,36,1,1,1
213,20,671,154,65,36,1,1,1
214,20,668,155,65,36,1,1,1
215,20,665,155,65,36,1,1,1
216,20,662,156,65,36,1,1,1
217,20,659,157,65,36,1,1,1
218,20,656,157,65,36,1,1,1
219,20,653,158,65,36,1,1,1
220,20,650,158,65,37,1,1,1
221,20,647,159,65,37,1,1,1
222,20,644,160,65,36,1,1,1
223,20,641,160,65,37,1,1,1
224,20,638,161,65,37,1,1,1
225,20,635,162,65,37,1,1,1
226,20,632,162,65,37,1,1,1
227,20,629,163,65,37,1,1,1
228,20,626,163,65,37,1,1,1
229,20,623,164,65,37,1,1,1
230,20,620,164,65,37,1,1,1
231,20,617,165,65,37,1,1,1
232,20,615,166,65,37,1,1,1
233,20,611,166,66,37,1,1,1
234,20,608,166,66,38,1,1,1
235,20,605,167,66,38,1,1,1
236,20,602,167,67,39,1,1,1
237,20,599,168,67,38,1,1,1
238,20,596,168,67,39,1,1,1
239,20,593,169,68,39,1,1,1
240,20,590,169,68,40,1,1,1
241,20,587,169,68,41,1,1,1
242,20,584,170,68,40,1,1,1
243,20,581,170,69,41,1,1,1
244,20,578,171,69,41,1,1,1
245,20,575,171,69,42,1,1,1
246,20,572,172,70,42,1,1,1
247,20,569,173,70,41,1,1,1
248,20,566,174,71,41,1,1,1
249,20,563,175,71,41,1,1,1
250,20,560,176,72,41,1,1,1
251,20,558,177,72,41,1,1,1
252,20,555,178,72,41,1,1,1
253,20,552,179,73,41,1,1,1
254,20,549,180,73,41,1,1,1
255,20,546,181,74,41,1,1,1
256,20,544,182,74,41,1,1,1
257,20,541,182,74,41,1,1,1
258,20,538,182,75,42,1,1,1
259,20,535,183,75,41,1,1,1
260,20,532,183,76,42,1,1,1
261,20,529,183,76,43,1,1,1
262,20,527,184,76,42,1,1,1
263,20,524,184,76,43,1,1,1
264,20,521,185,77,42,1,1,1
265,20,518,185,78,43,1,1,1
266,20,515,185,78,44,1,1,1
267,20,512,186,79,43,1,1,1
268,20,510,186,78,44,1,1,1
269,20,507,187,79,43,1,1,1
270,20,504,187,79,44,1,1,1
271,20,501,187,80,45,1,1,1
272,20,498,188,80,44,1,1,1
273,20,495,188,81,45,1,1,1
274,20,493,189,81,45,1,1,1
275,20,490,189,81,45,1,1,1
276,20,487,190,82,45,1,1,1
277,20,485,190,81,45,1,1,1
278,20,482,191,82,45,1,1,1
279,20,479,191,83,45,1,1,1
280,20,477,192,82,45,1,1,1
281,20,474,192,83,45,1,1,1
282,20,471,193,84,45,1,1,1
283,20,469,193,83,45,1,1,1
284,20,466,194,84,45,1,1,1
285,20,463,194,85,45,1,1,1
286,20,461,195,84,45,1,1,1
287,20,458,195,85,45,1,1,1
288,20,455,196,86,45,1,1,1
289,20,453,196,85,45,1,1,1
290,20,450,197,86,45,1,1,1
291,20,448,198,86,45,1,1,1
122,21,995,105,27,39,1,1,1
123,21,992,105,30,38,1,1,1
124,21,990,105,32,38,1,1,1
125,21,987,105,35,37,2,1,1
126,21,985,105,37,37,2,1,1
127,21,982,105,40,37,2,1,1
128,21,980,105,42,37,3,1,1
129,21,978,106,44,36,3,1,1
130,21,976,106,46,36,3,1,1
131,21,974,107,48,35,1,1,1
132,21,971,107,48,35,1,1,1
133,21,969,107,48,36,1,1,1
134,21,966,108,49,35,1,1,1
135,21,964,108,48,36,1,1,1
136,21,961,109,49,35,1,1,1
137,21,959,109,49,36,1,1,1
138,21,956,110,49,36,1,1,1
139,21,954,110,49,36,1,1,1
140,21,951,110,50,37,1,1,1
141,21,949,111,49,36,1,1,1
142,21,946,111,50,37,1,1,1
143,21,944,112,50,36,1,1,1
144,21,941,112,50,37,1,1,1
145,21,939,113,50,37,1,1,1
146,21,937,113,50,37,1,1,1
147,21,934,113,50,38,1,1,1
148,21,932,114,50,37,1,1,1
149,21,929,114,51,38,1,1,1
150,21,927,115,50,37,1,1,1
151,21,924,115,51,38,1,1,1
152,21,922,116,51,38,1,1,1
153,21,919,116,51,38,1,1,1
154,21,917,116,51,39,1,1,1
155,21,914,117,52,38,1,1,1
156,21,912,117,51,39,1,1,1
157,21,909,118,52,38,1,1,1
158,21,907,118,52,39,1,1,1
159,21,905,119,52,39,1,1,1
160,21,902,119,52,39,1,1,1
161,21,899,119,52,39,1,1,1
162,21,897,119,51,39,1,1,1
163,21,894,120,52,38,1,1,1
164,21,892,120,51,38,1,1,1
165,21,889,120,51,38,1,1,1
166,21,887,121,51,37,1,1,1
167,21,884,121,51,37,1,1,1
168,21,882,122,51,37,1,1,1
169,21,879,123,51,37,1,1,1
170,21,877,124,51,37,1,1,1
171,21,874,125,51,37,1,1,1
172,21,872,126,51,37,1,1,1
173,21,869,126,51,37,1,1,1
174,21,867,127,51,37,1,1,1
175,21,864,128,51,37,1,1,1
176,21,862,129,51,37,1,1,1
177,21,859,130,51,37,1,1,1
178,21,857,131,51,37,1,1,1
179,21,854,131,51,37,1,1,1
180,21,851,132,52,37,1,1,1
181,21,849,132,52,37,1,1,1
182,21,846,133,53,37,1,1,1
183,21,844,133,52,37,1,1,1
184,21,841,134,53,37,1,1,1
185,21,839,134,53,37,1,1,1
186,21,836,135,54,37,1,1,1
187,21,833,136,54,37,1,1,1
188,21,831,136,54,37,1,1,1
189,21,828,137,55,37,1,1,1
190,21,826,137,55,37,1,1,1
191,21,823,138,55,37,1,1,1
192,21,821,138,55,37,1,1,1
193,21,818,139,56,37,1,1,1
194,21,816,140,56,37,1,1,1
195,21,813,139,57,38,1,1,1
196,21,811,139,57,39,1,1,1
197,21,809,139,57,39,1,1,1
198,21,807,139,57,40,1,1,1
199,21,805,139,57,40,1,1,1
200,21,803,139,57,41,1,1,1
201,21,800,139,57,41,1,1,1
202,21,797,140,57,41,1,1,1
203,21,795,141,57,41,1,1,1
204,21,792,142,57,41,1,1,1
205,21,790,143,57,41,1,1,1
206,21,787,143,57,41,1,1,1
207,21,785,144,57,41,1,1,1
208,21,782,145,57,41,1,1,1
209,21,780,146,57,41,1,1,1
210,21,777,147,57,41,1,1,1
211,21,775,148,57,41,1,1,1
212,21,772,148,57,41,1,1,1
213,21,770,148,57,41,1,1,1
214,21,768,149,57,41,1,1,1
215,21,766,149,57,41,1,1,1
216,21,764,149,57,41,1,1,1
217,21,762,150,57,41,1,1,1
218,21,759,150,57,41,1,1,1
219,21,756,151,57,41,1,1,1
220,21,753,151,58,42,1,1,1
221,21,750,152,58,42,1,1,1
222,21,747,152,58,42,1,1,1
223,21,744,153,59,42,1,1,1
224,21,741,153,59,43,1,1,1
225,21,738,154,60,43,1,1,1
226,21,735,154,60,43,1,1,1
227,21,732,155,60,43,1,1,1
228,21,729,155,60,43,1,1,1
229,21,727,156,60,43,1,1,1
230,21,724,156,60,43,1,1,1
231,21,721,157,60,43,1,1,1
232,21,719,158,60,43,1,1,1
233,21,716,158,60,43,1,1,1
234,21,713,159,60,43,1,1,1
235,21,710,160,61,43,1,1,1
236,21,707,160,61,44,1,1,1
237,21,704,161,62,44,1,1,1
238,21,701,162,62,44,1,1,1
239,21,699,163,62,44,1,1,1
240,21,696,163,62,44,1,1,1
241,21,693,164,62,44,1,1,1
242,21,690,165,63,44,1,1,1
243,21,687,165,63,45,1,1,1
244,21,684,166,64,45,1,1,1
245,21,681,167,64,45,1,1,1
246,21,679,168,64,45,1,1,1
247,21,676,168,64,45,1,1,1
248,21,673,169,65,45,1,1,1
249,21,670,170,65,45,1,1,1
250,21,668,171,65,45,1,1,1
251,21,665,172,66,45,1,1,1
252,21,662,172,66,45,1,1,1
253,21,660,173,66,45,1,1,1
254,21,657,174,66,45,1,1,1
255,21,654,175,67,45,1,1,1
256,21,652,176,67,45,1,1,1
257,21,649,176,67,45,1,1,1
258,21,646,176,67,46,1,1,1
259,21,643,177,68,46,1,1,1
260,21,640,177,68,47,1,1,1
261,21,638,178,67,46,1,1,1
262,21,635,178,68,47,1,1,1
263,21,632,179,68,47,1,1,1
264,21,629,179,68,48,1,1,1
265,21,627,180,68,48,1,1,1
266,21,624,180,68,48,1,1,1
267,21,621,180,68,49,1,1,1
268,21,618,181,69,49,1,1,1
269,21,615,181,69,50,1,1,1
270,21,613,182,68,49,1,1,1
271,21,610,182,69,50,1,1,1
272,21,607,183,69,50,1,1,1
273,21,604,183,69,51,1,1,1
274,21,602,184,69,51,1,1,1
275,21,599,184,70,51,1,1,1
276,21,597,185,70,51,1,1,1
277,21,594,185,71,51,1,1,1
278,21,592,186,71,51,1,1,1
279,21,590,186,71,51,1,1,1
280,21,587,187,73,51,1,1,1
281,21,585,188,73,50,1,1,1
282,21,583,188,73,51,1,1,1
283,21,580,189,74,50,1,1,1
284,21,578,189,74,51,1,1,1
285,21,576,190,74,50,1,1,1
286,21,573,191,76,50,1,1,1
287,21,571,191,76,50,1,1,1
288,21,569,192,76,50,1,1,1
289,21,566,192,77,50,1,1,1
290,21,564,193,77,50,1,1,1
291,21,562,194,78,50,1,1,1
251,22,4,375,90,77,2,1,1
252,22,2,371,96,82,2,1,1
253,22,1,367,102,87,2,1,1
254,22,0,364,108,91,2,1,1
255,22,0,363,111,91,2,1,1
256,22,0,363,114,91,2,1,1
257,22,0,363,117,91,2,1,1
258,22,0,363,120,91,2,1,1
259,22,0,363,124,90,2,1,1
260,22,0,363,127,90,3,1,1
261,22,0,363,130,90,3,1,1
262,22,0,362,133,91,3,1,1
263,22,0,362,136,91,3,1,1
264,22,0,362,140,90,3,1,1
265,22,0,362,143,90,3,1,1
266,22,0,362,146,90,3,1,1
267,22,0,362,149,90,3,1,1
268,22,0,362,153,90,3,1,1
269,22,0,362,156,90,3,1,1
270,22,0,362,159,90,3,1,1
271,22,0,362,163,90,3,1,1
272,22,3,362,163,90,1,1,1
273,22,7,362,163,90,1,1,1
274,22,11,362,163,91,1,1,1
275,22,14,361,163,90,1,1,1
276,22,18,360,162,90,1,1,1
277,22,21,359,162,90,1,1,1
278,22,25,358,161,90,1,1,1
279,22,29,357,160,90,1,1,1
280,22,32,356,161,90,1,1,1
281,22,36,355,160,90,1,1,1
282,22,40,354,159,90,1,1,1
283,22,43,353,159,90,1,1,1
284,22,47,352,158,90,1,1,1
285,22,51,351,157,90,1,1,1
286,22,54,350,158,90,1,1,1
287,22,58,349,157,90,1,1,1
288,22,62,348,156,90,1,1,1
289,22,65,347,156,90,1,1,1
290,22,69,346,155,90,1,1,1
291,22,73,346,155,89,1,1,1
271,23,995,113,28,24,2,1,1
272,23,992,112,30,25,2,1,1
273,23,990,112,32,25,2,1,1
274,23,988,111,33,27,2,1,1
275,23,985,111,36,27,3,1,1
276,23,983,110,37,28,3,1,1
277,23,981,110,39,29,3,1,1
278,23,978,110,40,29,1,1,1
279,23,976,110,40,29,1,1,1
280,23,974,111,41,28,1,1,1
281,23,972,111,41,28,1,1,1
282,23,970,111,42,29,1,1,1
283,23,968,112,42,28,1,1,1
284,23,966,112,43,28,1,1,1
285,23,963,112,44,28,1,1,1
286,23,961,113,44,27,1,1,1
287,23,959,113,45,28,1,1,1
288,23,957,113,45,28,1,1,1
289,23,955,114,46,27,1,1,1
290,23,953,114,46,27,1,1,1
291,23,951,115,47,27,1,1,1
