1,6,574,91,256,87,1,-1,-1
2,6,578,91,256,87,1,-1,-1
3,6,582,92,256,87,1,-1,-1
4,6,586,93,256,87,1,-1,-1
5,6,590,94,257,87,1,-1,-1
6,6,595,94,256,87,1,-1,-1
7,6,599,95,256,87,1,-1,-1
8,6,603,96,256,87,1,-1,-1
9,6,607,97,257,87,1,-1,-1
10,6,611,98,257,87,1,-1,-1
11,6,616,98,256,87,1,-1,-1
12,6,620,99,256,87,1,-1,-1
13,6,624,100,257,87,1,-1,-1
14,6,628,101,257,87,1,-1,-1
15,6,632,102,257,87,1,-1,-1
16,6,637,102,256,87,1,-1,-1
17,6,641,103,257,87,1,-1,-1
18,6,645,104,257,87,1,-1,-1
19,6,649,105,257,87,1,-1,-1
20,6,654,106,257,87,1,-1,-1
21,6,659,106,254,87,1,-1,-1
22,6,665,107,250,87,1,-1,-1
23,6,671,108,247,86,1,-1,-1
24,6,677,108,243,87,1,-1,-1
25,6,682,109,240,86,1,-1,-1
26,6,688,110,237,86,1,-1,-1
27,6,694,111,233,86,1,-1,-1
28,6,700,111,229,86,1,-1,-1
29,6,706,112,226,86,1,-1,-1
30,6,711,113,223,85,1,-1,-1
31,6,717,113,219,86,1,-1,-1
32,6,723,114,216,85,1,-1,-1
33,6,729,115,212,85,1,-1,-1
34,6,735,116,209,85,1,-1,-1
35,6,735,114,210,87,1,-1,-1
36,6,735,112,211,89,1,-1,-1
37,6,735,111,213,90,1,-1,-1
38,6,735,109,214,92,1,-1,-1
39,6,735,108,216,93,1,-1,-1
40,6,735,106,217,95,1,-1,-1
41,6,735,105,219,96,1,-1,-1
42,6,735,106,221,95,1,-1,-1
43,6,735,108,223,93,1,-1,-1
44,6,735,110,225,92,1,-1,-1
45,6,736,112,226,90,1,-1,-1
46,6,736,114,228,89,1,-1,-1
47,6,736,116,230,87,1,-1,-1
48,6,737,118,232,86,1,-1,-1
49,6,738,112,231,92,1,-1,-1
50,6,740,106,230,98,1,-1,-1
51,6,742,100,229,104,1,-1,-1
52,6,744,99,228,106,1,-1,-1
53,6,746,99,227,107,1,-1,-1
54,6,748,99,226,108,1,-1,-1
55,6,750,99,225,109,1,-1,-1
56,6,752,99,225,110,1,-1,-1
57,6,754,99,224,111,1,-1,-1
58,6,756,99,223,112,1,-1,-1
59,6,758,99,222,113,1,-1,-1
60,6,760,99,221,114,1,-1,-1
61,6,762,99,221,115,1,-1,-1
62,6,764,106,220,110,1,-1,-1
63,6,766,113,220,105,1,-1,-1
64,6,768,120,219,100,1,-1,-1
65,6,770,127,219,95,1,-1,-1
66,6,772,134,218,90,1,-1,-1
67,6,775,141,217,85,1,-1,-1
68,6,775,134,216,92,1,-1,-1
69,6,775,128,215,98,1,-1,-1
70,6,775,121,214,105,1,-1,-1
71,6,775,115,214,111,1,-1,-1
72,6,775,114,214,112,1,-1,-1
73,6,775,114,214,112,1,-1,-1
74,6,775,114,214,112,1,-1,-1
75,6,775,113,214,113,1,-1,-1
76,6,776,113,214,113,1,-1,-1
77,6,776,113,214,113,1,-1,-1
78,6,776,112,214,114,1,-1,-1
79,6,776,112,214,114,1,-1,-1
80,6,776,112,214,114,1,-1,-1
81,6,777,112,214,115,1,-1,-1
82,6,777,112,214,115,1,-1,-1
83,6,777,112,214,115,1,-1,-1
84,6,777,112,214,116,1,-1,-1
85,6,778,112,214,116,1,-1,-1
86,6,778,113,214,115,1,-1,-1
87,6,778,113,214,116,1,-1,-1
88,6,779,113,214,116,1,-1,-1
89,6,779,113,214,116,1,-1,-1
90,6,779,113,214,117,1,-1,-1
91,6,780,114,214,116,1,-1,-1
92,6,780,114,214,116,1,-1,-1
93,6,780,114,214,117,1,-1,-1
94,6,780,114,214,117,1,-1,-1
95,6,781,114,214,117,1,-1,-1
96,6,781,115,214,117,1,-1,-1
97,6,781,115,214,117,1,-1,-1
98,6,782,115,214,117,1,-1,-1
99,6,782,115,214,118,1,-1,-1
100,6,782,115,214,118,1,-1,-1
101,6,783,116,214,118,1,-1,-1
102,6,783,118,214,116,1,-1,-1
103,6,784,121,214,114,1,-1,-1
104,6,784,124,215,112,1,-1,-1
105,6,785,127,215,109,1,-1,-1
106,6,785,130,216,107,1,-1,-1
107,6,786,133,216,105,1,-1,-1
108,6,791,128,215,111,1,-1,-1
109,6,796,123,215,118,1,-1,-1
110,6,801,118,215,125,1,-1,-1
111,6,807,113,214,132,1,-1,-1
112,6,806,112,214,133,1,-1,-1
113,6,806,112,214,133,1,-1,-1
114,6,806,112,214,134,1,-1,-1
115,6,806,111,214,135,1,-1,-1
116,6,806,111,214,136,1,-1,-1
117,6,806,111,214,136,1,-1,-1
118,6,806,110,214,137,1,-1,-1
119,6,806,110,214,138,1,-1,-1
120,6,806,110,214,138,1,-1,-1
121,6,806,110,214,139,1,-1,-1
122,6,805,111,214,138,1,-1,-1
123,6,804,112,214,137,1,-1,-1
124,6,803,113,214,136,1,-1,-1
125,6,802,114,214,135,1,-1,-1
126,6,802,115,214,134,1,-1,-1
127,6,801,116,214,133,1,-1,-1
128,6,800,117,214,132,1,-1,-1
129,6,799,118,214,131,1,-1,-1
130,6,798,119,214,130,1,-1,-1
131,6,798,120,214,130,1,-1,-1
132,6,797,121,214,129,1,-1,-1
133,6,797,122,214,128,1,-1,-1
134,6,796,124,214,126,1,-1,-1
135,6,796,125,214,125,1,-1,-1
136,6,796,127,214,123,1,-1,-1
137,6,795,128,214,122,1,-1,-1
138,6,795,129,214,121,1,-1,-1
139,6,794,131,214,119,1,-1,-1
140,6,794,132,214,118,1,-1,-1
141,6,794,134,214,117,1,-1,-1
142,6,794,137,215,114,1,-1,-1
143,6,795,140,215,112,1,-1,-1
144,6,796,143,216,110,1,-1,-1
145,6,797,146,216,108,1,-1,-1
146,6,798,150,217,105,1,-1,-1
147,6,796,144,216,111,1,-1,-1
148,6,794,139,215,117,1,-1,-1
149,6,792,134,215,123,1,-1,-1
150,6,790,129,214,129,1,-1,-1
151,6,788,124,214,135,1,-1,-1
152,6,792,137,215,123,1,-1,-1
153,6,797,150,216,111,1,-1,-1
154,6,802,164,217,99,1,-1,-1
155,6,801,158,217,105,1,-1,-1
156,6,801,152,216,111,1,-1,-1
157,6,800,147,216,116,1,-1,-1
158,6,800,141,215,122,1,-1,-1
159,6,799,136,215,127,1,-1,-1
160,6,799,130,214,133,1,-1,-1
161,6,799,125,214,139,1,-1,-1
162,6,799,125,214,139,1,-1,-1
163,6,799,126,215,139,1,-1,-1
164,6,799,126,216,140,1,-1,-1
165,6,799,127,217,140,1,-1,-1
166,6,799,128,218,140,1,-1,-1
167,6,799,128,218,141,1,-1,-1
168,6,799,129,219,141,1,-1,-1
169,6,799,129,220,142,1,-1,-1
170,6,799,130,221,142,1,-1,-1
171,6,799,131,222,142,1,-1,-1
172,6,798,130,223,143,1,-1,-1
173,6,797,130,224,144,1,-1,-1
174,6,797,130,224,145,1,-1,-1
175,6,796,130,225,146,1,-1,-1
176,6,795,130,226,147,1,-1,-1
177,6,795,130,226,148,1,-1,-1
178,6,794,130,227,148,1,-1,-1
179,6,794,130,227,149,1,-1,-1
180,6,793,130,228,150,1,-1,-1
181,6,792,130,229,151,1,-1,-1
182,6,792,130,229,152,1,-1,-1
183,6,791,130,230,153,1,-1,-1
184,6,790,129,231,154,1,-1,-1
185,6,790,129,231,155,1,-1,-1
186,6,789,129,232,156,1,-1,-1
187,6,789,129,232,157,1,-1,-1
188,6,788,129,233,158,1,-1,-1
189,6,787,129,234,159,1,-1,-1
190,6,787,129,234,159,1,-1,-1
191,6,786,129,235,160,1,-1,-1
192,6,785,129,236,161,1,-1,-1
193,6,785,129,236,162,1,-1,-1
194,6,784,129,237,163,1,-1,-1
195,6,784,129,237,164,1,-1,-1
196,6,783,131,238,162,1,-1,-1
197,6,782,134,239,160,1,-1,-1
198,6,782,136,239,159,1,-1,-1
199,6,781,139,240,157,1,-1,-1
200,6,781,142,240,155,1,-1,-1
201,6,778,141,241,139,1,-1,-1
202,6,776,141,242,122,1,-1,-1
203,6,774,140,243,106,1,-1,-1
204,6,772,140,243,89,1,-1,-1
205,6,770,139,244,73,1,-1,-1
206,6,768,139,245,56,1,-1,-1
207,6,767,137,246,62,1,-1,-1
208,6,766,136,247,67,1,-1,-1
209,6,765,134,249,73,1,-1,-1
210,6,764,133,250,78,1,-1,-1
211,6,764,131,251,85,1,-1,-1
212,6,763,130,252,90,1,-1,-1
213,6,762,128,253,96,1,-1,-1
214,6,761,127,255,101,1,-1,-1
215,6,760,125,256,107,1,-1,-1
216,6,760,124,257,113,1,-1,-1
217,6,759,124,254,104,1,-1,-1
218,6,758,125,252,94,1,-1,-1
219,6,758,126,249,85,1,-1,-1
220,6,755,127,247,82,1,-1,-1
221,6,753,128,244,80,1,-1,-1
222,6,750,129,242,78,1,-1,-1
223,6,748,130,239,76,1,-1,-1
224,6,745,131,237,74,1,-1,-1
225,6,743,132,234,72,1,-1,-1
226,6,741,134,231,69,1,-1,-1
227,6,759,135,229,72,1,-1,-1
228,6,777,136,227,75,1,-1,-1
229,6,796,137,224,78,1,-1,-1
230,6,780,137,225,75,1,-1,-1
231,6,764,137,226,73,1,-1,-1
232,6,748,137,227,71,1,-1,-1
233,6,732,137,228,69,1,-1,-1
234,6,741,135,229,73,1,-1,-1
235,6,750,134,230,76,1,-1,-1
236,6,759,133,231,79,1,-1,-1
237,6,768,131,232,83,1,-1,-1
238,6,777,130,233,86,1,-1,-1
239,6,786,129,235,89,1,-1,-1
240,6,784,128,237,90,1,-1,-1
241,6,783,127,238,91,1,-1,-1
242,6,782,127,239,92,1,-1,-1
243,6,781,126,240,93,1,-1,-1
244,6,780,126,241,94,1,-1,-1
245,6,779,125,242,95,1,-1,-1
246,6,778,125,243,96,1,-1,-1
247,6,774,124,228,96,1,-1,-1
248,6,771,123,212,97,1,-1,-1
249,6,768,123,197,97,1,-1,-1
250,6,771,118,198,105,1,-1,-1
251,6,774,114,200,112,1,-1,-1
252,6,777,110,201,119,1,-1,-1
253,6,780,106,203,126,1,-1,-1
254,6,783,102,205,133,1,-1,-1
255,6,783,104,205,129,1,-1,-1
256,6,783,107,205,124,1,-1,-1
257,6,784,109,205,120,1,-1,-1
258,6,784,112,205,115,1,-1,-1
259,6,784,114,205,111,1,-1,-1
260,6,785,117,205,106,1,-1,-1
261,6,785,119,205,102,1,-1,-1
262,6,786,122,205,97,1,-1,-1
263,6,784,125,205,97,1,-1,-1
264,6,782,128,205,97,1,-1,-1
265,6,780,131,205,97,1,-1,-1
266,6,779,135,205,97,1,-1,-1
267,6,779,135,205,97,1,-1,-1
268,6,779,136,205,96,1,-1,-1
269,6,779,136,205,96,1,-1,-1
270,6,780,137,205,96,1,-1,-1
271,6,780,137,205,96,1,-1,-1
272,6,780,138,205,95,1,-1,-1
273,6,781,138,205,96,1,-1,-1
274,6,781,139,205,95,1,-1,-1
275,6,781,139,205,95,1,-1,-1
276,6,782,140,204,94,1,-1,-1
277,6,782,141,205,94,1,-1,-1
278,6,782,141,205,94,1,-1,-1
279,6,783,142,204,93,1,-1,-1
280,6,783,142,205,94,1,-1,-1
281,6,783,143,205,93,1,-1,-1
282,6,784,143,204,93,1,-1,-1
283,6,784,144,204,92,1,-1,-1
284,6,784,144,205,93,1,-1,-1
285,6,785,145,204,92,1,-1,-1
286,6,785,145,204,92,1,-1,-1
287,6,785,146,205,92,1,-1,-1
288,6,786,147,204,91,1,-1,-1
289,6,786,147,204,91,1,-1,-1
290,6,786,148,204,90,1,-1,-1
291,6,787,148,204,91,1,-1,-1
292,6,787,149,204,90,1,-1,-1
293,6,787,149,204,90,1,-1,-1
294,6,788,150,204,90,1,-1,-1
295,6,788,150,204,90,1,-1,-1
296,6,788,151,204,89,1,-1,-1
297,6,789,152,204,89,1,-1,-1
298,6,788,151,204,89,1,-1,-1
299,6,787,150,204,90,1,-1,-1
300,6,786,150,204,89,1,-1,-1
301,6,785,149,205,90,1,-1,-1
302,6,784,149,205,90,1,-1,-1
303,6,784,148,204,90,1,-1,-1
304,6,783,148,204,90,1,-1,-1
305,6,782,147,205,91,1,-1,-1
306,6,781,147,205,90,1,-1,-1
307,6,780,146,205,91,1,-1,-1
308,6,780,146,205,91,1,-1,-1
309,6,781,146,205,91,1,-1,-1
310,6,782,146,205,92,1,-1,-1
311,6,783,147,205,91,1,-1,-1
312,6,784,147,205,92,1,-1,-1
313,6,785,147,205,92,1,-1,-1
314,6,786,148,205,92,1,-1,-1
315,6,787,148,205,92,1,-1,-1
316,6,788,148,205,93,1,-1,-1
317,6,789,149,205,92,1,-1,-1
318,6,790,149,205,93,1,-1,-1
319,6,791,149,205,93,1,-1,-1
320,6,792,150,205,93,1,-1,-1
321,6,793,150,205,93,1,-1,-1
322,6,795,151,205,93,1,-1,-1
162,8,655,84,156,54,1,-1,-1
163,8,656,84,156,54,1,-1,-1
164,8,658,85,156,54,1,-1,-1
165,8,659,86,156,53,1,-1,-1
166,8,661,87,156,53,1,-1,-1
167,8,662,86,156,53,1,-1,-1
168,8,663,86,156,53,1,-1,-1
169,8,664,86,156,53,1,-1,-1
170,8,665,86,156,53,1,-1,-1
171,8,666,86,156,53,1,-1,-1
172,8,668,86,156,53,1,-1,-1
173,8,669,85,156,53,1,-1,-1
174,8,670,85,156,53,1,-1,-1
175,8,671,84,157,53,1,-1,-1
176,8,672,84,157,53,1,-1,-1
177,8,674,84,157,53,1,-1,-1
178,8,673,83,157,53,1,-1,-1
179,8,673,83,157,53,1,-1,-1
180,8,672,82,157,53,1,-1,-1
181,8,672,82,157,53,1,-1,-1
182,8,671,81,157,53,1,-1,-1
183,8,671,81,157,53,1,-1,-1
184,8,671,81,157,53,1,-1,-1
185,8,665,81,157,53,1,-1,-1
186,8,660,82,157,53,1,-1,-1
187,8,655,83,157,53,1,-1,-1
188,8,650,84,157,53,1,-1,-1
189,8,645,85,157,53,1,-1,-1
190,8,640,86,157,53,1,-1,-1
191,8,635,87,157,53,1,-1,-1
192,8,630,88,157,53,1,-1,-1
193,8,632,88,160,53,1,-1,-1
194,8,635,88,162,53,1,-1,-1
195,8,637,88,165,53,1,-1,-1
196,8,640,88,167,53,1,-1,-1
197,8,642,88,170,53,1,-1,-1
198,8,645,88,172,53,1,-1,-1
199,8,647,88,175,53,1,-1,-1
200,8,650,88,177,53,1,-1,-1
201,8,649,88,177,53,1,-1,-1
202,8,649,89,177,53,1,-1,-1
203,8,649,89,177,53,1,-1,-1
204,8,648,90,177,53,1,-1,-1
205,8,648,90,177,53,1,-1,-1
206,8,648,91,177,53,1,-1,-1
207,8,648,90,177,53,1,-1,-1
208,8,648,90,177,53,1,-1,-1
209,8,649,90,177,53,1,-1,-1
210,8,649,89,177,53,1,-1,-1
211,8,649,89,177,53,1,-1,-1
212,8,650,89,177,53,1,-1,-1
213,8,649,88,177,53,1,-1,-1
214,8,648,88,177,53,1,-1,-1
215,8,647,87,177,53,1,-1,-1
216,8,647,87,177,53,1,-1,-1
217,8,646,86,177,53,1,-1,-1
218,8,645,86,177,53,1,-1,-1
219,8,645,86,177,53,1,-1,-1
220,8,644,87,177,53,1,-1,-1
221,8,643,89,177,53,1,-1,-1
222,8,642,91,177,53,1,-1,-1
223,8,641,93,177,53,1,-1,-1
224,8,640,95,177,53,1,-1,-1
225,8,639,97,177,53,1,-1,-1
226,8,638,99,177,53,1,-1,-1
227,8,639,98,177,53,1,-1,-1
228,8,640,97,177,53,1,-1,-1
229,8,641,97,177,53,1,-1,-1
230,8,642,96,177,53,1,-1,-1
231,8,643,96,177,53,1,-1,-1
232,8,644,95,177,53,1,-1,-1
233,8,645,95,177,53,1,-1,-1
234,8,640,96,177,53,1,-1,-1
235,8,635,97,177,53,1,-1,-1
236,8,630,98,177,53,1,-1,-1
237,8,626,99,177,53,1,-1,-1
238,8,622,99,177,53,1,-1,-1
239,8,619,100,177,53,1,-1,-1
240,8,616,101,177,53,1,-1,-1
241,8,613,102,177,53,1,-1,-1
242,8,610,103,177,53,1,-1,-1
243,8,607,104,177,53,1,-1,-1
244,8,604,104,177,53,1,-1,-1
245,8,601,105,177,53,1,-1,-1
246,8,598,106,177,53,1,-1,-1
247,8,595,107,177,53,1,-1,-1
248,8,592,108,177,53,1,-1,-1
249,8,589,109,177,53,1,-1,-1
250,8,586,109,177,53,1,-1,-1
251,8,583,110,177,53,1,-1,-1
252,8,580,111,177,53,1,-1,-1
253,8,577,112,177,53,1,-1,-1
254,8,575,113,177,53,1,-1,-1
255,8,574,112,177,53,1,-1,-1
256,8,573,112,177,53,1,-1,-1
257,8,572,112,177,53,1,-1,-1
258,8,571,112,177,53,1,-1,-1
259,8,570,112,177,53,1,-1,-1
260,8,569,112,177,53,1,-1,-1
261,8,568,112,177,53,1,-1,-1
262,8,568,112,177,53,1,-1,-1
263,8,563,113,177,53,1,-1,-1
264,8,559,114,177,53,1,-1,-1
265,8,555,115,177,53,1,-1,-1
266,8,551,116,177,53,1,-1,-1
267,8,550,116,179,53,1,-1,-1
268,8,549,116,181,53,1,-1,-1
269,8,548,116,184,53,1,-1,-1
270,8,547,116,186,53,1,-1,-1
271,8,546,116,188,53,1,-1,-1
272,8,546,117,190,52,1,-1,-1
273,8,545,117,188,52,1,-1,-1
274,8,544,117,186,52,1,-1,-1
275,8,544,117,183,53,1,-1,-1
276,8,543,117,181,53,1,-1,-1
277,8,542,117,179,53,1,-1,-1
278,8,542,118,177,53,1,-1,-1
279,8,541,117,186,54,1,-1,-1
280,8,541,116,195,55,1,-1,-1
281,8,541,115,203,56,1,-1,-1
282,8,541,114,212,58,1,-1,-1
283,8,540,113,212,59,1,-1,-1
284,8,540,112,211,61,1,-1,-1
285,8,540,111,210,63,1,-1,-1
286,8,540,111,210,63,1,-1,-1
287,8,540,110,209,65,1,-1,-1
288,8,539,109,209,67,1,-1,-1
289,8,539,108,209,68,1,-1,-1
290,8,539,108,208,69,1,-1,-1
291,8,539,107,207,71,1,-1,-1
292,8,539,106,207,73,1,-1,-1
293,8,538,105,207,74,1,-1,-1
294,8,538,105,206,75,1,-1,-1
295,8,538,104,205,77,1,-1,-1
296,8,538,103,205,78,1,-1,-1
297,8,538,102,204,80,1,-1,-1
298,8,537,102,204,81,1,-1,-1
299,8,537,101,204,82,1,-1,-1
300,8,537,100,203,84,1,-1,-1
301,8,537,99,202,86,1,-1,-1
302,8,537,99,202,87,1,-1,-1
303,8,536,98,198,89,1,-1,-1
304,8,536,97,194,91,1,-1,-1
305,8,536,97,189,92,1,-1,-1
306,8,536,96,185,94,1,-1,-1
307,8,536,95,180,96,1,-1,-1
308,8,536,95,176,97,1,-1,-1
309,8,536,95,185,97,1,-1,-1
310,8,537,96,194,96,1,-1,-1
311,8,537,96,203,96,1,-1,-1
312,8,538,97,212,96,1,-1,-1
313,8,538,97,215,96,1,-1,-1
314,8,539,98,217,96,1,-1,-1
315,8,539,98,220,96,1,-1,-1
316,8,540,99,222,96,1,-1,-1
317,8,540,99,225,96,1,-1,-1
318,8,541,100,227,96,1,-1,-1
319,8,541,100,230,96,1,-1,-1
320,8,542,101,232,96,1,-1,-1
321,8,542,101,235,96,1,-1,-1
322,8,543,102,237,96,1,-1,-1
1,9,176,163,27,33,1,-1,-1
2,9,178,163,27,33,1,-1,-1
3,9,180,163,27,33,1,-1,-1
4,9,182,163,27,33,1,-1,-1
5,9,185,164,27,33,1,-1,-1
6,9,187,164,27,33,1,-1,-1
7,9,189,164,27,33,1,-1,-1
8,9,192,165,27,33,1,-1,-1
9,9,194,165,27,33,1,-1,-1
10,9,196,165,27,33,1,-1,-1
11,9,199,166,27,33,1,-1,-1
12,9,202,166,27,33,1,-1,-1
13,9,205,166,27,33,1,-1,-1
14,9,208,166,27,33,1,-1,-1
15,9,211,166,27,33,1,-1,-1
16,9,215,166,27,33,1,-1,-1
17,9,218,166,27,33,1,-1,-1
18,9,221,166,27,33,1,-1,-1
19,9,224,166,27,33,1,-1,-1
20,9,227,166,27,33,1,-1,-1
21,9,231,166,27,33,1,-1,-1
22,9,234,166,27,33,1,-1,-1
23,9,237,166,27,33,1,-1,-1
24,9,240,166,27,33,1,-1,-1
25,9,243,167,27,33,1,-1,-1
26,9,246,167,27,33,1,-1,-1
27,9,249,167,27,33,1,-1,-1
28,9,252,168,27,33,1,-1,-1
29,9,255,168,27,33,1,-1,-1
30,9,258,168,27,33,1,-1,-1
31,9,261,169,27,33,1,-1,-1
32,9,262,169,27,33,1,-1,-1
33,9,263,169,27,33,1,-1,-1
34,9,264,169,27,33,1,-1,-1
35,9,265,169,27,33,1,-1,-1
36,9,266,170,27,33,1,-1,-1
37,9,267,170,27,33,1,-1,-1
38,9,268,170,27,33,1,-1,-1
39,9,269,170,27,33,1,-1,-1
40,9,270,170,27,33,1,-1,-1
41,9,272,171,27,33,1,-1,-1
42,9,272,171,27,33,1,-1,-1
43,9,272,171,27,33,1,-1,-1
44,9,272,171,27,33,1,-1,-1
45,9,272,172,27,33,1,-1,-1
46,9,273,172,27,33,1,-1,-1
47,9,273,172,27,33,1,-1,-1
48,9,273,173,27,33,1,-1,-1
49,9,273,173,27,33,1,-1,-1
50,9,273,173,27,33,1,-1,-1
51,9,274,174,27,33,1,-1,-1
52,9,274,174,27,32,1,-1,-1
53,9,275,175,26,31,1,-1,-1
54,9,275,175,27,30,1,-1,-1
55,9,276,176,26,29,1,-1,-1
56,9,276,176,27,29,1,-1,-1
57,9,277,177,26,27,1,-1,-1
58,9,277,177,26,27,1,-1,-1
59,9,278,178,26,25,1,-1,-1
60,9,278,178,26,25,1,-1,-1
61,9,279,179,26,24,1,-1,-1
62,9,278,179,26,24,1,-1,-1
63,9,278,179,26,24,1,-1,-1
64,9,277,179,26,24,1,-1,-1
65,9,277,180,26,24,1,-1,-1
66,9,276,180,26,24,1,-1,-1
67,9,276,180,26,24,1,-1,-1
68,9,275,181,26,24,1,-1,-1
69,9,275,181,26,24,1,-1,-1
70,9,274,181,26,24,1,-1,-1
71,9,274,182,26,24,1,-1,-1
72,9,273,182,26,24,1,-1,-1
73,9,273,182,26,24,1,-1,-1
74,9,273,182,26,24,1,-1,-1
75,9,273,182,26,24,1,-1,-1
76,9,273,183,26,24,1,-1,-1
77,9,273,183,26,24,1,-1,-1
78,9,273,183,26,24,1,-1,-1
79,9,273,183,26,24,1,-1,-1
80,9,273,183,26,24,1,-1,-1
81,9,273,184,26,24,1,-1,-1
82,9,272,184,26,24,1,-1,-1
83,9,272,184,26,24,1,-1,-1
84,9,272,184,26,24,1,-1,-1
85,9,272,184,26,24,1,-1,-1
86,9,272,185,26,24,1,-1,-1
87,9,271,185,26,24,1,-1,-1
88,9,271,185,26,24,1,-1,-1
89,9,271,185,26,24,1,-1,-1
90,9,271,185,26,24,1,-1,-1
91,9,271,186,26,24,1,-1,-1
92,9,270,186,26,24,1,-1,-1
93,9,270,186,26,24,1,-1,-1
94,9,270,187,26,24,1,-1,-1
95,9,269,187,26,24,1,-1,-1
96,9,269,188,26,24,1,-1,-1
97,9,269,188,26,24,1,-1,-1
98,9,268,188,26,24,1,-1,-1
99,9,268,189,26,24,1,-1,-1
100,9,268,189,26,24,1,-1,-1
101,9,268,190,26,24,1,-1,-1
102,9,268,190,26,24,1,-1,-1
103,9,268,190,26,24,1,-1,-1
104,9,268,190,26,24,1,-1,-1
105,9,268,190,26,24,1,-1,-1
106,9,268,191,26,24,1,-1,-1
107,9,268,191,26,24,1,-1,-1
108,9,268,191,26,24,1,-1,-1
109,9,268,191,26,24,1,-1,-1
110,9,268,191,26,24,1,-1,-1
111,9,268,192,26,24,1,-1,-1
112,9,268,192,26,24,1,-1,-1
113,9,268,192,26,24,1,-1,-1
114,9,268,193,26,24,1,-1,-1
115,9,268,193,26,24,1,-1,-1
116,9,268,194,26,24,1,-1,-1
117,9,268,194,26,24,1,-1,-1
118,9,268,194,26,24,1,-1,-1
119,9,268,195,26,24,1,-1,-1
120,9,268,195,26,24,1,-1,-1
121,9,268,196,26,24,1,-1,-1
122,9,267,196,26,24,1,-1,-1
123,9,267,196,26,24,1,-1,-1
124,9,267,197,26,24,1,-1,-1
125,9,267,197,26,24,1,-1,-1
126,9,267,198,26,24,1,-1,-1
127,9,266,198,26,24,1,-1,-1
128,9,266,198,26,24,1,-1,-1
129,9,266,199,26,24,1,-1,-1
130,9,266,199,26,24,1,-1,-1
131,9,266,200,26,24,1,-1,-1
132,9,265,201,26,24,1,-1,-1
133,9,265,202,26,25,1,-1,-1
134,9,264,203,26,25,1,-1,-1
135,9,264,204,26,26,1,-1,-1
136,9,264,206,25,25,1,-1,-1
137,9,263,207,26,26,1,-1,-1
138,9,263,208,25,26,1,-1,-1
139,9,262,209,26,27,1,-1,-1
140,9,262,210,25,27,1,-1,-1
141,9,262,212,25,27,1,-1,-1
142,9,261,212,25,27,1,-1,-1
143,9,261,213,25,27,1,-1,-1
144,9,261,214,25,27,1,-1,-1
145,9,260,214,25,27,1,-1,-1
146,9,260,215,25,27,1,-1,-1
147,9,260,216,25,27,1,-1,-1
148,9,259,216,25,27,1,-1,-1
149,9,259,217,25,27,1,-1,-1
150,9,259,218,25,27,1,-1,-1
151,9,259,219,25,27,1,-1,-1
152,9,258,219,25,28,1,-1,-1
153,9,258,220,25,29,1,-1,-1
154,9,257,221,26,29,1,-1,-1
155,9,257,221,26,31,1,-1,-1
156,9,256,222,27,31,1,-1,-1
157,9,256,223,26,32,1,-1,-1
158,9,255,223,27,33,1,-1,-1
159,9,255,224,27,34,1,-1,-1
160,9,254,225,28,34,1,-1,-1
161,9,254,226,28,35,1,-1,-1
162,9,253,227,28,35,1,-1,-1
163,9,252,228,28,35,1,-1,-1
164,9,251,230,28,35,1,-1,-1
165,9,251,231,28,35,1,-1,-1
166,9,250,233,28,35,1,-1,-1
167,9,249,234,28,35,1,-1,-1
168,9,249,235,28,35,1,-1,-1
169,9,248,237,28,35,1,-1,-1
170,9,247,238,28,35,1,-1,-1
171,9,247,240,28,35,1,-1,-1
172,9,246,241,28,35,1,-1,-1
173,9,245,242,28,35,1,-1,-1
174,9,244,243,28,35,1,-1,-1
175,9,244,244,28,35,1,-1,-1
176,9,243,245,28,35,1,-1,-1
177,9,242,246,28,35,1,-1,-1
178,9,242,247,28,35,1,-1,-1
179,9,241,248,28,35,1,-1,-1
180,9,240,249,28,35,1,-1,-1
181,9,240,250,28,35,1,-1,-1
182,9,239,251,28,35,1,-1,-1
183,9,238,252,28,35,1,-1,-1
184,9,237,253,28,35,1,-1,-1
185,9,236,254,28,35,1,-1,-1
186,9,235,255,28,35,1,-1,-1
187,9,234,256,28,35,1,-1,-1
188,9,233,257,28,35,1,-1,-1
189,9,232,258,28,35,1,-1,-1
190,9,231,259,28,35,1,-1,-1
191,9,231,261,28,35,1,-1,-1
192,9,230,262,28,35,1,-1,-1
193,9,230,264,28,35,1,-1,-1
194,9,229,265,28,35,1,-1,-1
195,9,229,267,28,35,1,-1,-1
196,9,228,269,28,35,1,-1,-1
197,9,228,270,28,35,1,-1,-1
198,9,227,272,28,35,1,-1,-1
199,9,227,273,28,35,1,-1,-1
200,9,226,275,28,35,1,-1,-1
201,9,226,277,28,35,1,-1,-1
202,9,223,278,28,35,1,-1,-1
203,9,221,280,28,35,1,-1,-1
204,9,219,281,28,36,1,-1,-1
205,9,217,283,28,36,1,-1,-1
206,9,215,284,28,37,1,-1,-1
207,9,212,286,29,36,1,-1,-1
208,9,210,287,29,37,1,-1,-1
209,9,208,289,29,37,1,-1,-1
210,9,206,290,29,38,1,-1,-1
211,9,204,292,29,38,1,-1,-1
212,9,202,293,29,38,1,-1,-1
213,9,200,295,29,38,1,-1,-1
214,9,199,296,29,38,1,-1,-1
215,9,197,298,29,38,1,-1,-1
216,9,196,300,29,38,1,-1,-1
217,9,194,301,29,38,1,-1,-1
218,9,192,303,29,38,1,-1,-1
219,9,191,304,29,38,1,-1,-1
220,9,189,306,29,38,1,-1,-1
221,9,188,308,29,38,1,-1,-1
222,9,185,310,29,38,1,-1,-1
223,9,183,312,29,38,1,-1,-1
224,9,180,314,29,38,1,-1,-1
225,9,178,316,29,38,1,-1,-1
226,9,175,318,29,38,1,-1,-1
227,9,173,320,29,38,1,-1,-1
228,9,170,322,29,38,1,-1,-1
229,9,168,324,29,38,1,-1,-1
230,9,165,326,29,38,1,-1,-1
231,9,163,329,29,38,1,-1,-1
232,9,159,330,31,39,1,-1,-1
233,9,156,332,32,40,1,-1,-1
234,9,152,334,35,40,1,-1,-1
235,9,149,336,36,41,1,-1,-1
236,9,145,338,39,42,1,-1,-1
237,9,142,339,40,43,1,-1,-1
238,9,138,341,42,44,1,-1,-1
239,9,135,343,44,44,1,-1,-1
240,9,131,345,46,45,1,-1,-1
241,9,128,347,48,46,1,-1,-1
242,9,124,349,48,46,1,-1,-1
243,9,121,352,48,46,1,-1,-1
244,9,117,355,48,46,1,-1,-1
245,9,114,358,48,46,1,-1,-1
246,9,111,361,48,46,1,-1,-1
247,9,107,363,48,46,1,-1,-1
248,9,104,366,48,46,1,-1,-1
249,9,100,369,48,46,1,-1,-1
250,9,97,372,48,46,1,-1,-1
251,9,94,375,48,46,1,-1,-1
252,9,88,377,49,48,1,-1,-1
253,9,83,380,49,49,1,-1,-1
254,9,77,383,51,50,1,-1,-1
255,9,72,386,51,51,1,-1,-1
256,9,67,389,52,53,1,-1,-1
257,9,61,391,53,55,1,-1,-1
258,9,56,394,53,56,1,-1,-1
259,9,50,397,55,57,1,-1,-1
260,9,45,400,55,58,1,-1,-1
261,9,40,403,56,60,1,-1,-1
262,9,36,406,55,60,1,-1,-1
263,9,32,409,55,60,1,-1,-1
264,9,28,412,55,60,1,-1,-1
265,9,24,415,55,60,1,-1,-1
266,9,20,419,55,60,1,-1,-1
267,9,16,422,55,60,1,-1,-1
268,9,12,425,55,60,1,-1,-1
269,9,8,428,55,60,1,-1,-1
270,9,4,431,55,60,1,-1,-1
322,9,271,186,26,24,1,-1,-1
1,20,198,0,345,123,1,-1,-1
2,20,201,0,345,123,1,-1,-1
3,20,204,0,345,123,1,-1,-1
4,20,207,0,345,123,1,-1,-1
5,20,210,1,345,123,1,-1,-1
6,20,210,1,345,123,1,-1,-1
7,20,210,1,345,123,1,-1,-1
8,20,210,2,345,123,1,-1,-1
9,20,210,2,345,123,1,-1,-1
10,20,211,3,345,123,1,-1,-1
11,20,212,2,345,123,1,-1,-1
12,20,214,2,345,123,1,-1,-1
13,20,216,2,345,123,1,-1,-1
14,20,218,1,345,123,1,-1,-1
15,20,220,1,345,123,1,-1,-1
16,20,222,1,345,123,1,-1,-1
17,20,228,1,345,123,1,-1,-1
18,20,234,2,345,123,1,-1,-1
19,20,241,2,345,123,1,-1,-1
20,20,247,3,345,123,1,-1,-1
21,20,254,4,345,123,1,-1,-1
22,20,257,3,345,118,1,-1,-1
23,20,260,3,345,113,1,-1,-1
24,20,264,2,345,109,1,-1,-1
25,20,267,2,345,104,1,-1,-1
26,20,271,1,345,100,1,-1,-1
27,20,274,1,345,95,1,-1,-1
28,20,278,1,345,90,1,-1,-1
29,20,279,0,355,93,1,-1,-1
30,20,280,0,365,95,1,-1,-1
31,20,282,0,375,98,1,-1,-1
32,20,283,0,386,97,1,-1,-1
33,20,285,0,397,97,1,-1,-1
34,20,287,0,408,96,1,-1,-1
35,20,289,0,419,96,1,-1,-1
36,20,289,0,418,93,1,-1,-1
37,20,290,0,416,91,1,-1,-1
38,20,291,0,415,89,1,-1,-1
39,20,292,0,415,89,1,-1,-1
40,20,293,1,415,89,1,-1,-1
41,20,295,2,415,89,1,-1,-1
42,20,296,2,401,89,1,-1,-1
43,20,297,2,387,89,1,-1,-1
44,20,299,2,372,89,1,-1,-1
45,20,300,2,358,89,1,-1,-1
46,20,302,3,344,89,1,-1,-1
47,20,303,2,344,90,1,-1,-1
48,20,304,2,344,91,1,-1,-1
49,20,305,2,344,91,1,-1,-1
50,20,306,2,344,92,1,-1,-1
51,20,307,2,344,92,1,-1,-1
52,20,308,2,344,93,1,-1,-1
53,20,308,1,344,95,1,-1,-1
54,20,309,1,344,97,1,-1,-1
55,20,309,1,345,99,1,-1,-1
56,20,310,1,345,101,1,-1,-1
57,20,310,0,345,100,1,-1,-1
58,20,310,0,345,99,1,-1,-1
59,20,310,0,345,98,1,-1,-1
60,20,311,0,344,97,1,-1,-1
61,20,311,0,343,95,1,-1,-1
62,20,311,0,343,94,1,-1,-1
63,20,311,0,343,93,1,-1,-1
64,20,311,0,342,94,1,-1,-1
65,20,311,0,342,96,1,-1,-1
66,20,311,0,342,97,1,-1,-1
67,20,312,0,341,99,1,-1,-1
68,20,312,0,341,97,1,-1,-1
69,20,312,0,341,95,1,-1,-1
70,20,312,0,341,93,1,-1,-1
71,20,312,0,341,94,1,-1,-1
72,20,312,0,341,95,1,-1,-1
73,20,313,0,341,97,1,-1,-1
74,20,312,0,355,96,1,-1,-1
75,20,312,0,368,96,1,-1,-1
76,20,312,0,382,96,1,-1,-1
77,20,312,0,377,96,1,-1,-1
78,20,312,0,373,96,1,-1,-1
79,20,312,0,369,97,1,-1,-1
80,20,312,0,364,97,1,-1,-1
81,20,313,0,359,97,1,-1,-1
82,20,313,0,355,98,1,-1,-1
83,20,313,0,350,98,1,-1,-1
84,20,313,0,346,98,1,-1,-1
85,20,314,0,341,99,1,-1,-1
86,20,314,0,340,98,1,-1,-1
87,20,314,0,340,98,1,-1,-1
88,20,314,0,340,98,1,-1,-1
89,20,314,0,340,98,1,-1,-1
90,20,314,0,340,98,1,-1,-1
91,20,314,0,340,98,1,-1,-1
92,20,314,0,340,97,1,-1,-1
93,20,314,0,340,97,1,-1,-1
94,20,314,0,340,97,1,-1,-1
95,20,314,0,340,97,1,-1,-1
96,20,314,0,340,97,1,-1,-1
97,20,314,0,340,97,1,-1,-1
98,20,314,0,340,97,1,-1,-1
99,20,314,0,340,97,1,-1,-1
100,20,314,0,340,97,1,-1,-1
101,20,314,0,340,97,1,-1,-1
102,20,314,0,340,97,1,-1,-1
103,20,314,0,340,97,1,-1,-1
104,20,314,0,340,97,1,-1,-1
105,20,314,0,340,97,1,-1,-1
106,20,314,0,340,97,1,-1,-1
107,20,314,0,340,97,1,-1,-1
108,20,314,0,340,98,1,-1,-1
109,20,314,0,340,99,1,-1,-1
110,20,314,0,340,100,1,-1,-1
111,20,314,0,340,102,1,-1,-1
112,20,314,0,340,103,1,-1,-1
113,20,314,0,340,104,1,-1,-1
114,20,314,0,340,105,1,-1,-1
115,20,314,0,341,107,1,-1,-1
116,20,321,0,344,106,1,-1,-1
117,20,329,0,347,106,1,-1,-1
118,20,336,0,350,105,1,-1,-1
119,20,344,0,353,105,1,-1,-1
120,20,352,0,356,104,1,-1,-1
121,20,359,0,359,104,1,-1,-1
122,20,367,0,362,103,1,-1,-1
123,20,375,1,365,102,1,-1,-1
124,20,365,0,361,104,1,-1,-1
125,20,355,0,357,105,1,-1,-1
126,20,345,0,353,107,1,-1,-1
127,20,335,0,349,108,1,-1,-1
128,20,325,0,345,109,1,-1,-1
129,20,316,0,340,111,1,-1,-1
130,20,323,0,341,110,1,-1,-1
131,20,330,0,342,110,1,-1,-1
132,20,337,0,344,110,1,-1,-1
133,20,344,0,345,110,1,-1,-1
134,20,351,0,346,110,1,-1,-1
135,20,358,0,348,110,1,-1,-1
136,20,365,0,349,110,1,-1,-1
137,20,372,0,350,110,1,-1,-1
138,20,379,0,352,110,1,-1,-1
139,20,377,0,351,111,1,-1,-1
140,20,376,0,350,112,1,-1,-1
141,20,375,0,348,113,1,-1,-1
142,20,374,0,347,115,1,-1,-1
143,20,372,0,347,116,1,-1,-1
144,20,371,0,345,117,1,-1,-1
145,20,370,0,344,118,1,-1,-1
146,20,369,0,343,120,1,-1,-1
147,20,368,0,345,118,1,-1,-1
148,20,367,0,347,116,1,-1,-1
149,20,367,0,348,114,1,-1,-1
150,20,366,0,350,113,1,-1,-1
151,20,365,0,352,111,1,-1,-1
152,20,365,0,353,109,1,-1,-1
153,20,364,0,355,107,1,-1,-1
154,20,364,1,357,105,1,-1,-1
155,20,365,0,355,105,1,-1,-1
156,20,367,0,353,104,1,-1,-1
157,20,368,0,352,104,1,-1,-1
158,20,370,0,350,103,1,-1,-1
159,20,372,0,347,102,1,-1,-1
160,20,373,0,346,102,1,-1,-1
161,20,375,0,344,101,1,-1,-1
162,20,377,0,342,101,1,-1,-1
163,20,377,0,341,103,1,-1,-1
164,20,377,0,340,105,1,-1,-1
165,20,377,0,339,107,1,-1,-1
166,20,377,0,339,109,1,-1,-1
167,20,380,0,340,109,1,-1,-1
168,20,384,0,340,109,1,-1,-1
169,20,388,0,340,109,1,-1,-1
170,20,391,0,341,109,1,-1,-1
171,20,395,0,341,109,1,-1,-1
172,20,399,1,341,108,1,-1,-1
173,20,398,0,341,108,1,-1,-1
174,20,397,0,341,107,1,-1,-1
175,20,396,0,341,107,1,-1,-1
176,20,395,0,341,106,1,-1,-1
177,20,395,0,341,106,1,-1,-1
178,20,393,0,341,106,1,-1,-1
179,20,391,0,341,106,1,-1,-1
180,20,390,0,340,106,1,-1,-1
181,20,388,0,341,107,1,-1,-1
182,20,387,0,340,107,1,-1,-1
183,20,385,0,340,107,1,-1,-1
184,20,384,0,340,108,1,-1,-1
185,20,383,0,340,108,1,-1,-1
186,20,382,0,340,108,1,-1,-1
187,20,381,0,340,108,1,-1,-1
188,20,381,0,339,109,1,-1,-1
189,20,380,0,339,109,1,-1,-1
190,20,379,0,339,109,1,-1,-1
191,20,378,0,339,109,1,-1,-1
192,20,378,1,339,109,1,-1,-1
193,20,379,1,339,110,1,-1,-1
194,20,381,2,338,110,1,-1,-1
195,20,382,2,339,112,1,-1,-1
196,20,384,3,338,112,1,-1,-1
197,20,385,3,338,113,1,-1,-1
198,20,387,4,338,114,1,-1,-1
199,20,388,4,338,115,1,-1,-1
200,20,390,5,338,116,1,-1,-1
201,20,390,4,338,117,1,-1,-1
202,20,391,4,338,117,1,-1,-1
203,20,392,4,338,117,1,-1,-1
204,20,392,3,339,118,1,-1,-1
205,20,393,3,339,118,1,-1,-1
206,20,394,3,339,119,1,-1,-1
207,20,391,2,339,120,1,-1,-1
208,20,389,2,339,121,1,-1,-1
209,20,387,2,339,122,1,-1,-1
210,20,384,2,339,123,1,-1,-1
211,20,382,2,339,124,1,-1,-1
212,20,380,2,339,125,1,-1,-1
213,20,364,1,340,127,1,-1,-1
214,20,349,1,340,128,1,-1,-1
215,20,334,0,340,130,1,-1,-1
216,20,319,0,340,131,1,-1,-1
217,20,336,1,340,130,1,-1,-1
218,20,354,3,340,128,1,-1,-1
219,20,372,5,340,127,1,-1,-1
220,20,356,3,340,129,1,-1,-1
221,20,341,2,340,130,1,-1,-1
222,20,325,1,340,131,1,-1,-1
223,20,310,0,340,133,1,-1,-1
224,20,332,1,340,134,1,-1,-1
225,20,355,3,340,134,1,-1,-1
226,20,378,5,340,135,1,-1,-1
227,20,377,4,340,136,1,-1,-1
228,20,376,4,341,136,1,-1,-1
229,20,376,4,340,136,1,-1,-1
230,20,375,4,341,136,1,-1,-1
231,20,375,4,340,136,1,-1,-1
232,20,374,4,341,136,1,-1,-1
233,20,374,4,341,137,1,-1,-1
234,20,372,3,341,133,1,-1,-1
235,20,370,2,341,130,1,-1,-1
236,20,368,1,341,127,1,-1,-1
237,20,366,0,341,124,1,-1,-1
238,20,367,1,341,123,1,-1,-1
239,20,369,3,341,122,1,-1,-1
240,20,371,4,341,122,1,-1,-1
241,20,373,6,341,121,1,-1,-1
242,20,371,5,341,121,1,-1,-1
243,20,370,4,341,122,1,-1,-1
244,20,369,3,341,123,1,-1,-1
245,20,368,3,341,123,1,-1,-1
246,20,366,2,341,123,1,-1,-1
247,20,365,1,341,124,1,-1,-1
248,20,364,0,341,125,1,-1,-1
249,20,363,0,341,125,1,-1,-1
250,20,357,1,341,125,1,-1,-1
251,20,352,3,341,124,1,-1,-1
252,20,347,5,340,123,1,-1,-1
253,20,342,7,340,122,1,-1,-1
254,20,337,9,340,122,1,-1,-1
255,20,336,7,340,121,1,-1,-1
256,20,335,6,340,120,1,-1,-1
257,20,334,5,340,119,1,-1,-1
258,20,333,4,340,118,1,-1,-1
259,20,332,3,340,117,1,-1,-1
260,20,331,2,340,116,1,-1,-1
261,20,330,1,340,115,1,-1,-1
262,20,329,0,340,114,1,-1,-1
263,20,327,0,340,114,1,-1,-1
264,20,326,0,340,114,1,-1,-1
265,20,324,0,340,115,1,-1,-1
266,20,323,0,340,115,1,-1,-1
267,20,322,0,340,116,1,-1,-1
268,20,320,0,340,116,1,-1,-1
269,20,319,0,340,117,1,-1,-1
270,20,318,1,340,116,1,-1,-1
271,20,316,1,340,116,1,-1,-1
272,20,315,1,340,117,1,-1,-1
273,20,313,1,340,117,1,-1,-1
274,20,312,1,340,118,1,-1,-1
275,20,311,1,340,118,1,-1,-1
276,20,309,1,340,119,1,-1,-1
277,20,308,1,340,119,1,-1,-1
278,20,307,2,340,119,1,-1,-1
279,20,306,1,340,120,1,-1,-1
280,20,305,1,340,120,1,-1,-1
281,20,304,1,340,120,1,-1,-1
282,20,303,1,340,121,1,-1,-1
283,20,302,1,340,121,1,-1,-1
284,20,301,1,340,121,1,-1,-1
285,20,300,1,340,122,1,-1,-1
286,20,299,1,340,122,1,-1,-1
287,20,298,1,340,122,1,-1,-1
288,20,297,1,340,123,1,-1,-1
289,20,296,1,340,123,1,-1,-1
290,20,296,0,340,124,1,-1,-1
291,20,295,0,340,124,1,-1,-1
292,20,294,0,340,125,1,-1,-1
293,20,293,0,340,125,1,-1,-1
294,20,292,0,340,125,1,-1,-1
295,20,291,0,340,126,1,-1,-1
296,20,290,0,340,126,1,-1,-1
297,20,289,0,340,126,1,-1,-1
298,20,288,0,340,127,1,-1,-1
299,20,287,0,340,127,1,-1,-1
300,20,286,0,340,127,1,-1,-1
301,20,286,0,340,128,1,-1,-1
302,20,287,0,325,130,1,-1,-1
303,20,289,0,310,133,1,-1,-1
304,20,290,0,295,135,1,-1,-1
305,20,292,0,280,138,1,-1,-1
306,20,294,0,264,140,1,-1,-1
307,20,295,0,250,143,1,-1,-1
308,20,297,0,234,145,1,-1,-1
309,20,298,0,220,148,1,-1,-1
310,20,300,0,204,150,1,-1,-1
311,20,302,0,189,153,1,-1,-1
312,20,302,0,190,153,1,-1,-1
313,20,303,0,190,154,1,-1,-1
314,20,303,0,191,155,1,-1,-1
315,20,304,0,191,155,1,-1,-1
316,20,305,0,191,156,1,-1,-1
317,20,305,0,192,157,1,-1,-1
318,20,306,0,192,157,1,-1,-1
319,20,306,0,193,158,1,-1,-1
320,20,307,0,193,159,1,-1,-1
321,20,308,0,193,160,1,-1,-1
322,20,308,0,186,151,1,-1,-1
323,20,309,0,179,142,1,-1,-1
324,20,310,0,172,133,1,-1,-1
325,20,311,0,165,125,1,-1,-1
326,20,312,1,169,129,1,-1,-1
327,20,313,2,173,133,1,-1,-1
328,20,314,3,178,137,1,-1,-1
329,20,315,4,182,141,1,-1,-1
330,20,316,5,186,145,1,-1,-1
331,20,317,6,191,149,1,-1,-1
332,20,317,5,192,150,1,-1,-1
333,20,317,5,193,151,1,-1,-1
334,20,317,5,194,152,1,-1,-1
335,20,317,5,195,153,1,-1,-1
336,20,317,5,196,154,1,-1,-1
337,20,317,4,197,155,1,-1,-1
338,20,317,4,198,156,1,-1,-1
339,20,317,4,199,157,1,-1,-1
340,20,317,4,200,158,1,-1,-1
341,20,317,4,202,159,1,-1,-1
342,20,317,3,194,155,1,-1,-1
343,20,317,3,187,150,1,-1,-1
344,20,317,3,179,145,1,-1,-1
345,20,317,3,172,140,1,-1,-1
346,20,317,3,165,135,1,-1,-1
347,20,316,2,175,141,1,-1,-1
348,20,316,2,185,146,1,-1,-1
349,20,315,2,195,152,1,-1,-1
350,20,315,2,205,157,1,-1,-1
351,20,315,2,215,163,1,-1,-1
352,20,314,1,216,164,1,-1,-1
353,20,314,1,217,164,1,-1,-1
354,20,314,1,218,164,1,-1,-1
355,20,314,1,219,164,1,-1,-1
356,20,314,1,220,164,1,-1,-1
357,20,313,1,221,164,1,-1,-1
358,20,313,1,222,164,1,-1,-1
359,20,313,1,223,164,1,-1,-1
360,20,313,1,224,164,1,-1,-1
361,20,313,1,225,164,1,-1,-1
362,20,312,1,213,160,1,-1,-1
363,20,312,1,201,156,1,-1,-1
364,20,312,1,188,152,1,-1,-1
365,20,312,1,176,148,1,-1,-1
366,20,312,1,164,145,1,-1,-1
367,20,311,0,177,151,1,-1,-1
368,20,310,0,191,156,1,-1,-1
369,20,310,0,203,162,1,-1,-1
370,20,309,0,217,167,1,-1,-1
371,20,309,0,230,173,1,-1,-1
372,20,308,0,221,169,1,-1,-1
373,20,308,0,211,166,1,-1,-1
374,20,308,0,201,162,1,-1,-1
375,20,307,0,192,159,1,-1,-1
376,20,307,0,182,155,1,-1,-1
377,20,307,0,172,152,1,-1,-1
378,20,307,0,163,149,1,-1,-1
379,20,308,0,182,159,1,-1,-1
380,20,309,0,202,169,1,-1,-1
381,20,310,0,222,179,1,-1,-1
382,20,311,0,221,179,1,-1,-1
383,20,312,0,220,180,1,-1,-1
384,20,313,0,220,180,1,-1,-1
385,20,314,0,219,181,1,-1,-1
386,20,315,0,219,182,1,-1,-1
387,20,316,0,218,182,1,-1,-1
388,20,317,0,217,183,1,-1,-1
389,20,318,0,217,183,1,-1,-1
390,20,319,0,216,184,1,-1,-1
391,20,320,0,216,185,1,-1,-1
392,20,320,0,217,184,1,-1,-1
393,20,320,0,219,184,1,-1,-1
394,20,320,0,221,184,1,-1,-1
395,20,320,0,223,184,1,-1,-1
396,20,320,1,225,183,1,-1,-1
397,20,320,1,226,183,1,-1,-1
398,20,320,1,228,183,1,-1,-1
399,20,320,1,230,183,1,-1,-1
400,20,320,1,232,183,1,-1,-1
401,20,320,2,234,182,1,-1,-1
402,20,320,1,231,182,1,-1,-1
403,20,320,1,229,181,1,-1,-1
404,20,321,1,226,180,1,-1,-1
405,20,321,1,223,179,1,-1,-1
406,20,322,1,220,179,1,-1,-1
407,20,322,1,218,178,1,-1,-1
408,20,323,1,214,177,1,-1,-1
409,20,323,1,212,176,1,-1,-1
410,20,324,1,209,175,1,-1,-1
411,20,324,1,207,175,1,-1,-1
412,20,324,1,204,174,1,-1,-1
413,20,325,1,201,173,1,-1,-1
414,20,325,1,199,172,1,-1,-1
415,20,326,1,195,171,1,-1,-1
416,20,326,1,193,171,1,-1,-1
417,20,327,1,190,170,1,-1,-1
418,20,327,1,187,169,1,-1,-1
419,20,328,1,184,168,1,-1,-1
420,20,328,1,182,167,1,-1,-1
421,20,329,1,179,167,1,-1,-1
422,20,329,0,178,167,1,-1,-1
423,20,329,0,178,166,1,-1,-1
424,20,330,0,176,165,1,-1,-1
425,20,330,0,176,165,1,-1,-1
426,20,331,0,175,164,1,-1,-1
427,20,331,0,174,163,1,-1,-1
428,20,332,0,173,163,1,-1,-1
429,20,332,0,173,162,1,-1,-1
430,20,333,0,171,161,1,-1,-1
431,20,333,0,171,161,1,-1,-1
432,20,334,0,170,160,1,-1,-1
433,20,334,0,169,159,1,-1,-1
434,20,334,0,169,159,1,-1,-1
435,20,335,0,167,158,1,-1,-1
436,20,335,0,167,157,1,-1,-1
437,20,336,0,166,157,1,-1,-1
438,20,336,0,165,156,1,-1,-1
439,20,337,0,164,155,1,-1,-1
440,20,337,0,164,155,1,-1,-1
441,20,338,0,162,154,1,-1,-1
442,20,338,0,162,153,1,-1,-1
443,20,339,0,161,153,1,-1,-1
444,20,339,0,161,153,1,-1,-1
445,20,339,0,161,153,1,-1,-1
446,20,339,0,161,153,1,-1,-1
447,20,339,0,161,153,1,-1,-1
448,20,339,0,161,153,1,-1,-1
449,20,340,0,161,153,1,-1,-1
450,20,340,0,161,153,1,-1,-1
451,20,340,0,161,153,1,-1,-1
452,20,340,0,161,153,1,-1,-1
453,20,340,0,161,153,1,-1,-1
454,20,340,0,161,153,1,-1,-1
455,20,341,0,161,153,1,-1,-1
456,20,341,0,161,153,1,-1,-1
457,20,341,0,161,153,1,-1,-1
458,20,341,0,161,153,1,-1,-1
459,20,341,0,161,153,1,-1,-1
460,20,341,0,161,153,1,-1,-1
461,20,342,0,161,153,1,-1,-1
462,20,342,0,161,153,1,-1,-1
463,20,342,0,161,153,1,-1,-1
464,20,342,0,161,153,1,-1,-1
465,20,342,0,161,153,1,-1,-1
466,20,343,0,161,153,1,-1,-1
467,20,343,0,161,153,1,-1,-1
468,20,343,0,161,153,1,-1,-1
469,20,343,0,161,153,1,-1,-1
470,20,344,0,161,153,1,-1,-1
471,20,344,0,161,153,1,-1,-1
472,20,344,0,161,153,1,-1,-1
473,20,345,0,161,153,1,-1,-1
474,20,345,0,161,153,1,-1,-1
475,20,345,0,161,153,1,-1,-1
476,20,346,0,161,153,1,-1,-1
477,20,346,0,161,153,1,-1,-1
478,20,346,0,161,153,1,-1,-1
479,20,347,0,161,153,1,-1,-1
480,20,347,0,161,153,1,-1,-1
481,20,348,0,161,153,1,-1,-1
482,20,348,0,161,153,1,-1,-1
483,20,349,0,161,153,1,-1,-1
484,20,349,0,161,153,1,-1,-1
485,20,350,0,161,153,1,-1,-1
486,20,350,0,161,153,1,-1,-1
487,20,351,0,161,153,1,-1,-1
488,20,351,0,161,153,1,-1,-1
489,20,352,0,161,153,1,-1,-1
490,20,352,0,161,153,1,-1,-1
491,20,353,0,161,153,1,-1,-1
492,20,353,0,161,153,1,-1,-1
493,20,354,0,161,153,1,-1,-1
494,20,354,0,161,153,1,-1,-1
495,20,355,0,161,153,1,-1,-1
496,20,356,0,161,153,1,-1,-1
497,20,356,0,161,153,1,-1,-1
498,20,357,0,161,153,1,-1,-1
499,20,357,0,161,153,1,-1,-1
500,20,358,0,161,153,1,-1,-1
501,20,358,0,161,153,1,-1,-1
502,20,359,0,161,153,1,-1,-1
503,20,359,0,161,153,1,-1,-1
504,20,360,0,161,153,1,-1,-1
505,20,360,0,161,153,1,-1,-1
506,20,361,0,161,153,1,-1,-1
507,20,361,0,161,153,1,-1,-1
508,20,362,0,161,153,1,-1,-1
509,20,362,0,161,153,1,-1,-1
510,20,363,0,161,153,1,-1,-1
511,20,364,0,161,153,1,-1,-1
512,20,364,0,161,152,1,-1,-1
513,20,365,0,161,152,1,-1,-1
514,20,366,0,161,152,1,-1,-1
515,20,366,0,161,152,1,-1,-1
516,20,367,0,161,152,1,-1,-1
517,20,368,0,161,152,1,-1,-1
518,20,369,0,161,152,1,-1,-1
519,20,369,0,161,152,1,-1,-1
520,20,370,0,161,152,1,-1,-1
521,20,371,0,161,152,1,-1,-1
522,20,371,0,161,152,1,-1,-1
523,20,372,0,161,152,1,-1,-1
524,20,373,0,161,152,1,-1,-1
525,20,374,0,161,152,1,-1,-1
526,20,374,0,161,152,1,-1,-1
527,20,375,0,161,152,1,-1,-1
528,20,376,0,161,152,1,-1,-1
529,20,376,0,161,152,1,-1,-1
530,20,377,0,161,152,1,-1,-1
531,20,378,0,161,152,1,-1,-1
532,20,379,0,161,152,1,-1,-1
533,20,379,0,161,152,1,-1,-1
534,20,380,0,161,152,1,-1,-1
535,20,381,0,161,152,1,-1,-1
536,20,381,0,161,152,1,-1,-1
537,20,382,0,161,152,1,-1,-1
538,20,383,0,161,152,1,-1,-1
539,20,384,0,161,152,1,-1,-1
540,20,384,0,161,152,1,-1,-1
541,20,385,0,161,152,1,-1,-1
542,20,386,0,161,152,1,-1,-1
543,20,387,0,161,152,1,-1,-1
544,20,387,0,161,149,1,-1,-1
545,20,387,0,161,147,1,-1,-1
546,20,387,0,161,145,1,-1,-1
547,20,387,0,161,143,1,-1,-1
548,20,387,0,161,141,1,-1,-1
549,20,387,0,161,139,1,-1,-1
550,20,387,0,161,137,1,-1,-1
551,20,387,0,161,135,1,-1,-1
552,20,387,0,161,133,1,-1,-1
553,20,387,0,161,131,1,-1,-1
554,20,387,0,161,129,1,-1,-1
555,20,387,0,161,127,1,-1,-1
556,20,387,0,161,125,1,-1,-1
557,20,387,0,161,123,1,-1,-1
558,20,387,0,161,121,1,-1,-1
559,20,387,0,161,121,1,-1,-1
560,20,387,0,161,121,1,-1,-1
561,20,387,0,161,121,1,-1,-1
562,20,387,0,161,121,1,-1,-1
301,21,511,35,407,160,1,-1,-1
302,21,511,35,407,160,1,-1,-1
303,21,511,35,407,160,1,-1,-1
304,21,511,35,407,160,1,-1,-1
305,21,512,35,407,160,1,-1,-1
306,21,512,36,407,160,1,-1,-1
307,21,512,36,407,160,1,-1,-1
308,21,512,36,407,160,1,-1,-1
309,21,513,36,407,160,1,-1,-1
310,21,513,36,407,160,1,-1,-1
311,21,513,37,407,160,1,-1,-1
312,21,513,37,407,160,1,-1,-1
313,21,514,37,407,160,1,-1,-1
314,21,514,37,407,160,1,-1,-1
315,21,514,37,407,160,1,-1,-1
316,21,514,38,407,160,1,-1,-1
317,21,515,38,407,160,1,-1,-1
318,21,515,38,407,160,1,-1,-1
319,21,515,38,407,160,1,-1,-1
320,21,515,38,407,160,1,-1,-1
321,21,516,39,407,160,1,-1,-1
322,21,516,39,407,160,1,-1,-1
323,21,516,39,407,160,1,-1,-1
324,21,516,39,407,160,1,-1,-1
325,21,517,40,407,160,1,-1,-1
326,21,517,40,407,160,1,-1,-1
327,21,517,40,407,160,1,-1,-1
328,21,517,40,407,160,1,-1,-1
329,21,518,40,407,160,1,-1,-1
330,21,518,40,407,160,1,-1,-1
331,21,518,40,407,160,1,-1,-1
332,21,519,41,407,160,1,-1,-1
333,21,518,41,407,160,1,-1,-1
334,21,518,41,407,160,1,-1,-1
335,21,518,41,407,160,1,-1,-1
336,21,518,42,407,160,1,-1,-1
337,21,518,42,407,160,1,-1,-1
338,21,518,42,407,160,1,-1,-1
339,21,518,43,407,160,1,-1,-1
340,21,517,43,407,160,1,-1,-1
341,21,517,43,407,160,1,-1,-1
342,21,517,43,407,160,1,-1,-1
343,21,517,44,407,160,1,-1,-1
344,21,517,44,407,160,1,-1,-1
345,21,517,44,407,160,1,-1,-1
346,21,517,45,407,160,1,-1,-1
347,21,517,45,409,161,1,-1,-1
348,21,517,45,412,162,1,-1,-1
349,21,517,46,415,162,1,-1,-1
350,21,517,46,418,163,1,-1,-1
351,21,517,46,421,165,1,-1,-1
352,21,517,47,423,165,1,-1,-1
353,21,517,47,426,166,1,-1,-1
354,21,518,48,428,166,1,-1,-1
355,21,518,48,431,167,1,-1,-1
356,21,518,48,434,169,1,-1,-1
357,21,518,49,436,169,1,-1,-1
358,21,518,49,439,170,1,-1,-1
359,21,518,49,442,171,1,-1,-1
360,21,518,50,445,172,1,-1,-1
361,21,518,50,448,173,1,-1,-1
362,21,519,51,450,173,1,-1,-1
363,21,519,51,452,174,1,-1,-1
364,21,519,51,455,175,1,-1,-1
365,21,519,52,458,176,1,-1,-1
366,21,519,52,461,177,1,-1,-1
367,21,519,52,464,178,1,-1,-1
368,21,519,53,466,178,1,-1,-1
369,21,519,53,469,180,1,-1,-1
370,21,520,54,471,180,1,-1,-1
371,21,520,54,474,181,1,-1,-1
372,21,520,54,477,182,1,-1,-1
373,21,520,55,479,182,1,-1,-1
374,21,520,55,482,184,1,-1,-1
375,21,520,55,485,185,1,-1,-1
376,21,520,56,488,185,1,-1,-1
377,21,520,56,491,186,1,-1,-1
378,21,521,57,493,187,1,-1,-1
379,21,521,57,493,187,1,-1,-1
380,21,521,57,493,187,1,-1,-1
381,21,521,57,493,187,1,-1,-1
382,21,521,57,493,187,1,-1,-1
383,21,521,57,493,187,1,-1,-1
384,21,521,57,493,187,1,-1,-1
385,21,521,57,493,187,1,-1,-1
386,21,521,57,493,187,1,-1,-1
387,21,521,57,493,187,1,-1,-1
388,21,521,57,493,187,1,-1,-1
389,21,521,57,493,187,1,-1,-1
390,21,521,57,493,187,1,-1,-1
391,21,521,57,493,187,1,-1,-1
392,21,521,57,493,187,1,-1,-1
393,21,522,57,493,187,1,-1,-1
394,21,523,57,492,187,1,-1,-1
395,21,525,57,490,187,1,-1,-1
396,21,526,58,489,186,1,-1,-1
397,21,528,58,487,187,1,-1,-1
398,21,529,59,486,186,1,-1,-1
399,21,531,59,484,186,1,-1,-1
400,21,533,60,483,186,1,-1,-1
401,21,534,61,481,186,1,-1,-1
402,21,535,62,480,186,1,-1,-1
403,21,536,63,479,186,1,-1,-1
404,21,538,65,477,185,1,-1,-1
405,21,539,66,476,185,1,-1,-1
406,21,540,67,475,186,1,-1,-1
407,21,541,68,474,186,1,-1,-1
408,21,543,70,472,185,1,-1,-1
409,21,544,71,470,185,1,-1,-1
410,21,545,72,469,185,1,-1,-1
411,21,546,73,468,186,1,-1,-1
412,21,548,75,466,185,1,-1,-1
413,21,549,76,465,185,1,-1,-1
414,21,550,77,464,185,1,-1,-1
415,21,551,78,463,185,1,-1,-1
416,21,553,80,461,185,1,-1,-1
417,21,554,75,460,185,1,-1,-1
418,21,556,70,458,185,1,-1,-1
419,21,558,66,456,184,1,-1,-1
420,21,560,61,454,184,1,-1,-1
421,21,562,57,453,184,1,-1,-1
422,21,564,61,450,184,1,-1,-1
423,21,566,65,448,184,1,-1,-1
424,21,569,69,445,184,1,-1,-1
425,21,571,73,443,184,1,-1,-1
426,21,574,77,439,185,1,-1,-1
427,21,576,81,437,185,1,-1,-1
428,21,579,85,434,185,1,-1,-1
429,21,581,89,432,185,1,-1,-1
430,21,584,94,429,185,1,-1,-1
431,21,579,86,434,185,1,-1,-1
432,21,575,79,438,185,1,-1,-1
433,21,570,72,444,185,1,-1,-1
434,21,566,65,448,185,1,-1,-1
435,21,562,58,453,185,1,-1,-1
436,21,563,61,452,186,1,-1,-1
437,21,564,65,452,186,1,-1,-1
438,21,565,69,452,186,1,-1,-1
439,21,566,73,452,186,1,-1,-1
440,21,568,77,451,186,1,-1,-1
441,21,569,80,450,187,1,-1,-1
442,21,570,84,450,187,1,-1,-1
443,21,571,88,450,187,1,-1,-1
444,21,572,92,450,187,1,-1,-1
445,21,574,96,449,188,1,-1,-1
446,21,573,94,449,190,1,-1,-1
447,21,572,92,450,192,1,-1,-1
448,21,572,91,450,193,1,-1,-1
449,21,571,89,450,195,1,-1,-1
450,21,570,87,451,197,1,-1,-1
451,21,570,86,451,198,1,-1,-1
452,21,569,84,451,200,1,-1,-1
453,21,568,82,452,202,1,-1,-1
454,21,568,81,452,204,1,-1,-1
455,21,571,82,448,204,1,-1,-1
456,21,574,84,445,204,1,-1,-1
457,21,577,86,442,203,1,-1,-1
458,21,580,87,439,204,1,-1,-1
459,21,583,89,436,203,1,-1,-1
460,21,586,91,433,203,1,-1,-1
461,21,590,93,429,203,1,-1,-1
462,21,585,92,434,203,1,-1,-1
463,21,580,91,439,203,1,-1,-1
464,21,576,90,443,203,1,-1,-1
465,21,571,89,448,203,1,-1,-1
466,21,567,88,452,204,1,-1,-1
467,21,568,88,450,204,1,-1,-1
468,21,569,88,449,204,1,-1,-1
469,21,570,89,448,203,1,-1,-1
470,21,571,89,447,203,1,-1,-1
471,21,572,89,446,203,1,-1,-1
472,21,573,90,445,203,1,-1,-1
473,21,574,90,444,203,1,-1,-1
474,21,575,90,443,203,1,-1,-1
475,21,576,91,442,202,1,-1,-1
476,21,577,91,441,202,1,-1,-1
477,21,579,92,439,202,1,-1,-1
478,21,579,92,438,202,1,-1,-1
479,21,579,93,438,202,1,-1,-1
480,21,579,93,438,202,1,-1,-1
481,21,579,94,438,202,1,-1,-1
482,21,579,94,438,203,1,-1,-1
483,21,579,95,438,202,1,-1,-1
484,21,579,95,438,203,1,-1,-1
485,21,579,96,438,202,1,-1,-1
486,21,579,96,438,203,1,-1,-1
487,21,580,97,437,203,1,-1,-1
488,21,581,96,436,204,1,-1,-1
489,21,583,95,434,206,1,-1,-1
490,21,584,94,434,208,1,-1,-1
491,21,586,94,432,209,1,-1,-1
492,21,587,93,432,211,1,-1,-1
493,21,589,92,430,212,1,-1,-1
494,21,590,91,430,214,1,-1,-1
495,21,592,91,428,215,1,-1,-1
496,21,593,90,428,217,1,-1,-1
497,21,595,89,426,219,1,-1,-1
498,21,597,89,425,220,1,-1,-1
499,21,600,90,422,220,1,-1,-1
500,21,604,91,418,220,1,-1,-1
501,21,608,92,414,220,1,-1,-1
502,21,611,93,411,220,1,-1,-1
503,21,615,94,407,220,1,-1,-1
504,21,619,96,403,220,1,-1,-1
505,21,618,96,404,220,1,-1,-1
506,21,617,97,405,219,1,-1,-1
507,21,617,97,405,220,1,-1,-1
508,21,616,98,406,219,1,-1,-1
509,21,615,98,407,220,1,-1,-1
510,21,615,99,407,219,1,-1,-1
511,21,614,99,408,220,1,-1,-1
512,21,614,100,408,219,1,-1,-1
513,21,613,100,409,220,1,-1,-1
514,21,612,101,410,219,1,-1,-1
515,21,612,101,410,220,1,-1,-1
516,21,611,102,411,219,1,-1,-1
517,21,611,103,411,219,1,-1,-1
518,21,613,102,408,221,1,-1,-1
519,21,615,102,406,222,1,-1,-1
520,21,617,102,404,223,1,-1,-1
521,21,619,102,402,224,1,-1,-1
522,21,621,102,400,225,1,-1,-1
523,21,623,102,398,226,1,-1,-1
524,21,625,102,396,227,1,-1,-1
525,21,627,102,394,228,1,-1,-1
526,21,629,102,392,229,1,-1,-1
527,21,631,101,389,231,1,-1,-1
528,21,633,101,387,232,1,-1,-1
529,21,635,101,385,233,1,-1,-1
530,21,637,101,383,234,1,-1,-1
531,21,639,101,381,235,1,-1,-1
532,21,641,101,379,236,1,-1,-1
533,21,643,101,377,237,1,-1,-1
534,21,645,101,375,238,1,-1,-1
535,21,647,101,373,239,1,-1,-1
536,21,647,100,373,241,1,-1,-1
537,21,648,100,372,242,1,-1,-1
538,21,649,100,371,243,1,-1,-1
539,21,650,100,370,244,1,-1,-1
540,21,651,100,369,245,1,-1,-1
541,21,652,100,368,247,1,-1,-1
542,21,653,100,367,248,1,-1,-1
543,21,654,100,367,249,1,-1,-1
544,21,654,100,367,250,1,-1,-1
545,21,655,100,366,251,1,-1,-1
546,21,656,100,365,253,1,-1,-1
547,21,657,100,364,254,1,-1,-1
548,21,658,100,363,255,1,-1,-1
549,21,659,100,362,256,1,-1,-1
550,21,660,100,361,257,1,-1,-1
551,21,661,100,361,259,1,-1,-1
552,21,661,107,361,253,1,-1,-1
553,21,662,115,360,246,1,-1,-1
554,21,663,122,359,240,1,-1,-1
555,21,664,130,358,234,1,-1,-1
556,21,665,137,357,228,1,-1,-1
557,21,666,145,356,221,1,-1,-1
558,21,667,153,356,215,1,-1,-1
559,21,666,144,356,224,1,-1,-1
560,21,666,135,356,233,1,-1,-1
561,21,666,126,355,242,1,-1,-1
562,21,666,117,355,251,1,-1,-1
