1,1,568,285,21,24,1,1,1
2,1,566,288,21,24,1,1,1
3,1,564,292,22,24,1,1,1
4,1,562,296,23,24,1,1,1
5,1,560,299,23,25,1,1,1
6,1,558,303,24,25,1,1,1
7,1,556,307,25,25,1,1,1
8,1,554,311,24,25,1,1,1
9,1,552,315,24,26,1,1,1
10,1,550,319,24,27,1,1,1
11,1,548,323,24,28,1,1,1
12,1,544,328,25,28,1,1,1
13,1,541,333,25,28,1,1,1
14,1,538,339,25,27,1,1,1
15,1,535,343,25,29,1,1,1
16,1,532,347,26,31,1,1,1
17,1,529,351,27,33,1,1,1
18,1,525,357,27,34,1,1,1
19,1,521,363,28,35,1,1,1
20,1,518,370,28,35,1,1,1
21,1,515,376,29,37,1,1,1
22,1,512,383,30,38,1,1,1
23,1,510,390,31,39,1,1,1
24,1,506,398,32,41,1,1,1
25,1,502,407,33,43,1,1,1
26,1,499,415,33,46,1,1,1
27,1,495,424,34,48,1,1,1
28,1,491,432,35,51,1,1,1
29,1,488,441,35,53,1,1,1
30,1,484,452,36,53,1,1,1
31,1,481,464,36,52,1,1,1
32,1,478,476,36,51,1,1,1
1,2,611,218,17,16,1,1,1
2,2,609,219,17,16,1,1,1
3,2,608,221,17,16,1,1,1
4,2,607,222,17,16,1,1,1
5,2,606,224,17,16,1,1,1
6,2,605,225,17,16,1,1,1
7,2,604,227,17,16,1,1,1
8,2,602,228,17,16,1,1,1
9,2,600,230,17,16,1,1,1
10,2,598,231,17,16,1,1,1
11,2,596,233,17,16,1,1,1
12,2,593,234,17,16,1,1,1
13,2,590,236,17,16,1,1,1
14,2,588,238,17,16,1,1,1
15,2,586,240,17,16,1,1,1
16,2,584,242,17,16,1,1,1
17,2,582,244,17,16,1,1,1
18,2,579,246,18,15,1,1,1
19,2,576,248,19,15,1,1,1
20,2,574,250,20,15,1,1,1
21,2,572,252,19,16,1,1,1
22,2,570,254,19,17,1,1,1
23,2,568,257,19,17,1,1,1
24,2,566,259,19,17,1,1,1
25,2,564,261,19,18,1,1,1
26,2,562,264,20,18,1,1,1
27,2,560,267,19,18,1,1,1
28,2,558,270,19,19,1,1,1
29,2,556,273,19,20,1,1,1
30,2,554,276,19,20,1,1,1
31,2,552,279,20,20,1,1,1
32,2,550,283,21,19,1,1,1
33,2,548,286,21,20,1,1,1
34,2,546,289,21,21,1,1,1
35,2,545,293,21,21,1,1,1
36,2,542,297,22,21,1,1,1
37,2,540,301,22,22,1,1,1
38,2,538,305,23,23,1,1,1
39,2,536,309,24,23,1,1,1
40,2,534,314,25,23,1,1,1
41,2,533,319,25,23,1,1,1
42,2,531,323,25,23,1,1,1
43,2,530,327,25,24,1,1,1
44,2,529,331,25,25,1,1,1
45,2,527,336,25,26,1,1,1
46,2,525,341,26,27,1,1,1
47,2,524,346,26,28,1,1,1
48,2,523,352,26,29,1,1,1
49,2,522,358,26,30,1,1,1
50,2,521,364,26,31,1,1,1
51,2,521,370,25,32,1,1,1
52,2,518,376,26,33,1,1,1
53,2,516,383,27,33,1,1,1
54,2,514,390,28,33,1,1,1
55,2,512,396,28,35,1,1,1
56,2,510,403,29,37,1,1,1
57,2,509,410,29,39,1,1,1
58,2,506,418,30,40,1,1,1
59,2,503,427,31,40,1,1,1
60,2,501,436,31,40,1,1,1
61,2,498,445,31,41,1,1,1
62,2,495,455,32,41,1,1,1
63,2,493,465,32,42,1,1,1
64,2,490,474,32,43,1,1,1
65,2,487,484,33,43,1,1,1
1,3,602,207,15,13,1,1,1
2,3,600,208,15,13,1,1,1
3,3,599,209,15,14,1,1,1
4,3,598,210,15,14,1,1,1
5,3,597,211,15,15,1,1,1
6,3,596,212,15,15,1,1,1
7,3,595,214,15,15,1,1,1
8,3,592,215,15,15,1,1,1
9,3,590,216,15,15,1,1,1
10,3,587,217,16,15,1,1,1
11,3,585,219,16,14,1,1,1
12,3,583,220,16,14,1,1,1
13,3,581,222,16,14,1,1,1
14,3,579,224,16,14,1,1,1
15,3,576,225,16,14,1,1,1
16,3,573,226,16,14,1,1,1
17,3,571,228,16,14,1,1,1
18,3,568,229,16,14,1,1,1
19,3,565,231,17,13,1,1,1
20,3,563,233,17,13,1,1,1
21,3,560,234,18,14,1,1,1
22,3,558,235,18,15,1,1,1
23,3,556,237,19,15,1,1,1
24,3,554,239,18,15,1,1,1
25,3,552,241,18,16,1,1,1
26,3,550,243,18,17,1,1,1
27,3,548,245,18,17,1,1,1
28,3,546,247,18,17,1,1,1
29,3,544,250,19,17,1,1,1
30,3,542,252,19,17,1,1,1
31,3,540,254,19,18,1,1,1
32,3,538,257,20,18,1,1,1
33,3,535,260,20,18,1,1,1
34,3,533,263,20,18,1,1,1
35,3,531,267,20,18,1,1,1
36,3,529,269,20,18,1,1,1
37,3,527,271,20,19,1,1,1
38,3,525,274,21,19,1,1,1
39,3,523,277,22,19,1,1,1
40,3,522,280,23,20,1,1,1
41,3,521,284,24,20,1,1,1
42,3,520,286,23,22,1,1,1
43,3,519,289,23,23,1,1,1
44,3,518,292,23,24,1,1,1
45,3,516,296,23,24,1,1,1
46,3,514,300,23,24,1,1,1
47,3,513,304,22,25,1,1,1
48,3,511,308,23,24,1,1,1
49,3,510,312,23,24,1,1,1
50,3,508,316,24,24,1,1,1
51,3,507,320,24,24,1,1,1
52,3,505,324,25,25,1,1,1
53,3,504,328,25,26,1,1,1
54,3,503,332,26,28,1,1,1
55,3,500,337,27,28,1,1,1
56,3,498,342,27,28,1,1,1
57,3,496,348,28,27,1,1,1
58,3,494,352,28,29,1,1,1
59,3,493,356,27,32,1,1,1
60,3,492,361,27,34,1,1,1
61,3,489,367,27,34,1,1,1
62,3,486,373,28,35,1,1,1
63,3,483,379,29,36,1,1,1
64,3,481,386,29,36,1,1,1
65,3,478,392,30,37,1,1,1
66,3,475,398,31,38,1,1,1
67,3,473,405,31,38,1,1,1
68,3,470,412,32,39,1,1,1
69,3,467,419,33,40,1,1,1
70,3,465,427,34,40,1,1,1
71,3,461,435,35,42,1,1,1
72,3,458,443,36,44,1,1,1
73,3,455,451,37,46,1,1,1
74,3,452,461,36,46,1,1,1
75,3,449,471,36,46,1,1,1
76,3,446,481,36,46,1,1,1
1,4,643,199,13,13,1,1,1
2,4,642,200,13,12,1,1,1
3,4,641,201,13,12,1,1,1
4,4,641,202,12,12,1,1,1
5,4,640,203,12,12,1,1,1
6,4,639,204,12,12,1,1,1
7,4,639,206,12,11,1,1,1
8,4,637,206,12,12,1,1,1
9,4,635,207,12,12,1,1,1
10,4,633,208,12,12,1,1,1
11,4,631,209,13,13,1,1,1
12,4,628,210,13,13,1,1,1
13,4,626,211,13,13,1,1,1
14,4,624,212,13,13,1,1,1
15,4,622,213,13,13,1,1,1
16,4,620,214,13,13,1,1,1
17,4,618,216,13,13,1,1,1
18,4,615,217,14,13,1,1,1
19,4,612,218,15,13,1,1,1
20,4,609,220,16,12,1,1,1
21,4,607,221,16,12,1,1,1
22,4,605,223,16,12,1,1,1
23,4,604,225,16,12,1,1,1
24,4,602,226,16,12,1,1,1
25,4,600,227,16,12,1,1,1
26,4,599,229,16,12,1,1,1
27,4,597,231,16,12,1,1,1
28,4,595,233,16,12,1,1,1
29,4,594,235,16,12,1,1,1
30,4,592,237,16,12,1,1,1
31,4,591,239,16,12,1,1,1
32,4,590,241,16,12,1,1,1
33,4,588,242,16,13,1,1,1
34,4,586,244,16,13,1,1,1
35,4,584,246,17,13,1,1,1
36,4,582,248,17,13,1,1,1
37,4,581,250,17,14,1,1,1
38,4,580,253,17,14,1,1,1
39,4,579,255,17,14,1,1,1
40,4,578,258,17,14,1,1,1
41,4,577,261,17,14,1,1,1
42,4,576,262,18,15,1,1,1
43,4,575,264,19,15,1,1,1
44,4,574,266,20,16,1,1,1
45,4,573,269,20,16,1,1,1
46,4,573,272,20,16,1,1,1
47,4,573,275,20,16,1,1,1
48,4,572,278,20,16,1,1,1
49,4,571,281,20,16,1,1,1
50,4,570,284,20,16,1,1,1
51,4,570,287,19,17,1,1,1
52,4,569,290,19,17,1,1,1
53,4,568,293,19,17,1,1,1
54,4,568,296,18,18,1,1,1
55,4,567,299,18,18,1,1,1
56,4,566,302,19,19,1,1,1
57,4,565,305,20,20,1,1,1
58,4,563,308,21,20,1,1,1
59,4,562,312,21,19,1,1,1
60,4,561,316,21,19,1,1,1
61,4,559,320,22,19,1,1,1
62,4,558,324,22,20,1,1,1
63,4,557,328,22,20,1,1,1
64,4,556,332,22,21,1,1,1
65,4,555,336,22,21,1,1,1
66,4,554,340,22,22,1,1,1
67,4,553,344,22,23,1,1,1
68,4,551,348,22,24,1,1,1
69,4,549,353,23,24,1,1,1
70,4,548,358,23,24,1,1,1
71,4,547,362,24,25,1,1,1
72,4,546,366,25,26,1,1,1
73,4,545,371,26,26,1,1,1
74,4,543,376,26,28,1,1,1
75,4,542,382,26,29,1,1,1
76,4,541,388,26,30,1,1,1
77,4,539,394,27,30,1,1,1
78,4,538,400,27,30,1,1,1
79,4,537,406,27,31,1,1,1
80,4,535,412,27,33,1,1,1
81,4,534,418,27,35,1,1,1
82,4,533,425,27,36,1,1,1
83,4,531,433,27,36,1,1,1
84,4,529,441,28,37,1,1,1
85,4,528,449,28,38,1,1,1
86,4,526,458,28,37,1,1,1
87,4,525,468,28,36,1,1,1
88,4,523,478,29,35,1,1,1
89,4,522,487,29,34,1,1,1
90,4,520,497,30,33,1,1,1
1,5,660,188,13,12,1,1,1
2,5,659,188,13,12,1,1,1
3,5,658,189,13,12,1,1,1
4,5,657,190,13,12,1,1,1
5,5,656,191,13,12,1,1,1
6,5,655,192,13,12,1,1,1
7,5,654,193,13,12,1,1,1
8,5,652,193,13,13,1,1,1
9,5,651,194,13,13,1,1,1
10,5,649,195,14,13,1,1,1
11,5,648,196,14,13,1,1,1
12,5,645,196,14,13,1,1,1
13,5,643,197,14,13,1,1,1
14,5,641,198,14,13,1,1,1
15,5,638,199,14,13,1,1,1
16,5,636,200,14,13,1,1,1
17,5,634,202,14,13,1,1,1
18,5,632,202,14,13,1,1,1
19,5,630,203,14,13,1,1,1
20,5,628,204,14,13,1,1,1
21,5,626,205,14,13,1,1,1
22,5,624,206,14,13,1,1,1
23,5,622,208,14,13,1,1,1
24,5,620,209,14,13,1,1,1
25,5,619,210,14,13,1,1,1
26,5,618,212,14,13,1,1,1
27,5,616,213,15,13,1,1,1
28,5,615,214,15,13,1,1,1
29,5,614,215,15,14,1,1,1
30,5,612,216,15,14,1,1,1
31,5,610,217,15,14,1,1,1
32,5,609,219,15,14,1,1,1
33,5,607,220,15,15,1,1,1
34,5,605,222,16,15,1,1,1
35,5,604,224,16,15,1,1,1
36,5,603,226,16,15,1,1,1
37,5,603,229,16,15,1,1,1
38,5,603,232,16,15,1,1,1
39,5,601,233,17,15,1,1,1
40,5,600,234,17,15,1,1,1
41,5,599,235,17,16,1,1,1
42,5,598,237,17,16,1,1,1
43,5,597,239,17,16,1,1,1
44,5,596,242,18,16,1,1,1
45,5,596,244,18,16,1,1,1
46,5,596,246,18,16,1,1,1
47,5,596,249,18,16,1,1,1
48,5,595,251,18,16,1,1,1
49,5,594,253,18,16,1,1,1
50,5,593,255,18,16,1,1,1
51,5,592,257,19,17,1,1,1
52,5,592,259,18,18,1,1,1
53,5,592,262,18,18,1,1,1
54,5,592,265,18,18,1,1,1
55,5,591,267,18,18,1,1,1
56,5,590,269,18,18,1,1,1
57,5,590,272,18,18,1,1,1
58,5,589,275,18,18,1,1,1
59,5,588,278,19,18,1,1,1
60,5,587,281,20,18,1,1,1
61,5,586,284,20,18,1,1,1
62,5,585,287,20,18,1,1,1
63,5,584,290,20,18,1,1,1
64,5,583,293,21,19,1,1,1
65,5,582,296,21,19,1,1,1
66,5,581,299,21,19,1,1,1
67,5,581,302,21,20,1,1,1
68,5,580,305,21,21,1,1,1
69,5,579,309,22,21,1,1,1
70,5,578,313,23,22,1,1,1
71,5,577,316,23,23,1,1,1
72,5,576,320,23,23,1,1,1
73,5,576,324,22,24,1,1,1
74,5,575,328,22,24,1,1,1
75,5,574,333,22,24,1,1,1
76,5,574,338,22,24,1,1,1
77,5,573,341,23,25,1,1,1
78,5,572,344,24,26,1,1,1
79,5,572,348,24,26,1,1,1
80,5,571,353,24,27,1,1,1
81,5,570,358,24,28,1,1,1
82,5,569,364,25,28,1,1,1
83,5,568,369,25,29,1,1,1
84,5,567,374,26,30,1,1,1
85,5,567,380,26,31,1,1,1
86,5,566,386,26,32,1,1,1
87,5,565,393,26,33,1,1,1
88,5,564,400,26,34,1,1,1
89,5,563,406,26,35,1,1,1
90,5,562,413,26,36,1,1,1
91,5,561,420,26,37,1,1,1
92,5,561,427,26,38,1,1,1
93,5,559,434,27,39,1,1,1
94,5,557,442,28,40,1,1,1
95,5,555,450,29,41,1,1,1
96,5,552,459,29,40,1,1,1
97,5,550,468,29,39,1,1,1
98,5,547,478,29,37,1,1,1
99,5,545,487,29,36,1,1,1
100,5,542,496,29,35,3,1,1
1,6,652,181,13,13,1,1,1
2,6,651,181,13,13,1,1,1
3,6,650,182,13,13,1,1,1
4,6,649,183,13,13,1,1,1
5,6,648,184,13,12,1,1,1
6,6,647,185,13,12,1,1,1
7,6,647,186,12,12,1,1,1
8,6,645,187,12,11,1,1,1
9,6,643,188,13,11,1,1,1
10,6,641,189,13,11,1,1,1
11,6,639,190,14,11,1,1,1
12,6,636,190,14,12,1,1,1
13,6,633,191,14,12,1,1,1
14,6,631,192,13,12,1,1,1
15,6,628,192,13,12,1,1,1
16,6,626,193,13,12,1,1,1
17,6,624,194,13,12,1,1,1
18,6,621,195,13,12,1,1,1
19,6,618,196,13,12,1,1,1
20,6,616,198,13,12,1,1,1
21,6,614,199,13,12,1,1,1
22,6,612,200,13,12,1,1,1
23,6,611,202,13,12,1,1,1
24,6,609,203,13,12,1,1,1
25,6,607,204,13,12,1,1,1
26,6,605,205,13,12,1,1,1
27,6,603,206,13,12,1,1,1
28,6,601,207,14,12,1,1,1
29,6,600,209,14,12,1,1,1
30,6,598,210,14,12,1,1,1
31,6,596,211,14,12,1,1,1
32,6,595,213,14,12,1,1,1
33,6,592,215,15,12,1,1,1
34,6,590,217,15,12,1,1,1
35,6,588,219,15,12,1,1,1
36,6,587,221,15,12,1,1,1
37,6,586,223,15,12,1,1,1
38,6,585,225,16,13,1,1,1
39,6,584,226,15,14,1,1,1
40,6,583,228,15,14,1,1,1
41,6,583,230,14,14,1,1,1
42,6,581,232,15,14,1,1,1
43,6,580,234,15,14,1,1,1
44,6,579,236,15,14,1,1,1
45,6,578,237,16,15,1,1,1
46,6,577,239,17,15,1,1,1
47,6,577,241,18,16,1,1,1
48,6,576,243,18,16,1,1,1
49,6,575,246,18,16,1,1,1
50,6,574,248,18,16,1,1,1
51,6,573,251,18,16,1,1,1
52,6,572,253,18,16,1,1,1
53,6,571,255,18,17,1,1,1
54,6,570,257,18,18,1,1,1
55,6,569,259,18,18,1,1,1
56,6,568,262,19,17,1,1,1
57,6,567,265,20,17,1,1,1
58,6,565,268,20,17,1,1,1
59,6,564,271,20,17,1,1,1
60,6,563,275,20,17,1,1,1
61,6,561,277,20,18,1,1,1
62,6,560,280,20,18,1,1,1
63,6,559,283,20,18,1,1,1
64,6,557,286,20,19,1,1,1
65,6,556,289,20,19,1,1,1
66,6,555,292,20,19,1,1,1
67,6,554,295,20,20,1,1,1
68,6,552,298,21,21,1,1,1
69,6,550,301,22,22,1,1,1
70,6,549,305,22,22,1,1,1
71,6,547,308,23,23,1,1,1
72,6,546,312,23,23,1,1,1
73,6,545,316,23,23,1,1,1
74,6,543,320,23,23,1,1,1
75,6,541,324,23,24,1,1,1
76,6,540,328,22,25,1,1,1
77,6,538,333,23,24,1,1,1
78,6,537,338,23,24,1,1,1
79,6,536,343,23,24,1,1,1
80,6,534,348,23,24,1,1,1
81,6,532,353,24,25,1,1,1
82,6,530,358,25,26,1,1,1
83,6,528,363,25,27,1,1,1
84,6,526,368,26,28,1,1,1
85,6,525,374,26,29,1,1,1
86,6,522,380,27,30,1,1,1
87,6,520,387,27,31,1,1,1
88,6,518,394,27,32,1,1,1
89,6,515,400,28,33,1,1,1
90,6,513,407,28,34,1,1,1
91,6,511,414,28,35,1,1,1
92,6,509,421,29,36,1,1,1
93,6,506,429,30,38,1,1,1
94,6,503,437,31,40,1,1,1
95,6,501,446,31,42,1,1,1
96,6,497,455,31,41,1,1,1
97,6,493,465,31,40,1,1,1
98,6,489,474,31,39,1,1,1
99,6,485,484,31,38,1,1,1
100,6,481,493,31,37,3,1,1
79,7,607,215,15,13,1,1,1
80,7,606,216,15,13,1,1,1
81,7,605,218,15,13,1,1,1
82,7,605,220,15,13,1,1,1
83,7,604,221,15,13,1,1,1
84,7,603,222,15,13,1,1,1
85,7,603,224,15,13,1,1,1
86,7,602,225,15,13,1,1,1
87,7,601,227,15,13,1,1,1
88,7,600,228,15,14,1,1,1
89,7,599,230,15,14,1,1,1
90,7,598,231,15,15,1,1,1
91,7,597,233,15,15,1,1,1
92,7,596,235,15,15,1,1,1
93,7,594,237,16,15,1,1,1
94,7,593,239,16,15,1,1,1
95,7,592,242,16,14,1,1,1
96,7,589,243,16,15,1,1,1
97,7,587,245,16,15,1,1,1
98,7,584,247,16,15,1,1,1
99,7,582,248,16,16,1,1,1
100,7,579,250,16,16,1,1,1
101,7,577,252,16,16,1,1,1
102,7,575,254,16,16,1,1,1
103,7,571,256,16,16,1,1,1
104,7,568,258,16,16,1,1,1
105,7,565,261,16,16,1,1,1
106,7,562,263,16,16,1,1,1
107,7,559,265,16,16,1,1,1
108,7,557,267,15,17,1,1,1
109,7,553,270,16,16,1,1,1
110,7,550,273,16,16,1,1,1
111,7,547,276,17,16,1,1,1
112,7,544,278,17,16,1,1,1
113,7,541,280,17,17,1,1,1
114,7,538,282,17,18,1,1,1
115,7,535,284,17,19,1,1,1
116,7,532,287,18,19,1,1,1
117,7,529,289,18,20,1,1,1
118,7,526,292,18,20,1,1,1
119,7,523,295,18,20,1,1,1
120,7,520,298,18,20,1,1,1
121,7,518,301,17,20,1,1,1
122,7,515,304,17,19,1,1,1
123,7,512,307,18,19,1,1,1
124,7,510,310,18,19,1,1,1
125,7,507,312,19,20,1,1,1
126,7,505,315,19,20,1,1,1
127,7,503,318,19,21,1,1,1
128,7,501,320,18,22,1,1,1
129,7,499,323,18,22,1,1,1
130,7,497,326,18,23,1,1,1
131,7,495,329,18,23,1,1,1
132,7,493,333,18,23,1,1,1
133,7,491,337,18,23,1,1,1
134,7,489,340,18,23,1,1,1
135,7,487,343,18,24,1,1,1
136,7,485,347,19,24,1,1,1
137,7,483,351,19,23,1,1,1
138,7,481,355,19,23,1,1,1
139,7,479,359,20,23,1,1,1
140,7,477,362,20,25,1,1,1
141,7,475,365,20,27,1,1,1
142,7,474,368,19,29,1,1,1
143,7,471,372,20,29,1,1,1
144,7,469,376,20,29,1,1,1
145,7,467,381,21,28,1,1,1
146,7,465,385,21,29,1,1,1
147,7,463,390,22,29,1,1,1
148,7,461,394,22,30,1,1,1
149,7,459,399,23,30,1,1,1
150,7,457,403,23,31,1,1,1
151,7,455,408,23,32,1,1,1
152,7,453,413,23,33,1,1,1
153,7,452,418,23,34,1,1,1
154,7,450,423,23,35,1,1,1
155,7,448,429,23,35,1,1,1
156,7,446,434,23,36,1,1,1
157,7,444,440,24,36,1,1,1
158,7,441,446,25,37,1,1,1
159,7,439,452,25,39,1,1,1
160,7,437,458,25,40,1,1,1
161,7,435,465,25,41,1,1,1
162,7,432,472,26,40,1,1,1
163,7,430,479,26,39,1,1,1
164,7,427,486,28,39,1,1,1
165,7,425,493,28,38,1,1,1
111,8,603,228,15,15,1,1,1
112,8,600,229,15,15,1,1,1
113,8,597,230,15,15,1,1,1
114,8,594,231,15,15,1,1,1
115,8,591,232,15,15,1,1,1
116,8,588,234,15,15,1,1,1
117,8,585,235,15,15,1,1,1
118,8,583,237,14,14,1,1,1
119,8,580,238,15,15,1,1,1
120,8,578,240,14,14,1,1,1
121,8,576,242,14,14,1,1,1
122,8,573,243,14,14,1,1,1
123,8,571,244,14,15,1,1,1
124,8,569,246,14,15,1,1,1
125,8,567,247,14,15,1,1,1
126,8,565,249,14,15,1,1,1
127,8,563,251,14,15,1,1,1
128,8,561,252,14,15,1,1,1
129,8,559,254,14,15,1,1,1
130,8,557,256,15,15,1,1,1
131,8,555,257,15,15,1,1,1
132,8,554,259,15,15,1,1,1
133,8,553,261,15,15,1,1,1
134,8,551,263,15,15,1,1,1
135,8,550,265,15,15,1,1,1
136,8,549,267,15,15,1,1,1
137,8,547,268,15,15,1,1,1
138,8,545,270,16,15,1,1,1
139,8,544,272,16,15,1,1,1
140,8,542,273,16,16,1,1,1
141,8,541,275,16,16,1,1,1
142,8,540,277,16,16,1,1,1
143,8,538,279,17,16,1,1,1
144,8,537,281,17,16,1,1,1
145,8,536,283,17,17,1,1,1
146,8,534,284,18,18,1,1,1
147,8,533,286,18,18,1,1,1
148,8,532,288,18,18,1,1,1
149,8,531,290,18,18,1,1,1
150,8,530,292,18,18,1,1,1
151,8,529,294,18,19,1,1,1
152,8,528,296,18,19,1,1,1
153,8,528,299,17,19,1,1,1
154,8,526,301,18,19,1,1,1
155,8,525,303,18,19,1,1,1
156,8,524,305,18,19,1,1,1
157,8,523,308,19,19,1,1,1
158,8,522,310,19,20,1,1,1
159,8,521,313,19,20,1,1,1
160,8,520,316,19,20,1,1,1
161,8,519,319,20,21,1,1,1
162,8,517,321,21,22,1,1,1
163,8,516,324,21,22,1,1,1
164,8,515,327,21,22,1,1,1
165,8,514,329,21,23,1,1,1
166,8,513,332,21,23,1,1,1
167,8,512,335,21,23,1,1,1
168,8,511,338,22,23,1,1,1
169,8,510,340,22,24,1,1,1
170,8,509,343,22,25,1,1,1
171,8,508,346,22,25,1,1,1
172,8,508,349,21,26,1,1,1
173,8,507,352,21,26,1,1,1
174,8,506,356,22,26,1,1,1
175,8,505,359,22,26,1,1,1
176,8,504,363,23,26,1,1,1
177,8,502,366,24,27,1,1,1
178,8,501,370,24,28,1,1,1
179,8,500,374,24,28,1,1,1
180,8,499,378,25,29,1,1,1
181,8,498,382,24,30,1,1,1
182,8,497,387,24,30,1,1,1
183,8,496,392,24,30,1,1,1
184,8,495,397,24,30,1,1,1
185,8,494,401,24,31,1,1,1
186,8,493,405,24,32,1,1,1
187,8,492,409,24,33,1,1,1
188,8,491,414,25,34,1,1,1
189,8,490,419,25,35,1,1,1
190,8,489,425,25,36,1,1,1
191,8,488,431,25,37,1,1,1
192,8,487,437,26,38,1,1,1
193,8,485,443,27,39,1,1,1
194,8,483,449,28,40,1,1,1
195,8,481,455,29,42,1,1,1
196,8,479,462,29,41,1,1,1
197,8,477,470,30,40,1,1,1
198,8,475,477,31,40,1,1,1
199,8,473,485,31,39,1,1,1
200,8,471,492,32,39,1,1,1
116,9,612,225,13,11,1,1,1
117,9,609,226,13,11,1,1,1
118,9,607,227,13,11,1,1,1
119,9,605,228,13,11,1,1,1
120,9,603,229,13,11,1,1,1
121,9,601,230,13,11,1,1,1
122,9,598,232,13,11,1,1,1
123,9,596,234,13,11,1,1,1
124,9,594,236,13,11,1,1,1
125,9,592,237,13,11,1,1,1
126,9,591,238,13,11,1,1,1
127,9,590,239,13,11,1,1,1
128,9,588,240,13,11,1,1,1
129,9,586,241,13,11,1,1,1
130,9,584,243,13,11,1,1,1
131,9,582,244,13,11,1,1,1
132,9,581,245,13,11,1,1,1
133,9,580,247,13,11,1,1,1
134,9,578,248,13,11,1,1,1
135,9,577,249,13,12,1,1,1
136,9,576,250,13,13,1,1,1
137,9,575,251,13,13,1,1,1
138,9,574,253,13,13,1,1,1
139,9,573,255,13,13,1,1,1
140,9,571,256,13,13,1,1,1
141,9,569,257,13,13,1,1,1
142,9,568,259,13,13,1,1,1
143,9,567,260,13,13,1,1,1
144,9,566,262,13,13,1,1,1
145,9,566,264,13,13,1,1,1
146,9,565,265,13,13,1,1,1
147,9,564,267,13,13,1,1,1
148,9,563,269,13,13,1,1,1
149,9,562,271,13,13,1,1,1
150,9,561,272,13,13,1,1,1
151,9,560,274,13,13,1,1,1
152,9,559,276,13,13,1,1,1
153,9,558,278,13,13,1,1,1
154,9,557,279,13,13,1,1,1
155,9,556,281,14,13,1,1,1
156,9,555,282,15,13,1,1,1
157,9,555,284,15,13,1,1,1
158,9,554,285,15,14,1,1,1
159,9,553,287,15,14,1,1,1
160,9,552,289,15,14,1,1,1
161,9,552,291,14,15,1,1,1
162,9,551,292,14,16,1,1,1
163,9,550,294,14,16,1,1,1
164,9,549,296,15,16,1,1,1
165,9,549,298,14,16,1,1,1
166,9,548,300,15,16,1,1,1
167,9,547,302,15,16,1,1,1
168,9,547,304,15,17,1,1,1
169,9,546,306,15,17,1,1,1
170,9,545,308,16,17,1,1,1
171,9,544,310,17,17,1,1,1
172,9,544,313,17,16,1,1,1
173,9,543,316,17,16,1,1,1
174,9,543,319,17,16,1,1,1
175,9,543,322,16,16,1,1,1
176,9,543,325,16,17,1,1,1
177,9,542,327,16,17,1,1,1
178,9,541,329,17,18,1,1,1
179,9,540,331,17,18,1,1,1
180,9,540,334,17,18,1,1,1
181,9,539,336,17,19,1,1,1
182,9,538,339,18,19,1,1,1
183,9,537,341,18,20,1,1,1
184,9,537,344,18,21,1,1,1
185,9,536,347,18,21,1,1,1
186,9,536,350,18,21,1,1,1
187,9,535,353,19,21,1,1,1
188,9,535,356,19,22,1,1,1
189,9,534,359,19,23,1,1,1
190,9,533,363,19,23,1,1,1
191,9,532,366,19,24,1,1,1
192,9,532,370,18,25,1,1,1
193,9,531,373,19,26,1,1,1
194,9,531,377,20,26,1,1,1
195,9,531,381,21,27,1,1,1
196,9,530,385,21,28,1,1,1
197,9,529,390,21,28,1,1,1
198,9,528,394,21,29,1,1,1
199,9,527,399,21,29,1,1,1
200,9,526,403,21,30,1,1,1
201,9,525,408,21,30,1,1,1
202,9,525,413,20,30,1,1,1
203,9,523,418,22,30,1,1,1
204,9,522,423,23,31,1,1,1
205,9,521,429,24,31,1,1,1
206,9,519,434,25,33,1,1,1
207,9,518,440,26,34,1,1,1
208,9,517,446,26,35,1,1,1
209,9,516,452,27,36,1,1,1
210,9,515,459,26,36,1,1,1
211,9,514,466,26,36,1,1,1
212,9,513,474,26,35,1,1,1
213,9,513,481,24,35,1,1,1
214,9,512,489,24,34,1,1,1
215,9,511,496,24,34,1,1,1
188,10,558,255,17,15,1,1,1
189,10,557,256,17,15,1,1,1
190,10,557,257,17,15,1,1,1
191,10,557,258,17,15,1,1,1
192,10,557,260,17,15,1,1,1
193,10,556,261,17,15,1,1,1
194,10,556,263,17,15,1,1,1
195,10,556,265,17,15,1,1,1
196,10,555,266,17,15,1,1,1
197,10,554,267,17,15,1,1,1
198,10,553,269,17,15,1,1,1
199,10,552,270,17,15,1,1,1
200,10,551,272,17,15,1,1,1
201,10,550,273,17,15,1,1,1
202,10,550,275,17,15,1,1,1
203,10,549,276,17,15,1,1,1
204,10,548,277,17,16,1,1,1
205,10,548,279,17,16,1,1,1
206,10,547,280,17,17,1,1,1
207,10,547,282,17,17,1,1,1
208,10,547,284,17,17,1,1,1
209,10,547,286,17,17,1,1,1
210,10,546,287,17,17,1,1,1
211,10,545,289,17,17,1,1,1
212,10,545,291,17,17,1,1,1
213,10,544,293,17,17,1,1,1
214,10,543,294,17,17,1,1,1
215,10,543,296,17,17,1,1,1
216,10,542,298,17,17,1,1,1
217,10,541,300,17,17,1,1,1
218,10,541,302,17,17,1,1,1
219,10,540,304,17,17,1,1,1
220,10,539,307,18,17,1,1,1
221,10,538,309,18,17,1,1,1
222,10,537,312,19,17,1,1,1
223,10,536,314,19,17,1,1,1
224,10,536,316,18,18,1,1,1
225,10,535,318,18,19,1,1,1
226,10,535,320,18,20,1,1,1
227,10,534,322,18,20,1,1,1
228,10,533,324,19,20,1,1,1
229,10,532,327,19,19,1,1,1
230,10,531,329,20,19,1,1,1
231,10,531,332,20,19,1,1,1
232,10,530,334,20,20,1,1,1
233,10,529,337,21,21,1,1,1
234,10,528,340,21,21,1,1,1
235,10,528,343,21,22,1,1,1
236,10,527,345,20,23,1,1,1
237,10,526,348,20,23,1,1,1
238,10,525,351,20,23,1,1,1
239,10,524,354,20,23,1,1,1
240,10,523,357,20,24,1,1,1
241,10,521,360,21,25,1,1,1
242,10,520,364,21,25,1,1,1
243,10,518,367,22,26,1,1,1
244,10,517,371,23,26,1,1,1
245,10,515,375,24,26,1,1,1
246,10,514,379,24,26,1,1,1
247,10,513,383,25,27,1,1,1
248,10,512,387,25,27,1,1,1
249,10,511,391,26,28,1,1,1
250,10,509,395,26,28,1,1,1
251,10,508,399,26,29,1,1,1
252,10,506,403,27,30,1,1,1
253,10,505,407,27,31,1,1,1
254,10,504,412,27,31,1,1,1
255,10,504,417,26,32,1,1,1
256,10,503,422,26,33,1,1,1
257,10,503,427,26,34,1,1,1
258,10,501,432,26,35,1,1,1
259,10,499,438,27,36,1,1,1
260,10,497,443,28,37,1,1,1
261,10,496,449,28,38,1,1,1
262,10,494,455,28,39,1,1,1
263,10,492,462,28,40,1,1,1
264,10,490,469,28,41,1,1,1
265,10,488,476,28,41,1,1,1
266,10,486,484,29,40,1,1,1
267,10,484,492,29,39,1,1,1
188,11,583,247,15,13,1,1,1
189,11,583,248,15,13,1,1,1
190,11,583,250,15,13,1,1,1
191,11,583,251,15,13,1,1,1
192,11,583,253,15,13,1,1,1
193,11,582,254,15,13,1,1,1
194,11,581,255,15,13,1,1,1
195,11,581,256,15,13,1,1,1
196,11,580,257,15,13,1,1,1
197,11,579,258,15,13,1,1,1
198,11,578,260,15,13,1,1,1
199,11,578,261,15,13,1,1,1
200,11,577,263,15,13,1,1,1
201,11,576,264,15,13,1,1,1
202,11,576,266,15,13,1,1,1
203,11,575,267,15,13,1,1,1
204,11,575,269,15,12,1,1,1
205,11,575,271,15,12,1,1,1
206,11,574,272,16,13,1,1,1
207,11,574,274,16,13,1,1,1
208,11,574,275,16,14,1,1,1
209,11,574,277,16,14,1,1,1
210,11,573,278,16,14,1,1,1
211,11,572,280,16,14,1,1,1
212,11,572,282,16,14,1,1,1
213,11,571,284,16,14,1,1,1
214,11,570,285,17,15,1,1,1
215,11,570,287,16,15,1,1,1
216,11,569,289,17,15,1,1,1
217,11,568,291,17,15,1,1,1
218,11,568,293,17,15,1,1,1
219,11,567,295,17,15,1,1,1
220,11,567,297,17,15,1,1,1
221,11,566,299,18,15,1,1,1
222,11,566,301,18,16,1,1,1
223,11,565,303,18,16,1,1,1
224,11,565,306,18,16,1,1,1
225,11,564,308,18,16,1,1,1
226,11,564,311,18,16,1,1,1
227,11,563,313,18,16,1,1,1
228,11,563,315,18,17,1,1,1
229,11,563,317,17,18,1,1,1
230,11,563,319,17,19,1,1,1
231,11,563,322,17,19,1,1,1
232,11,562,324,17,19,1,1,1
233,11,561,327,18,19,1,1,1
234,11,560,330,19,18,1,1,1
235,11,560,333,19,18,1,1,1
236,11,559,336,19,18,1,1,1
237,11,558,339,19,18,1,1,1
238,11,557,342,19,18,1,1,1
239,11,556,345,19,18,1,1,1
240,11,556,348,19,19,1,1,1
241,11,555,351,19,20,1,1,1
242,11,554,354,19,21,1,1,1
243,11,553,357,19,22,1,1,1
244,11,553,361,19,22,1,1,1
245,11,552,365,19,22,1,1,1
246,11,551,369,20,22,1,1,1
247,11,550,373,20,22,1,1,1
248,11,549,377,21,22,1,1,1
249,11,549,381,21,23,1,1,1
250,11,547,385,22,24,1,1,1
251,11,546,389,22,25,1,1,1
252,11,544,393,23,26,1,1,1
253,11,543,397,23,27,1,1,1
254,11,542,402,23,27,1,1,1
255,11,542,407,23,27,1,1,1
256,11,541,412,24,27,1,1,1
257,11,541,418,24,27,1,1,1
258,11,540,423,24,28,1,1,1
259,11,539,429,25,29,1,1,1
260,11,538,434,25,31,1,1,1
261,11,537,440,26,32,1,1,1
262,11,536,447,25,32,1,1,1
263,11,535,454,25,33,1,1,1
264,11,534,461,25,34,1,1,1
265,11,532,468,26,33,1,1,1
266,11,531,476,26,31,1,1,1
267,11,530,483,26,30,1,1,1
268,11,528,491,27,29,1,1,1
269,11,527,498,27,28,1,1,1
270,11,526,506,27,26,1,1,1
249,14,584,277,14,13,1,1,1
250,14,583,278,14,13,1,1,1
251,14,582,280,15,13,1,1,1
252,14,581,282,16,13,1,1,1
253,14,581,284,16,13,1,1,1
254,14,581,285,16,13,1,1,1
255,14,581,286,16,13,1,1,1
256,14,581,287,16,13,1,1,1
257,14,582,289,16,13,1,1,1
258,14,581,290,16,14,1,1,1
259,14,581,292,15,14,1,1,1
260,14,580,294,15,14,1,1,1
261,14,580,296,15,14,1,1,1
262,14,579,298,15,14,1,1,1
263,14,579,300,15,14,1,1,1
264,14,579,302,15,14,1,1,1
265,14,578,303,15,15,1,1,1
266,14,577,305,16,15,1,1,1
267,14,577,307,15,15,1,1,1
268,14,576,309,16,15,1,1,1
269,14,576,311,16,16,1,1,1
270,14,575,313,16,16,1,1,1
271,14,574,316,16,16,1,1,1
272,14,573,319,16,16,1,1,1
273,14,572,321,16,16,1,1,1
274,14,571,323,17,16,1,1,1
275,14,570,325,18,16,1,1,1
276,14,570,328,18,16,1,1,1
277,14,569,330,18,16,1,1,1
278,14,568,332,18,17,1,1,1
279,14,567,334,18,18,1,1,1
280,14,566,336,18,19,1,1,1
281,14,566,339,18,19,1,1,1
282,14,565,342,18,19,1,1,1
283,14,565,346,18,19,1,1,1
284,14,564,349,18,19,1,1,1
285,14,564,353,18,19,1,1,1
286,14,562,355,19,20,1,1,1
287,14,561,358,19,20,1,1,1
288,14,560,360,19,21,1,1,1
289,14,559,363,20,21,1,1,1
290,14,558,366,20,21,1,1,1
291,14,558,370,20,21,1,1,1
292,14,557,374,20,21,1,1,1
293,14,557,378,20,21,1,1,1
294,14,556,381,20,22,1,1,1
295,14,555,384,21,23,1,1,1
296,14,554,387,22,24,1,1,1
297,14,554,390,22,25,1,1,1
298,14,554,394,21,25,1,1,1
299,14,554,398,21,26,1,1,1
300,14,554,402,21,27,1,1,1
301,14,554,407,21,27,1,1,1
302,14,553,411,22,27,1,1,1
303,14,552,415,23,28,1,1,1
304,14,551,420,24,28,1,1,1
305,14,551,424,24,30,1,1,1
306,14,552,429,23,31,1,1,1
307,14,553,434,23,32,1,1,1
308,14,555,439,24,33,1,1,1
309,14,558,445,24,33,1,1,1
310,14,561,451,24,33,1,1,1
311,14,564,457,24,33,1,1,1
312,14,567,462,24,34,1,1,1
313,14,570,468,24,34,1,1,1
314,14,573,474,24,34,1,1,1
315,14,576,480,24,35,1,1,1
316,14,582,486,24,36,1,1,1
317,14,588,493,25,37,1,1,1
249,15,570,272,15,13,1,1,1
250,15,569,273,15,13,1,1,1
251,15,568,275,15,13,1,1,1
252,15,567,276,15,14,1,1,1
253,15,566,278,15,14,1,1,1
254,15,565,279,15,14,1,1,1
255,15,565,281,15,14,1,1,1
256,15,565,283,15,14,1,1,1
257,15,565,285,15,14,1,1,1
258,15,564,287,15,14,1,1,1
259,15,563,289,15,14,1,1,1
260,15,562,291,15,14,1,1,1
261,15,562,293,15,14,1,1,1
262,15,561,295,15,14,1,1,1
263,15,560,297,15,14,1,1,1
264,15,559,299,15,14,1,1,1
265,15,558,301,15,14,1,1,1
266,15,557,303,15,14,1,1,1
267,15,556,305,15,14,1,1,1
268,15,555,307,15,14,1,1,1
269,15,555,309,15,15,1,1,1
270,15,553,312,16,14,1,1,1
271,15,552,315,16,14,1,1,1
272,15,551,318,16,14,1,1,1
273,15,550,320,16,14,1,1,1
274,15,549,322,16,15,1,1,1
275,15,548,324,16,15,1,1,1
276,15,547,327,16,15,1,1,1
277,15,545,329,17,16,1,1,1
278,15,544,332,17,17,1,1,1
279,15,543,335,17,17,1,1,1
280,15,542,338,17,18,1,1,1
281,15,541,341,18,19,1,1,1
282,15,539,344,18,19,1,1,1
283,15,538,347,18,20,1,1,1
284,15,536,350,19,20,1,1,1
285,15,535,354,19,20,1,1,1
286,15,533,357,20,21,1,1,1
287,15,532,361,20,21,1,1,1
288,15,531,365,20,21,1,1,1
289,15,530,369,21,21,1,1,1
290,15,528,372,21,22,1,1,1
291,15,527,376,21,23,1,1,1
292,15,526,380,20,23,1,1,1
293,15,525,384,20,24,1,1,1
294,15,523,388,21,25,1,1,1
295,15,522,393,21,25,1,1,1
296,15,520,397,22,26,1,1,1
297,15,519,402,23,26,1,1,1
298,15,517,407,24,26,1,1,1
299,15,516,412,24,27,1,1,1
300,15,515,417,24,27,1,1,1
301,15,514,422,24,28,1,1,1
302,15,513,427,25,29,1,1,1
303,15,512,433,26,30,1,1,1
304,15,511,439,27,31,1,1,1
305,15,510,444,27,33,1,1,1
306,15,510,450,26,34,1,1,1
307,15,510,456,26,35,1,1,1
308,15,510,463,27,35,1,1,1
309,15,511,470,28,36,1,1,1
310,15,512,478,29,36,1,1,1
311,15,512,485,31,36,1,1,1
312,15,513,492,32,37,1,1,1
253,16,601,251,15,14,1,1,1
254,16,600,252,15,14,1,1,1
255,16,600,254,15,14,1,1,1
256,16,599,255,15,14,1,1,1
257,16,599,257,15,14,1,1,1
258,16,598,258,15,14,1,1,1
259,16,598,259,15,14,1,1,1
260,16,597,260,15,14,1,1,1
261,16,597,262,15,14,1,1,1
262,16,596,263,15,14,1,1,1
263,16,595,264,15,14,1,1,1
264,16,595,265,15,14,1,1,1
265,16,594,266,15,14,1,1,1
266,16,593,267,15,14,1,1,1
267,16,593,269,15,14,1,1,1
268,16,592,270,15,14,1,1,1
269,16,592,272,15,14,1,1,1
270,16,591,273,15,15,1,1,1
271,16,590,275,15,15,1,1,1
272,16,590,277,14,15,1,1,1
273,16,589,278,14,16,1,1,1
274,16,589,280,14,16,1,1,1
275,16,588,281,15,17,1,1,1
276,16,588,283,15,17,1,1,1
277,16,587,285,15,17,1,1,1
278,16,586,287,15,17,1,1,1
279,16,585,289,16,17,1,1,1
280,16,584,291,16,17,1,1,1
281,16,583,294,17,16,1,1,1
282,16,582,295,17,17,1,1,1
283,16,581,297,17,17,1,1,1
284,16,580,298,17,18,1,1,1
285,16,580,300,17,18,1,1,1
286,16,579,302,17,18,1,1,1
287,16,578,305,17,18,1,1,1
288,16,577,307,17,18,1,1,1
289,16,577,310,17,18,1,1,1
290,16,576,311,17,19,1,1,1
291,16,576,313,16,20,1,1,1
292,16,575,315,16,20,1,1,1
293,16,575,317,16,21,1,1,1
294,16,574,319,16,21,1,1,1
295,16,573,322,17,21,1,1,1
296,16,572,324,17,21,1,1,1
297,16,571,327,18,21,1,1,1
298,16,571,330,18,21,1,1,1
299,16,571,333,18,21,1,1,1
300,16,571,336,18,21,1,1,1
301,16,571,339,18,21,1,1,1
302,16,571,341,18,22,1,1,1
303,16,571,344,18,22,1,1,1
304,16,571,347,19,22,1,1,1
305,16,572,350,19,22,1,1,1
306,16,573,354,19,22,1,1,1
307,16,574,358,19,22,1,1,1
308,16,576,361,20,22,1,1,1
309,16,579,364,20,23,1,1,1
310,16,581,368,21,23,1,1,1
311,16,584,371,21,23,1,1,1
312,16,586,374,22,24,1,1,1
313,16,589,378,22,24,1,1,1
314,16,593,381,22,25,1,1,1
315,16,597,385,22,26,1,1,1
316,16,602,389,22,27,1,1,1
317,16,609,394,22,27,1,1,1
318,16,616,399,23,28,1,1,1
319,16,623,404,24,29,1,1,1
320,16,631,409,25,30,1,1,1
321,16,639,414,26,31,1,1,1
322,16,648,420,26,31,1,1,1
323,16,656,425,27,32,1,1,1
324,16,664,430,28,33,1,1,1
325,16,673,436,28,33,1,1,1
253,17,584,248,14,15,1,1,1
254,17,583,250,14,14,1,1,1
255,17,583,252,13,14,1,1,1
256,17,582,254,13,13,1,1,1
257,17,582,256,13,13,1,1,1
258,17,581,257,13,13,1,1,1
259,17,581,258,13,13,1,1,1
260,17,580,259,13,13,1,1,1
261,17,580,261,13,13,1,1,1
262,17,579,262,13,13,1,1,1
263,17,578,263,13,13,1,1,1
264,17,578,264,13,13,1,1,1
265,17,577,265,13,13,1,1,1
266,17,576,267,13,13,1,1,1
267,17,576,268,13,13,1,1,1
268,17,575,270,13,13,1,1,1
269,17,575,272,13,13,1,1,1
270,17,574,273,13,13,1,1,1
271,17,573,274,13,13,1,1,1
272,17,573,276,13,13,1,1,1
273,17,572,277,13,13,1,1,1
274,17,571,279,14,13,1,1,1
275,17,570,281,14,12,1,1,1
276,17,570,283,14,12,1,1,1
277,17,569,284,14,13,1,1,1
278,17,568,285,14,14,1,1,1
279,17,567,287,14,14,1,1,1
280,17,566,288,14,15,1,1,1
281,17,566,290,13,15,1,1,1
282,17,565,292,13,15,1,1,1
283,17,564,294,13,15,1,1,1
284,17,563,296,13,15,1,1,1
285,17,563,298,13,15,1,1,1
286,17,562,299,13,15,1,1,1
287,17,561,301,14,15,1,1,1
288,17,560,302,14,16,1,1,1
289,17,560,304,14,16,1,1,1
290,17,559,306,14,16,1,1,1
291,17,558,309,14,15,1,1,1
292,17,557,311,14,15,1,1,1
293,17,556,314,15,15,1,1,1
294,17,555,315,15,16,1,1,1
295,17,554,316,16,17,1,1,1
296,17,553,317,16,18,1,1,1
297,17,552,318,17,20,1,1,1
298,17,551,321,17,20,1,1,1
299,17,551,325,17,19,1,1,1
300,17,551,329,16,18,1,1,1
301,17,551,333,16,18,1,1,1
302,17,551,333,16,20,1,1,1
303,17,551,334,17,22,1,1,1
304,17,552,335,17,24,1,1,1
305,17,552,337,17,24,1,1,1
306,17,553,340,17,24,1,1,1
307,17,554,343,17,24,1,1,1
308,17,556,346,18,24,1,1,1
309,17,558,349,19,24,1,1,1
310,17,561,352,19,24,1,1,1
311,17,563,355,20,24,1,1,1
312,17,565,358,21,24,1,1,1
313,17,568,361,21,24,1,1,1
314,17,573,365,21,24,1,1,1
315,17,578,369,21,24,1,1,1
316,17,583,374,21,24,1,1,1
317,17,589,378,22,24,1,1,1
318,17,596,382,22,25,1,1,1
319,17,603,387,22,25,1,1,1
320,17,611,391,22,26,1,1,1
321,17,620,395,22,27,1,1,1
322,17,628,400,23,27,1,1,1
323,17,637,404,23,28,1,1,1
324,17,645,408,24,29,1,1,1
325,17,654,413,24,29,1,1,1
253,18,573,230,23,24,1,1,2
254,18,572,231,23,24,1,1,2
255,18,571,233,23,24,1,1,2
256,18,570,234,23,24,1,1,2
269,18,562,247,23,27,1,1,2
270,18,561,248,23,27,1,1,2
271,18,560,249,24,28,1,1,2
272,18,559,250,25,29,1,1,2
273,18,557,251,26,29,1,1,2
274,18,556,253,26,29,1,1,2
275,18,555,254,26,29,1,1,2
276,18,554,256,26,29,1,1,2
277,18,553,257,26,30,1,1,2
278,18,552,258,26,31,1,1,2
279,18,551,259,26,32,1,1,2
280,18,550,260,26,33,1,1,2
281,18,549,262,27,33,1,1,2
282,18,548,264,27,33,1,1,2
283,18,547,266,27,33,1,1,2
284,18,546,268,27,33,1,1,2
285,18,545,271,27,33,1,1,2
286,18,543,272,29,33,1,1,2
287,18,542,273,30,34,1,1,2
288,18,541,274,31,34,1,1,2
289,18,540,275,32,35,1,1,2
290,18,539,277,32,35,1,1,2
291,18,538,280,32,35,1,1,2
292,18,537,282,32,35,1,1,2
293,18,536,285,32,35,1,1,2
294,18,535,286,32,36,1,1,2
295,18,534,287,32,38,1,1,2
296,18,533,288,32,39,1,1,2
297,18,533,290,31,40,1,1,2
298,18,532,292,31,40,1,1,2
299,18,532,294,31,41,1,1,2
300,18,531,296,32,41,1,1,2
301,18,531,298,32,42,1,1,2
302,18,530,300,33,43,1,1,2
303,18,529,303,34,43,1,1,2
304,18,529,306,34,43,1,1,2
305,18,529,307,34,44,1,1,2
306,18,529,309,34,45,1,1,2
307,18,529,311,35,46,1,1,2
308,18,530,313,36,47,1,1,2
309,18,532,316,37,48,1,1,2
310,18,534,318,38,50,1,1,2
311,18,535,321,39,50,1,1,2
312,18,537,323,40,52,1,1,2
313,18,539,326,41,53,1,1,2
314,18,544,328,41,54,1,1,2
315,18,550,331,41,55,1,1,2
316,18,556,334,41,56,1,1,2
317,18,562,337,41,57,1,1,2
318,18,568,340,41,58,1,1,2
319,18,575,343,41,59,1,1,2
320,18,582,347,42,60,1,1,2
321,18,590,352,42,60,1,1,2
322,18,598,356,42,62,1,1,2
323,18,606,361,42,62,1,1,2
324,18,614,365,42,63,1,1,2
325,18,622,370,43,64,1,1,2
253,19,606,230,12,12,1,1,1
254,19,605,231,12,12,1,1,1
255,19,605,232,12,12,1,1,1
256,19,604,233,12,12,1,1,1
269,19,599,247,12,12,1,1,1
270,19,598,248,12,12,1,1,1
271,19,597,249,12,12,1,1,1
272,19,596,250,12,12,1,1,1
273,19,595,251,12,12,1,1,1
274,19,594,252,12,12,1,1,1
275,19,593,253,12,12,1,1,1
276,19,593,255,12,12,1,1,1
277,19,592,256,12,12,1,1,1
278,19,591,257,12,12,1,1,1
279,19,591,259,12,12,1,1,1
280,19,590,260,12,12,1,1,1
281,19,590,262,12,12,1,1,1
282,19,589,263,12,12,1,1,1
283,19,588,265,12,11,1,1,1
284,19,587,266,12,11,1,1,1
285,19,586,268,13,11,1,1,1
286,19,585,269,13,11,1,1,1
287,19,585,270,13,12,1,1,1
288,19,584,271,13,13,1,1,1
289,19,584,273,13,13,1,1,1
290,19,583,274,13,13,1,1,1
291,19,583,276,13,13,1,1,1
292,19,582,277,13,13,1,1,1
293,19,582,279,13,13,1,1,1
294,19,581,280,13,14,1,1,1
295,19,580,282,13,14,1,1,1
296,19,579,283,13,15,1,1,1
297,19,579,285,13,15,1,1,1
298,19,578,286,14,15,1,1,1
299,19,578,288,14,15,1,1,1
300,19,578,290,14,14,1,1,1
301,19,578,292,15,14,1,1,1
302,19,577,294,16,14,1,1,1
303,19,577,296,17,14,1,1,1
304,19,577,298,18,14,1,1,1
305,19,578,300,18,14,1,1,1
306,19,580,302,17,14,1,1,1
307,19,582,304,17,15,1,1,1
308,19,585,306,17,15,1,1,1
309,19,588,308,17,16,1,1,1
310,19,591,311,17,15,1,1,1
311,19,594,313,17,16,1,1,1
312,19,597,315,17,16,1,1,1
313,19,600,318,17,16,1,1,1
314,19,604,320,17,16,1,1,1
315,19,609,322,17,17,1,1,1
316,19,614,325,17,17,1,1,1
317,19,621,328,17,17,1,1,1
318,19,629,331,17,17,1,1,1
319,19,637,335,17,16,1,1,1
320,19,646,338,17,17,1,1,1
321,19,655,341,17,18,1,1,1
322,19,664,345,17,18,1,1,1
323,19,673,348,18,19,1,1,1
324,19,683,351,18,20,1,1,1
325,19,693,355,19,21,1,1,1
1,20,694,259,18,21,1,1,1
2,20,693,259,18,21,1,1,1
3,20,693,259,18,21,1,1,1
4,20,693,259,18,21,1,1,1
5,20,693,259,18,21,1,1,1
6,20,693,259,18,21,1,1,1
7,20,693,259,18,21,1,1,1
8,20,692,259,18,20,1,1,1
9,20,692,259,18,20,1,1,1
10,20,692,259,17,19,1,1,1
11,20,692,259,17,19,1,1,1
12,20,691,259,16,18,1,1,1
13,20,690,259,16,18,1,1,1
14,20,689,259,16,18,1,1,1
15,20,687,259,16,17,1,1,1
16,20,686,259,15,17,1,1,1
17,20,685,260,15,16,1,1,1
18,20,683,260,15,16,1,1,1
19,20,682,260,15,16,1,1,1
20,20,681,260,15,16,1,1,1
21,20,680,260,15,16,1,1,1
22,20,679,260,15,16,1,1,1
23,20,679,261,15,16,1,1,1
24,20,678,261,15,16,1,1,1
25,20,677,261,16,16,1,1,1
26,20,676,262,17,15,1,1,1
27,20,675,262,17,15,1,1,1
28,20,674,262,17,15,1,1,1
29,20,674,263,17,15,1,1,1
30,20,673,263,17,15,1,1,1
31,20,672,263,17,15,1,1,1
32,20,672,263,16,16,1,1,1
33,20,671,263,16,17,1,1,1
34,20,670,264,16,17,1,1,1
35,20,669,265,17,17,1,1,1
36,20,669,265,17,17,1,1,1
37,20,669,265,17,17,1,1,1
38,20,670,266,17,17,1,1,1
39,20,670,266,17,17,1,1,1
40,20,670,266,17,17,1,1,1
41,20,670,267,17,17,1,1,1
42,20,670,267,17,17,1,1,1
43,20,670,268,17,17,1,1,1
44,20,670,269,17,17,1,1,1
45,20,670,269,17,17,1,1,1
46,20,670,270,17,17,1,1,1
47,20,671,271,17,17,1,1,1
48,20,671,271,17,17,1,1,1
49,20,672,272,17,17,1,1,1
50,20,672,272,17,17,1,1,1
51,20,673,273,17,17,1,1,1
52,20,673,273,17,17,1,1,1
53,20,673,273,17,17,1,1,1
54,20,674,274,17,17,1,1,1
55,20,674,275,17,17,1,1,1
56,20,674,276,17,17,1,1,1
57,20,674,277,17,17,1,1,1
58,20,674,277,17,17,1,1,1
59,20,675,277,17,17,1,1,1
60,20,676,277,17,17,1,1,1
61,20,676,277,17,17,1,1,1
62,20,676,278,17,17,1,1,1
63,20,676,279,17,17,1,1,1
64,20,676,279,17,17,1,1,1
65,20,676,280,17,17,1,1,1
66,20,676,280,17,17,1,1,1
67,20,676,281,17,17,1,1,1
68,20,675,281,17,17,1,1,1
69,20,675,281,17,17,1,1,1
70,20,675,281,17,17,1,1,1
71,20,675,281,17,17,1,1,1
72,20,675,281,17,17,1,1,1
73,20,675,282,17,17,1,1,1
74,20,675,283,17,16,1,1,1
75,20,675,284,18,16,1,1,1
76,20,676,285,18,16,1,1,1
77,20,676,285,18,16,1,1,1
78,20,676,285,18,16,1,1,1
79,20,677,285,18,16,1,1,1
80,20,677,285,18,16,1,1,1
81,20,677,286,18,16,1,1,1
82,20,678,287,18,16,1,1,1
83,20,678,287,18,16,1,1,1
84,20,678,288,18,16,1,1,1
85,20,679,289,18,16,1,1,1
86,20,679,289,18,16,1,1,1
87,20,679,290,18,16,1,1,1
88,20,679,290,18,16,1,1,1
89,20,679,291,18,16,1,1,1
90,20,679,291,18,16,1,1,1
91,20,679,292,18,16,1,1,1
92,20,679,293,18,16,1,1,1
93,20,679,293,18,16,1,1,1
94,20,679,294,18,16,1,1,1
95,20,679,295,18,16,1,1,1
96,20,677,295,18,16,1,1,1
97,20,676,296,18,16,1,1,1
98,20,674,296,18,16,1,1,1
99,20,673,297,18,16,1,1,1
100,20,671,297,18,16,1,1,1
101,20,670,298,18,16,1,1,1
102,20,669,299,18,16,1,1,1
103,20,667,299,18,16,1,1,1
104,20,665,299,18,16,1,1,1
105,20,663,300,18,16,1,1,1
106,20,661,300,18,16,1,1,1
107,20,659,300,18,16,1,1,1
108,20,657,301,18,16,1,1,1
109,20,655,301,18,16,1,1,1
110,20,653,302,18,16,1,1,1
111,20,652,303,18,16,1,1,1
112,20,649,303,18,16,1,1,1
113,20,647,303,18,16,1,1,1
114,20,645,304,18,16,1,1,1
115,20,643,304,18,16,1,1,1
116,20,641,305,18,16,1,1,1
117,20,639,305,18,16,1,1,1
118,20,638,305,18,16,1,1,1
119,20,637,306,17,15,1,1,1
120,20,636,306,17,15,1,1,1
121,20,635,307,17,15,1,1,1
122,20,633,307,17,15,1,1,1
123,20,631,307,17,15,1,1,1
124,20,630,308,17,15,1,1,1
125,20,629,308,17,15,1,1,1
126,20,628,308,17,15,1,1,1
127,20,627,308,17,15,1,1,1
128,20,626,308,17,15,1,1,1
129,20,625,308,17,15,1,1,1
130,20,625,309,17,15,1,1,1
131,20,624,309,17,15,1,1,1
132,20,623,309,17,15,1,1,1
133,20,622,309,17,15,1,1,1
134,20,621,309,17,15,1,1,1
135,20,621,309,17,15,1,1,1
136,20,621,309,17,15,1,1,1
137,20,620,308,17,15,1,1,1
138,20,620,308,17,15,1,1,1
139,20,620,308,17,15,1,1,1
140,20,619,308,17,15,1,1,1
141,20,618,308,17,15,1,1,1
142,20,618,309,16,14,1,1,1
143,20,617,309,16,14,1,1,1
144,20,616,309,16,14,1,1,1
145,20,616,309,16,14,1,1,1
146,20,616,308,16,14,1,1,1
147,20,616,308,16,14,1,1,1
148,20,616,308,16,14,1,1,1
149,20,616,308,16,14,1,1,1
150,20,616,308,16,14,1,1,1
151,20,616,308,16,14,1,1,1
152,20,616,308,16,14,1,1,1
153,20,616,308,16,14,1,1,1
154,20,615,307,16,14,1,1,1
155,20,615,307,16,14,1,1,1
156,20,615,307,16,14,1,1,1
157,20,615,307,16,14,1,1,1
158,20,615,307,16,14,1,1,1
159,20,615,307,16,14,1,1,1
160,20,615,307,16,14,1,1,1
161,20,615,307,16,14,1,1,1
162,20,615,306,16,15,1,1,1
163,20,615,306,16,15,1,1,1
164,20,616,305,15,16,1,1,1
165,20,616,305,15,16,1,1,1
166,20,617,305,15,16,1,1,1
167,20,617,304,15,16,1,1,1
168,20,617,304,15,16,1,1,1
169,20,617,304,15,16,1,1,1
170,20,617,304,15,16,1,1,1
171,20,618,304,15,16,1,1,1
172,20,618,304,15,16,1,1,1
173,20,618,304,15,16,1,1,1
174,20,618,304,15,16,1,1,1
175,20,618,304,15,16,1,1,1
176,20,619,304,15,16,1,1,1
177,20,619,304,15,16,1,1,1
178,20,619,304,15,16,1,1,1
179,20,619,304,15,16,1,1,1
180,20,620,304,15,16,1,1,1
181,20,620,303,15,16,1,1,1
182,20,620,303,15,16,1,1,1
183,20,620,303,15,16,1,1,1
184,20,621,303,15,16,1,1,1
185,20,621,302,15,16,1,1,1
186,20,621,302,15,16,1,1,1
187,20,621,301,15,16,1,1,1
188,20,621,301,15,16,1,1,1
189,20,621,301,15,16,1,1,1
190,20,622,301,15,16,1,1,1
191,20,622,301,15,16,1,1,1
192,20,623,302,15,16,1,1,1
193,20,623,301,15,16,1,1,1
194,20,623,301,15,16,1,1,1
195,20,624,301,15,16,1,1,1
196,20,624,300,15,16,1,1,1
197,20,624,300,15,16,1,1,1
198,20,624,300,15,16,1,1,1
199,20,624,299,15,16,1,1,1
200,20,624,299,15,16,1,1,1
201,20,624,299,15,16,1,1,1
202,20,625,299,15,16,1,1,1
203,20,625,299,15,16,1,1,1
204,20,625,299,15,16,1,1,1
205,20,626,299,15,16,1,1,1
206,20,626,299,15,16,1,1,1
207,20,627,299,15,16,1,1,1
208,20,628,299,15,16,1,1,1
209,20,629,299,15,16,1,1,1
210,20,629,298,15,16,1,1,1
211,20,629,298,15,16,1,1,1
212,20,630,298,15,16,1,1,1
213,20,630,298,15,16,1,1,1
214,20,630,297,15,16,1,1,1
215,20,631,297,15,16,1,1,1
216,20,631,297,15,16,1,1,1
217,20,632,297,15,16,1,1,1
218,20,632,296,15,16,1,1,1
219,20,632,296,15,16,1,1,1
220,20,633,296,15,16,1,1,1
221,20,633,296,15,16,1,1,1
222,20,634,296,15,16,1,1,1
223,20,634,296,15,16,1,1,1
224,20,634,296,15,16,1,1,1
225,20,634,296,15,16,1,1,1
226,20,635,296,15,16,1,1,1
227,20,635,296,15,15,1,1,1
228,20,635,296,15,15,1,1,1
229,20,636,296,14,15,1,1,1
230,20,636,296,14,15,1,1,1
231,20,637,296,14,15,1,1,1
232,20,637,295,14,15,1,1,1
233,20,638,295,14,15,1,1,1
234,20,638,295,14,15,1,1,1
235,20,639,295,14,15,1,1,1
236,20,639,295,14,15,1,1,1
237,20,639,295,14,15,1,1,1
238,20,639,295,14,15,1,1,1
239,20,639,295,14,15,1,1,1
240,20,640,295,14,15,1,1,1
241,20,640,294,14,15,1,1,1
242,20,641,294,14,15,1,1,1
243,20,641,294,14,15,1,1,1
244,20,642,294,14,15,1,1,1
245,20,642,293,14,15,1,1,1
246,20,642,293,14,15,1,1,1
247,20,642,293,15,14,1,1,1
248,20,642,293,15,14,1,1,1
249,20,643,293,15,14,1,1,1
250,20,643,292,15,14,1,1,1
251,20,644,292,15,14,1,1,1
252,20,644,292,15,14,1,1,1
253,20,645,292,15,14,1,1,1
254,20,645,292,15,14,1,1,1
255,20,645,292,15,14,1,1,1
256,20,645,292,15,14,1,1,1
257,20,646,292,15,14,1,1,1
258,20,646,292,15,14,1,1,1
259,20,647,292,15,14,1,1,1
260,20,647,292,15,14,1,1,1
261,20,648,292,15,14,1,1,1
262,20,648,292,15,14,1,1,1
263,20,648,292,15,14,1,1,1
264,20,649,292,15,14,1,1,1
265,20,649,292,15,14,1,1,1
266,20,649,292,15,14,1,1,1
267,20,650,292,15,14,1,1,1
268,20,650,292,15,14,1,1,1
269,20,651,292,15,14,1,1,1
270,20,651,291,15,14,1,1,1
271,20,651,291,15,14,1,1,1
272,20,651,291,15,14,1,1,1
273,20,651,291,15,14,1,1,1
274,20,651,291,15,14,1,1,1
275,20,651,291,15,14,1,1,1
276,20,652,291,15,14,1,1,1
277,20,652,290,15,14,1,1,1
278,20,653,290,15,14,1,1,1
279,20,653,290,15,14,1,1,1
280,20,654,290,15,14,1,1,1
281,20,655,290,15,14,1,1,1
282,20,655,290,15,14,1,1,1
283,20,655,290,15,14,1,1,1
284,20,655,290,15,14,1,1,1
285,20,655,290,15,14,1,1,1
286,20,655,290,15,14,1,1,1
287,20,655,290,15,14,1,1,1
288,20,655,290,15,14,1,1,1
289,20,656,290,15,14,1,1,1
290,20,656,289,15,14,1,1,1
291,20,656,289,15,14,1,1,1
292,20,656,289,15,14,1,1,1
293,20,657,289,15,14,1,1,1
294,20,657,289,15,14,1,1,1
295,20,657,289,15,14,1,1,1
296,20,657,289,15,14,1,1,1
297,20,658,289,15,14,1,1,1
298,20,659,289,15,14,1,1,1
299,20,660,289,15,14,1,1,1
300,20,661,289,15,14,1,1,1
301,20,663,290,15,14,1,1,1
302,20,664,290,15,14,1,1,1
303,20,665,290,15,14,1,1,1
304,20,666,290,16,14,1,1,1
305,20,668,290,16,14,1,1,1
306,20,670,290,16,14,1,1,1
307,20,673,290,16,14,1,1,1
308,20,677,290,16,14,1,1,1
309,20,682,290,15,14,1,1,1
310,20,686,290,15,14,1,1,1
311,20,691,290,14,14,1,1,1
312,20,695,290,14,14,1,1,1
313,20,700,291,14,13,1,1,1
314,20,707,292,14,13,1,1,1
315,20,714,293,14,13,1,1,1
316,20,721,294,14,13,1,1,1
317,20,730,294,14,13,1,1,1
318,20,740,295,14,13,1,1,1
319,20,750,296,14,13,1,1,1
320,20,760,297,15,13,1,1,1
321,20,771,299,15,13,1,1,1
322,20,782,301,15,13,1,1,1
323,20,794,302,16,13,1,1,1
324,20,807,303,16,13,1,1,1
325,20,820,305,16,13,1,1,1
