601,5,0,0,204,91,1,-1,-1
602,5,0,0,204,91,1,-1,-1
603,5,0,0,204,91,1,-1,-1
604,5,0,0,204,91,1,-1,-1
605,5,0,0,204,91,1,-1,-1
606,5,0,0,204,91,1,-1,-1
607,5,0,0,204,91,1,-1,-1
608,5,0,0,204,91,1,-1,-1
609,5,0,0,204,91,1,-1,-1
610,5,0,0,204,91,1,-1,-1
611,5,0,0,204,91,1,-1,-1
612,5,0,0,204,91,1,-1,-1
613,5,0,0,204,91,1,-1,-1
1,9,0,166,262,250,1,-1,-1
2,9,0,168,262,250,1,-1,-1
3,9,0,171,262,250,1,-1,-1
4,9,0,173,262,250,1,-1,-1
5,9,0,176,262,250,1,-1,-1
6,9,0,179,262,250,1,-1,-1
7,9,0,181,262,250,1,-1,-1
8,9,0,184,262,250,1,-1,-1
9,9,0,187,262,250,1,-1,-1
10,9,0,189,262,250,1,-1,-1
11,9,0,192,262,250,1,-1,-1
12,9,0,195,262,250,1,-1,-1
13,9,0,197,262,250,1,-1,-1
14,9,0,200,262,250,1,-1,-1
15,9,0,203,262,250,1,-1,-1
16,9,0,205,262,250,1,-1,-1
17,9,0,208,262,250,1,-1,-1
18,9,0,211,262,250,1,-1,-1
19,9,0,213,262,250,1,-1,-1
20,9,0,216,262,250,1,-1,-1
21,9,0,219,262,250,1,-1,-1
22,9,0,221,262,250,1,-1,-1
23,9,0,224,262,250,1,-1,-1
24,9,0,227,262,250,1,-1,-1
25,9,0,229,262,250,1,-1,-1
26,9,0,232,262,250,1,-1,-1
27,9,0,235,262,250,1,-1,-1
28,9,0,236,262,251,1,-1,-1
29,9,0,237,262,253,1,-1,-1
30,9,0,238,262,255,1,-1,-1
31,9,0,239,262,256,1,-1,-1
32,9,0,241,262,257,1,-1,-1
33,9,0,242,262,259,1,-1,-1
34,9,0,243,262,261,1,-1,-1
35,9,0,244,262,262,1,-1,-1
36,9,0,245,262,264,1,-1,-1
37,9,0,247,262,265,1,-1,-1
38,9,0,248,262,267,1,-1,-1
39,9,0,249,262,268,1,-1,-1
40,9,0,250,262,270,1,-1,-1
41,9,0,251,262,272,1,-1,-1
42,9,0,253,262,273,1,-1,-1
43,9,0,254,262,274,1,-1,-1
44,9,0,255,262,276,1,-1,-1
45,9,0,256,262,278,1,-1,-1
46,9,0,258,262,279,1,-1,-1
47,9,0,259,262,278,1,-1,-1
48,9,0,260,262,277,1,-1,-1
49,9,0,261,262,277,1,-1,-1
50,9,0,262,262,276,1,-1,-1
51,9,1,264,261,275,1,-1,-1
52,9,1,265,261,270,1,-1,-1
53,9,1,266,261,265,1,-1,-1
54,9,1,268,262,260,1,-1,-1
55,9,1,269,262,255,1,-1,-1
56,9,2,271,262,250,1,-1,-1
57,9,2,271,262,250,1,-1,-1
58,9,2,271,262,250,1,-1,-1
59,9,2,271,262,250,1,-1,-1
60,9,2,271,262,250,1,-1,-1
61,9,2,271,262,250,1,-1,-1
62,9,2,271,262,250,1,-1,-1
63,9,2,271,262,250,1,-1,-1
64,9,2,271,262,250,1,-1,-1
65,9,2,271,262,250,1,-1,-1
66,9,2,271,262,250,1,-1,-1
67,9,2,271,262,250,1,-1,-1
68,9,2,271,262,250,1,-1,-1
69,9,2,271,262,250,1,-1,-1
70,9,2,271,262,250,1,-1,-1
71,9,2,271,262,250,1,-1,-1
72,9,2,271,262,250,1,-1,-1
73,9,2,271,262,250,1,-1,-1
74,9,2,271,262,250,1,-1,-1
75,9,2,271,262,250,1,-1,-1
76,9,2,271,262,250,1,-1,-1
77,9,2,271,262,250,1,-1,-1
78,9,2,271,262,250,1,-1,-1
79,9,2,271,262,250,1,-1,-1
80,9,2,271,262,250,1,-1,-1
81,9,2,271,262,250,1,-1,-1
82,9,2,271,262,250,1,-1,-1
83,9,2,271,262,250,1,-1,-1
84,9,2,271,262,250,1,-1,-1
85,9,2,271,262,250,1,-1,-1
86,9,2,271,262,250,1,-1,-1
87,9,1,274,261,250,1,-1,-1
88,9,1,278,259,250,1,-1,-1
89,9,0,282,258,249,1,-1,-1
90,9,0,286,256,249,1,-1,-1
1,26,711,6,309,330,1,-1,-1
2,26,711,6,309,330,1,-1,-1
3,26,711,6,309,330,1,-1,-1
4,26,711,6,309,330,1,-1,-1
5,26,711,6,309,330,1,-1,-1
6,26,711,6,309,330,1,-1,-1
7,26,711,6,309,330,1,-1,-1
8,26,711,6,309,330,1,-1,-1
9,26,711,6,309,330,1,-1,-1
10,26,711,6,309,330,1,-1,-1
11,26,711,6,309,330,1,-1,-1
12,26,711,6,309,330,1,-1,-1
13,26,711,6,309,330,1,-1,-1
14,26,711,6,309,330,1,-1,-1
15,26,711,6,309,330,1,-1,-1
16,26,711,6,309,330,1,-1,-1
17,26,711,6,309,330,1,-1,-1
18,26,711,6,309,330,1,-1,-1
19,26,711,6,309,330,1,-1,-1
20,26,711,6,309,330,1,-1,-1
21,26,711,6,309,330,1,-1,-1
22,26,711,6,309,330,1,-1,-1
23,26,711,6,309,330,1,-1,-1
24,26,711,6,309,330,1,-1,-1
25,26,711,6,309,330,1,-1,-1
26,26,711,6,309,330,1,-1,-1
27,26,711,6,309,330,1,-1,-1
28,26,711,6,309,330,1,-1,-1
29,26,711,6,309,330,1,-1,-1
30,26,711,6,309,330,1,-1,-1
31,26,711,6,309,330,1,-1,-1
32,26,711,6,309,330,1,-1,-1
33,26,711,6,309,330,1,-1,-1
34,26,711,6,309,330,1,-1,-1
35,26,711,6,309,330,1,-1,-1
36,26,711,6,309,330,1,-1,-1
37,26,711,6,309,330,1,-1,-1
38,26,711,6,309,330,1,-1,-1
39,26,711,6,309,330,1,-1,-1
40,26,711,6,309,330,1,-1,-1
41,26,711,6,309,330,1,-1,-1
42,26,711,6,309,330,1,-1,-1
43,26,711,6,309,330,1,-1,-1
44,26,711,6,309,330,1,-1,-1
45,26,711,6,309,330,1,-1,-1
46,26,711,6,309,330,1,-1,-1
47,26,711,6,309,330,1,-1,-1
48,26,711,6,309,330,1,-1,-1
49,26,711,6,309,330,1,-1,-1
50,26,711,6,309,330,1,-1,-1
51,26,711,6,309,330,1,-1,-1
52,26,711,6,309,330,1,-1,-1
53,26,711,6,309,330,1,-1,-1
54,26,711,6,309,330,1,-1,-1
55,26,711,6,309,330,1,-1,-1
56,26,711,6,309,330,1,-1,-1
57,26,711,6,309,330,1,-1,-1
58,26,711,6,309,330,1,-1,-1
59,26,711,6,309,330,1,-1,-1
60,26,711,6,309,330,1,-1,-1
61,26,711,6,309,330,1,-1,-1
62,26,711,6,309,330,1,-1,-1
63,26,711,6,309,330,1,-1,-1
64,26,711,6,309,330,1,-1,-1
65,26,711,6,309,330,1,-1,-1
66,26,711,6,309,330,1,-1,-1
67,26,711,6,309,330,1,-1,-1
68,26,711,6,309,330,1,-1,-1
69,26,711,6,309,330,1,-1,-1
70,26,711,6,309,330,1,-1,-1
71,26,711,6,309,330,1,-1,-1
72,26,711,6,309,330,1,-1,-1
73,26,711,6,309,330,1,-1,-1
74,26,711,6,309,330,1,-1,-1
75,26,711,6,309,330,1,-1,-1
76,26,711,6,309,330,1,-1,-1
77,26,711,6,309,330,1,-1,-1
78,26,711,6,309,330,1,-1,-1
79,26,711,6,309,330,1,-1,-1
80,26,711,6,309,330,1,-1,-1
81,26,711,6,309,330,1,-1,-1
82,26,711,6,309,330,1,-1,-1
83,26,711,6,309,330,1,-1,-1
84,26,711,6,309,330,1,-1,-1
85,26,711,6,309,330,1,-1,-1
86,26,711,6,309,330,1,-1,-1
87,26,711,6,309,330,1,-1,-1
88,26,711,6,309,330,1,-1,-1
89,26,711,6,309,330,1,-1,-1
90,26,711,6,309,330,1,-1,-1
91,26,711,6,309,330,1,-1,-1
92,26,711,6,309,330,1,-1,-1
93,26,711,6,309,330,1,-1,-1
94,26,711,6,309,330,1,-1,-1
95,26,711,6,309,330,1,-1,-1
96,26,711,6,309,330,1,-1,-1
97,26,711,6,309,330,1,-1,-1
98,26,711,6,309,330,1,-1,-1
99,26,711,6,309,330,1,-1,-1
100,26,711,6,309,330,1,-1,-1
101,26,711,6,309,330,1,-1,-1
102,26,711,6,309,330,1,-1,-1
103,26,711,6,309,330,1,-1,-1
104,26,711,6,309,330,1,-1,-1
105,26,711,6,309,330,1,-1,-1
106,26,711,6,309,330,1,-1,-1
107,26,711,6,309,330,1,-1,-1
108,26,711,6,309,330,1,-1,-1
109,26,711,6,309,330,1,-1,-1
110,26,711,6,309,330,1,-1,-1
111,26,711,6,309,330,1,-1,-1
112,26,711,6,309,330,1,-1,-1
113,26,711,6,309,330,1,-1,-1
114,26,711,6,309,330,1,-1,-1
115,26,711,6,309,330,1,-1,-1
116,26,711,6,309,330,1,-1,-1
117,26,711,6,309,330,1,-1,-1
118,26,711,6,309,330,1,-1,-1
119,26,711,6,309,330,1,-1,-1
120,26,711,6,309,330,1,-1,-1
121,26,711,6,309,330,1,-1,-1
122,26,711,6,309,330,1,-1,-1
123,26,711,6,309,330,1,-1,-1
124,26,711,6,309,330,1,-1,-1
125,26,711,6,309,330,1,-1,-1
126,26,711,6,309,330,1,-1,-1
127,26,711,6,309,330,1,-1,-1
128,26,711,6,309,330,1,-1,-1
129,26,711,6,309,330,1,-1,-1
130,26,711,6,309,330,1,-1,-1
131,26,711,6,309,330,1,-1,-1
132,26,711,6,309,330,1,-1,-1
133,26,711,6,309,330,1,-1,-1
134,26,711,6,309,330,1,-1,-1
135,26,711,6,309,330,1,-1,-1
136,26,711,6,309,330,1,-1,-1
137,26,711,6,309,330,1,-1,-1
138,26,711,6,309,330,1,-1,-1
139,26,711,6,309,330,1,-1,-1
140,26,711,6,309,330,1,-1,-1
141,26,711,6,309,330,1,-1,-1
142,26,711,6,309,330,1,-1,-1
143,26,711,6,309,330,1,-1,-1
144,26,711,6,309,330,1,-1,-1
145,26,711,6,309,330,1,-1,-1
146,26,711,6,309,330,1,-1,-1
147,26,711,6,309,330,1,-1,-1
148,26,711,6,309,330,1,-1,-1
149,26,711,6,309,330,1,-1,-1
150,26,711,6,309,330,1,-1,-1
151,26,711,6,309,330,1,-1,-1
152,26,711,6,309,330,1,-1,-1
153,26,711,6,309,330,1,-1,-1
154,26,711,6,309,330,1,-1,-1
155,26,711,6,309,330,1,-1,-1
156,26,711,6,309,330,1,-1,-1
157,26,711,6,309,330,1,-1,-1
158,26,711,6,309,330,1,-1,-1
159,26,711,6,309,330,1,-1,-1
160,26,711,6,309,330,1,-1,-1
161,26,711,6,309,330,1,-1,-1
162,26,711,6,309,330,1,-1,-1
163,26,711,6,309,330,1,-1,-1
164,26,711,6,309,330,1,-1,-1
165,26,711,6,309,330,1,-1,-1
166,26,711,6,309,330,1,-1,-1
167,26,711,6,309,330,1,-1,-1
168,26,711,6,309,330,1,-1,-1
169,26,711,6,309,330,1,-1,-1
170,26,711,6,309,330,1,-1,-1
171,26,711,6,309,330,1,-1,-1
172,26,711,6,309,330,1,-1,-1
173,26,711,6,309,330,1,-1,-1
174,26,711,6,309,330,1,-1,-1
175,26,711,6,309,330,1,-1,-1
176,26,711,6,309,330,1,-1,-1
177,26,711,6,309,330,1,-1,-1
178,26,711,6,309,330,1,-1,-1
179,26,711,6,309,330,1,-1,-1
180,26,711,6,309,330,1,-1,-1
181,26,711,6,309,330,1,-1,-1
182,26,711,6,309,330,1,-1,-1
183,26,711,6,309,330,1,-1,-1
184,26,711,6,309,330,1,-1,-1
185,26,711,6,309,330,1,-1,-1
186,26,711,6,309,330,1,-1,-1
187,26,711,6,309,330,1,-1,-1
188,26,711,6,309,330,1,-1,-1
189,26,711,6,309,330,1,-1,-1
190,26,711,6,309,330,1,-1,-1
191,26,711,6,309,330,1,-1,-1
192,26,711,6,309,330,1,-1,-1
193,26,711,6,309,330,1,-1,-1
194,26,711,6,309,330,1,-1,-1
195,26,711,6,309,330,1,-1,-1
196,26,711,6,309,330,1,-1,-1
197,26,711,6,309,330,1,-1,-1
198,26,711,6,309,330,1,-1,-1
199,26,711,6,309,330,1,-1,-1
200,26,711,6,309,330,1,-1,-1
201,26,711,6,309,330,1,-1,-1
202,26,711,6,309,330,1,-1,-1
203,26,711,6,309,330,1,-1,-1
204,26,711,6,309,330,1,-1,-1
205,26,711,6,309,330,1,-1,-1
206,26,711,6,309,330,1,-1,-1
207,26,711,6,309,330,1,-1,-1
208,26,711,6,309,330,1,-1,-1
209,26,711,6,309,330,1,-1,-1
210,26,711,6,309,330,1,-1,-1
211,26,711,6,309,330,1,-1,-1
212,26,711,6,309,330,1,-1,-1
213,26,711,6,309,330,1,-1,-1
214,26,711,6,309,330,1,-1,-1
215,26,711,6,309,330,1,-1,-1
216,26,711,6,309,330,1,-1,-1
217,26,711,6,309,330,1,-1,-1
218,26,711,6,309,330,1,-1,-1
219,26,711,6,309,330,1,-1,-1
220,26,711,6,309,330,1,-1,-1
221,26,711,6,309,330,1,-1,-1
222,26,711,6,309,330,1,-1,-1
223,26,711,6,309,330,1,-1,-1
224,26,711,6,309,330,1,-1,-1
225,26,711,6,309,330,1,-1,-1
226,26,711,6,309,330,1,-1,-1
227,26,711,6,309,330,1,-1,-1
228,26,711,6,309,330,1,-1,-1
229,26,711,6,309,330,1,-1,-1
230,26,711,6,309,330,1,-1,-1
231,26,711,6,309,330,1,-1,-1
232,26,711,6,309,330,1,-1,-1
233,26,711,6,309,330,1,-1,-1
234,26,711,6,309,330,1,-1,-1
235,26,711,6,309,330,1,-1,-1
236,26,711,6,309,330,1,-1,-1
237,26,711,6,309,330,1,-1,-1
238,26,711,6,309,330,1,-1,-1
239,26,711,6,309,330,1,-1,-1
240,26,711,6,309,330,1,-1,-1
241,26,711,6,309,330,1,-1,-1
242,26,711,6,309,330,1,-1,-1
243,26,711,6,309,330,1,-1,-1
244,26,711,6,309,330,1,-1,-1
245,26,711,6,309,330,1,-1,-1
246,26,711,6,309,330,1,-1,-1
247,26,711,6,309,330,1,-1,-1
248,26,711,6,309,330,1,-1,-1
249,26,711,6,309,330,1,-1,-1
250,26,711,6,309,330,1,-1,-1
251,26,711,6,309,330,1,-1,-1
252,26,711,6,309,330,1,-1,-1
253,26,711,6,309,330,1,-1,-1
254,26,711,6,309,330,1,-1,-1
255,26,711,6,309,330,1,-1,-1
256,26,711,6,309,330,1,-1,-1
257,26,711,6,309,330,1,-1,-1
258,26,711,6,309,330,1,-1,-1
259,26,711,6,309,330,1,-1,-1
260,26,711,6,309,330,1,-1,-1
261,26,711,6,309,330,1,-1,-1
262,26,711,6,309,330,1,-1,-1
263,26,711,6,309,330,1,-1,-1
264,26,711,6,309,330,1,-1,-1
265,26,711,6,309,330,1,-1,-1
266,26,711,6,309,330,1,-1,-1
267,26,711,6,309,330,1,-1,-1
268,26,711,6,309,330,1,-1,-1
269,26,711,6,309,330,1,-1,-1
270,26,711,6,309,330,1,-1,-1
271,26,711,6,309,330,1,-1,-1
272,26,711,6,309,330,1,-1,-1
273,26,711,6,309,330,1,-1,-1
274,26,711,6,309,330,1,-1,-1
275,26,711,6,309,330,1,-1,-1
276,26,711,6,309,330,1,-1,-1
277,26,711,6,309,330,1,-1,-1
278,26,711,6,309,330,1,-1,-1
279,26,711,6,309,330,1,-1,-1
280,26,711,6,309,330,1,-1,-1
281,26,711,6,309,330,1,-1,-1
282,26,711,6,309,330,1,-1,-1
283,26,711,6,309,330,1,-1,-1
284,26,711,6,309,330,1,-1,-1
285,26,711,6,309,330,1,-1,-1
286,26,711,6,309,330,1,-1,-1
287,26,711,6,309,330,1,-1,-1
288,26,711,6,309,330,1,-1,-1
289,26,711,6,309,330,1,-1,-1
290,26,711,6,309,330,1,-1,-1
291,26,711,6,309,330,1,-1,-1
292,26,711,6,309,330,1,-1,-1
293,26,711,6,309,330,1,-1,-1
294,26,711,6,309,330,1,-1,-1
295,26,711,6,309,330,1,-1,-1
296,26,711,6,309,330,1,-1,-1
297,26,711,6,309,330,1,-1,-1
298,26,711,6,309,330,1,-1,-1
299,26,711,6,309,330,1,-1,-1
300,26,711,6,309,330,1,-1,-1
301,26,711,6,309,330,1,-1,-1
302,26,711,6,309,330,1,-1,-1
303,26,711,6,309,330,1,-1,-1
304,26,711,6,309,330,1,-1,-1
305,26,711,6,309,330,1,-1,-1
306,26,711,6,309,330,1,-1,-1
307,26,711,6,309,330,1,-1,-1
308,26,711,6,309,330,1,-1,-1
309,26,711,6,309,330,1,-1,-1
310,26,711,6,309,330,1,-1,-1
311,26,711,6,309,330,1,-1,-1
312,26,711,6,309,330,1,-1,-1
313,26,711,6,309,330,1,-1,-1
314,26,711,6,309,330,1,-1,-1
315,26,711,6,309,330,1,-1,-1
316,26,711,6,309,330,1,-1,-1
317,26,711,6,309,330,1,-1,-1
318,26,711,6,309,330,1,-1,-1
319,26,711,6,309,330,1,-1,-1
320,26,711,6,309,330,1,-1,-1
321,26,711,6,309,330,1,-1,-1
322,26,711,6,309,330,1,-1,-1
205,36,815,275,207,264,1,-1,-1
206,36,815,275,207,264,1,-1,-1
207,36,815,275,207,264,1,-1,-1
208,36,815,275,207,264,1,-1,-1
209,36,815,275,207,264,1,-1,-1
210,36,815,275,207,264,1,-1,-1
211,36,815,275,207,264,1,-1,-1
212,36,815,275,207,264,1,-1,-1
213,36,815,275,207,264,1,-1,-1
214,36,815,275,207,264,1,-1,-1
215,36,815,275,207,264,1,-1,-1
216,36,815,275,207,264,1,-1,-1
217,36,815,275,207,264,1,-1,-1
218,36,815,275,207,264,1,-1,-1
219,36,815,275,207,264,1,-1,-1
220,36,815,275,207,264,1,-1,-1
221,36,815,275,207,264,1,-1,-1
222,36,815,275,207,264,1,-1,-1
223,36,815,275,207,264,1,-1,-1
224,36,815,275,207,264,1,-1,-1
225,36,815,275,207,264,1,-1,-1
226,36,815,275,207,264,1,-1,-1
227,36,815,275,207,264,1,-1,-1
228,36,815,275,207,264,1,-1,-1
229,36,815,275,207,264,1,-1,-1
230,36,815,275,207,264,1,-1,-1
231,36,815,275,207,264,1,-1,-1
232,36,815,275,207,264,1,-1,-1
233,36,815,275,207,264,1,-1,-1
234,36,815,275,207,264,1,-1,-1
235,36,815,275,207,264,1,-1,-1
236,36,815,275,207,264,1,-1,-1
237,36,815,275,207,264,1,-1,-1
238,36,815,275,207,264,1,-1,-1
239,36,815,275,207,264,1,-1,-1
240,36,815,275,207,264,1,-1,-1
241,36,815,275,207,264,1,-1,-1
242,36,815,275,207,264,1,-1,-1
243,36,815,275,207,264,1,-1,-1
244,36,815,275,207,264,1,-1,-1
245,36,815,275,207,264,1,-1,-1
246,36,815,275,207,264,1,-1,-1
247,36,815,275,207,264,1,-1,-1
248,36,815,275,207,264,1,-1,-1
249,36,815,275,207,264,1,-1,-1
250,36,815,275,207,264,1,-1,-1
251,36,815,275,207,264,1,-1,-1
252,36,815,275,207,264,1,-1,-1
253,36,815,275,207,264,1,-1,-1
254,36,815,275,207,264,1,-1,-1
255,36,815,275,207,264,1,-1,-1
256,36,815,275,207,264,1,-1,-1
257,36,815,275,207,264,1,-1,-1
258,36,815,275,207,264,1,-1,-1
259,36,815,275,207,264,1,-1,-1
260,36,815,275,207,264,1,-1,-1
261,36,815,275,207,264,1,-1,-1
262,36,815,275,207,264,1,-1,-1
263,36,815,275,207,264,1,-1,-1
264,36,815,275,207,264,1,-1,-1
265,36,815,275,207,264,1,-1,-1
266,36,815,275,207,264,1,-1,-1
267,36,815,275,207,264,1,-1,-1
268,36,815,275,207,264,1,-1,-1
269,36,815,275,207,264,1,-1,-1
270,36,815,275,207,264,1,-1,-1
271,36,815,275,207,264,1,-1,-1
272,36,815,275,207,264,1,-1,-1
273,36,815,275,207,264,1,-1,-1
274,36,815,275,207,264,1,-1,-1
275,36,815,275,207,264,1,-1,-1
276,36,815,275,207,264,1,-1,-1
277,36,815,275,207,264,1,-1,-1
278,36,815,275,207,264,1,-1,-1
279,36,815,275,207,264,1,-1,-1
280,36,815,275,207,264,1,-1,-1
281,36,815,275,207,264,1,-1,-1
282,36,815,275,207,264,1,-1,-1
283,36,815,275,207,264,1,-1,-1
284,36,815,275,207,264,1,-1,-1
285,36,815,275,207,264,1,-1,-1
286,36,815,275,207,264,1,-1,-1
287,36,815,275,207,264,1,-1,-1
288,36,815,275,207,264,1,-1,-1
289,36,815,275,207,264,1,-1,-1
290,36,815,275,207,264,1,-1,-1
291,36,815,275,207,264,1,-1,-1
292,36,815,275,207,264,1,-1,-1
293,36,815,275,207,264,1,-1,-1
294,36,815,275,207,264,1,-1,-1
295,36,815,275,207,264,1,-1,-1
296,36,815,275,207,264,1,-1,-1
297,36,815,275,207,264,1,-1,-1
298,36,815,275,207,264,1,-1,-1
299,36,815,275,207,264,1,-1,-1
300,36,815,275,207,264,1,-1,-1
301,36,815,275,207,264,1,-1,-1
302,36,815,271,206,267,1,-1,-1
303,36,815,268,206,270,1,-1,-1
304,36,815,264,206,274,1,-1,-1
305,36,815,261,206,276,1,-1,-1
306,36,815,258,206,279,1,-1,-1
307,36,815,254,206,283,1,-1,-1
308,36,815,251,206,285,1,-1,-1
309,36,815,247,206,289,1,-1,-1
310,36,815,244,206,292,1,-1,-1
311,36,815,241,205,294,1,-1,-1
312,36,815,237,205,298,1,-1,-1
313,36,815,234,205,301,1,-1,-1
314,36,815,230,205,304,1,-1,-1
315,36,815,227,205,307,1,-1,-1
316,36,815,224,205,310,1,-1,-1
317,36,815,220,205,313,1,-1,-1
318,36,815,217,205,316,1,-1,-1
319,36,815,214,205,319,1,-1,-1
320,36,817,215,199,307,1,-1,-1
321,36,819,217,193,294,1,-1,-1
322,36,821,219,187,281,1,-1,-1
323,36,823,221,181,268,1,-1,-1
324,36,825,222,175,256,1,-1,-1
325,36,827,224,170,243,1,-1,-1
326,36,829,226,164,230,1,-1,-1
327,36,831,228,158,217,1,-1,-1
328,36,833,229,152,205,1,-1,-1
329,36,835,231,146,192,1,-1,-1
330,36,837,233,140,179,1,-1,-1
331,36,840,235,134,167,1,-1,-1
332,36,840,237,135,167,1,-1,-1
333,36,840,239,137,167,1,-1,-1
334,36,840,241,139,167,1,-1,-1
335,36,841,244,140,166,1,-1,-1
336,36,841,246,142,166,1,-1,-1
337,36,841,248,144,166,1,-1,-1
338,36,842,251,145,165,1,-1,-1
339,36,842,253,147,165,1,-1,-1
340,36,842,255,149,165,1,-1,-1
341,36,843,258,150,164,1,-1,-1
342,36,843,259,152,166,1,-1,-1
343,36,844,260,153,168,1,-1,-1
344,36,845,261,154,170,1,-1,-1
345,36,846,262,155,172,1,-1,-1
346,36,847,264,156,174,1,-1,-1
347,36,847,265,158,176,1,-1,-1
348,36,848,266,159,178,1,-1,-1
349,36,849,267,160,180,1,-1,-1
350,36,850,268,161,182,1,-1,-1
351,36,851,270,162,184,1,-1,-1
352,36,851,271,163,186,1,-1,-1
353,36,851,273,164,187,1,-1,-1
354,36,851,275,165,188,1,-1,-1
355,36,851,276,166,190,1,-1,-1
356,36,851,278,167,192,1,-1,-1
357,36,851,280,168,193,1,-1,-1
358,36,851,281,169,195,1,-1,-1
359,36,851,283,170,196,1,-1,-1
360,36,851,285,171,197,1,-1,-1
361,36,851,287,172,199,1,-1,-1
362,36,844,275,178,214,1,-1,-1
363,36,837,264,185,229,1,-1,-1
364,36,830,253,192,243,1,-1,-1
365,36,823,242,199,258,1,-1,-1
366,36,816,231,206,273,1,-1,-1
367,36,809,219,212,288,1,-1,-1
368,36,802,208,219,303,1,-1,-1
369,36,795,197,226,317,1,-1,-1
370,36,788,186,233,332,1,-1,-1
371,36,782,175,239,347,1,-1,-1
372,36,782,176,238,347,1,-1,-1
373,36,782,178,238,346,1,-1,-1
374,36,782,179,238,346,1,-1,-1
375,36,782,181,237,346,1,-1,-1
376,36,783,183,236,345,1,-1,-1
377,36,783,184,236,345,1,-1,-1
378,36,783,186,235,345,1,-1,-1
379,36,783,187,235,345,1,-1,-1
380,36,783,189,235,344,1,-1,-1
381,36,784,191,234,344,1,-1,-1
382,36,785,191,233,340,1,-1,-1
383,36,786,192,232,335,1,-1,-1
384,36,787,193,231,330,1,-1,-1
385,36,788,194,230,326,1,-1,-1
386,36,790,195,229,321,1,-1,-1
387,36,791,195,228,317,1,-1,-1
388,36,792,196,227,313,1,-1,-1
389,36,793,197,226,308,1,-1,-1
390,36,794,198,225,303,1,-1,-1
391,36,796,199,224,299,1,-1,-1
392,36,795,199,224,303,1,-1,-1
393,36,795,200,224,306,1,-1,-1
394,36,795,201,224,309,1,-1,-1
395,36,795,201,224,313,1,-1,-1
396,36,795,202,224,316,1,-1,-1
397,36,795,203,224,319,1,-1,-1
398,36,795,203,224,323,1,-1,-1
399,36,795,204,224,326,1,-1,-1
400,36,795,205,224,329,1,-1,-1
401,36,795,206,224,333,1,-1,-1
402,36,796,208,223,328,1,-1,-1
403,36,798,210,221,324,1,-1,-1
404,36,799,212,220,320,1,-1,-1
405,36,801,215,218,315,1,-1,-1
406,36,803,217,216,311,1,-1,-1
407,36,804,219,215,307,1,-1,-1
408,36,806,222,213,302,1,-1,-1
409,36,807,224,212,298,1,-1,-1
410,36,809,226,210,294,1,-1,-1
411,36,811,229,209,289,1,-1,-1
412,36,809,227,211,289,1,-1,-1
413,36,808,225,212,289,1,-1,-1
414,36,806,223,214,289,1,-1,-1
415,36,805,222,216,288,1,-1,-1
416,36,806,224,214,289,1,-1,-1
417,36,808,227,212,290,1,-1,-1
418,36,809,229,211,291,1,-1,-1
419,36,811,232,208,292,1,-1,-1
420,36,812,234,207,293,1,-1,-1
421,36,814,237,205,294,1,-1,-1
422,36,814,238,204,293,1,-1,-1
423,36,815,239,203,292,1,-1,-1
424,36,816,241,202,290,1,-1,-1
425,36,817,242,201,290,1,-1,-1
426,36,818,244,200,288,1,-1,-1
427,36,819,245,198,287,1,-1,-1
428,36,820,246,197,287,1,-1,-1
429,36,821,248,196,285,1,-1,-1
430,36,822,249,195,284,1,-1,-1
431,36,823,251,194,283,1,-1,-1
432,36,822,253,195,281,1,-1,-1
433,36,822,255,196,280,1,-1,-1
434,36,821,257,197,279,1,-1,-1
435,36,821,259,198,277,1,-1,-1
436,36,820,261,199,276,1,-1,-1
437,36,820,263,200,275,1,-1,-1
438,36,820,266,199,232,1,-1,-1
439,36,821,269,198,190,1,-1,-1
440,36,821,272,197,147,1,-1,-1
441,36,822,276,196,104,1,-1,-1
442,36,821,276,197,106,1,-1,-1
443,36,821,277,198,107,1,-1,-1
444,36,821,278,198,108,1,-1,-1
445,36,821,279,199,110,1,-1,-1
446,36,821,280,199,111,1,-1,-1
447,36,821,280,200,113,1,-1,-1
448,36,821,281,200,115,1,-1,-1
449,36,821,282,201,116,1,-1,-1
450,36,821,283,201,117,1,-1,-1
451,36,821,284,202,119,1,-1,-1
452,36,823,286,199,118,1,-1,-1
453,36,826,289,196,117,1,-1,-1
454,36,829,292,193,116,1,-1,-1
455,36,831,294,190,116,1,-1,-1
456,36,834,297,187,115,1,-1,-1
457,36,837,300,184,113,1,-1,-1
458,36,839,302,181,113,1,-1,-1
459,36,842,305,178,112,1,-1,-1
460,36,845,308,175,111,1,-1,-1
461,36,848,311,172,110,1,-1,-1
462,36,842,302,178,121,1,-1,-1
463,36,836,294,184,131,1,-1,-1
464,36,830,285,190,142,1,-1,-1
465,36,824,277,197,152,1,-1,-1
466,36,819,269,202,162,1,-1,-1
467,36,813,260,208,173,1,-1,-1
468,36,807,252,215,183,1,-1,-1
469,36,801,243,221,194,1,-1,-1
470,36,795,235,227,204,1,-1,-1
471,36,790,227,233,214,1,-1,-1
472,36,789,228,233,215,1,-1,-1
473,36,789,229,233,216,1,-1,-1
474,36,788,231,234,216,1,-1,-1
475,36,788,232,233,217,1,-1,-1
476,36,787,233,234,218,1,-1,-1
477,36,787,235,234,219,1,-1,-1
478,36,787,236,233,220,1,-1,-1
479,36,786,237,234,221,1,-1,-1
480,36,786,239,234,221,1,-1,-1
481,36,785,240,234,222,1,-1,-1
482,36,785,241,234,223,1,-1,-1
483,36,785,243,234,224,1,-1,-1
484,36,787,244,232,224,1,-1,-1
485,36,790,245,229,225,1,-1,-1
486,36,792,246,227,225,1,-1,-1
487,36,795,247,224,226,1,-1,-1
488,36,798,248,221,227,1,-1,-1
489,36,800,249,219,227,1,-1,-1
490,36,803,250,216,228,1,-1,-1
491,36,806,251,214,229,1,-1,-1
492,36,806,252,214,231,1,-1,-1
493,36,807,254,213,233,1,-1,-1
494,36,808,256,212,235,1,-1,-1
495,36,808,258,213,237,1,-1,-1
496,36,809,260,212,239,1,-1,-1
497,36,810,261,211,242,1,-1,-1
498,36,810,263,212,244,1,-1,-1
499,36,811,265,211,246,1,-1,-1
500,36,812,267,210,248,1,-1,-1
501,36,813,269,210,250,1,-1,-1
502,36,813,270,209,250,1,-1,-1
503,36,813,271,209,251,1,-1,-1
504,36,813,272,209,251,1,-1,-1
505,36,814,273,208,252,1,-1,-1
506,36,814,274,208,252,1,-1,-1
507,36,814,275,208,253,1,-1,-1
508,36,815,276,207,253,1,-1,-1
509,36,815,277,207,254,1,-1,-1
510,36,815,278,207,254,1,-1,-1
511,36,816,279,206,255,1,-1,-1
512,36,817,281,204,253,1,-1,-1
513,36,819,284,202,250,1,-1,-1
514,36,821,286,200,249,1,-1,-1
515,36,823,289,197,246,1,-1,-1
516,36,825,291,195,245,1,-1,-1
517,36,827,294,193,242,1,-1,-1
518,36,829,296,190,240,1,-1,-1
519,36,831,299,188,238,1,-1,-1
520,36,833,301,186,236,1,-1,-1
521,36,835,304,184,234,1,-1,-1
522,36,835,304,184,230,1,-1,-1
523,36,835,304,184,227,1,-1,-1
524,36,835,304,184,223,1,-1,-1
525,36,835,304,184,220,1,-1,-1
526,36,836,304,183,217,1,-1,-1
527,36,836,304,183,213,1,-1,-1
528,36,836,304,183,210,1,-1,-1
529,36,836,304,183,206,1,-1,-1
530,36,836,304,183,203,1,-1,-1
531,36,837,305,183,199,1,-1,-1
532,36,836,306,178,200,1,-1,-1
533,36,835,307,174,201,1,-1,-1
534,36,834,308,170,202,1,-1,-1
535,36,834,310,164,203,1,-1,-1
536,36,833,311,160,204,1,-1,-1
537,36,832,312,156,205,1,-1,-1
538,36,832,314,150,206,1,-1,-1
539,36,831,315,146,207,1,-1,-1
540,36,830,316,142,208,1,-1,-1
541,36,830,318,137,209,1,-1,-1
542,36,832,321,137,207,1,-1,-1
543,36,835,324,137,205,1,-1,-1
544,36,838,327,137,203,1,-1,-1
545,36,840,330,137,201,1,-1,-1
546,36,843,333,137,199,1,-1,-1
547,36,846,336,137,197,1,-1,-1
548,36,848,339,137,195,1,-1,-1
549,36,851,342,137,193,1,-1,-1
550,36,854,345,137,191,1,-1,-1
551,36,857,348,137,189,1,-1,-1
552,36,859,350,137,187,1,-1,-1
553,36,861,352,137,185,1,-1,-1
554,36,863,355,137,182,1,-1,-1
555,36,866,357,137,180,1,-1,-1
556,36,868,360,137,177,1,-1,-1
557,36,870,362,137,175,1,-1,-1
558,36,873,364,137,173,1,-1,-1
559,36,875,367,137,170,1,-1,-1
560,36,877,369,137,168,1,-1,-1
561,36,880,372,137,165,1,-1,-1
562,36,880,373,137,162,1,-1,-1
563,36,881,374,137,160,1,-1,-1
564,36,882,375,136,158,1,-1,-1
565,36,883,376,136,156,1,-1,-1
566,36,884,377,136,154,1,-1,-1
567,36,884,378,136,151,1,-1,-1
568,36,885,379,136,149,1,-1,-1
569,36,886,380,135,147,1,-1,-1
570,36,887,381,135,145,1,-1,-1
571,36,888,383,135,142,1,-1,-1
572,36,888,385,135,141,1,-1,-1
573,36,888,388,135,139,1,-1,-1
574,36,889,390,134,139,1,-1,-1
575,36,889,393,134,137,1,-1,-1
576,36,890,395,133,137,1,-1,-1
577,36,890,398,133,135,1,-1,-1
578,36,890,400,133,134,1,-1,-1
579,36,891,403,132,133,1,-1,-1
580,36,891,405,132,132,1,-1,-1
581,36,892,408,132,131,1,-1,-1
582,36,894,410,129,127,1,-1,-1
583,36,896,413,127,122,1,-1,-1
584,36,898,416,124,117,1,-1,-1
585,36,900,418,122,114,1,-1,-1
586,36,902,421,120,109,1,-1,-1
587,36,904,424,117,104,1,-1,-1
588,36,906,426,115,101,1,-1,-1
589,36,908,429,112,96,1,-1,-1
590,36,910,432,110,91,1,-1,-1
591,36,913,435,107,87,1,-1,-1
592,36,915,440,105,83,1,-1,-1
593,36,918,446,102,79,1,-1,-1
594,36,921,451,99,76,1,-1,-1
595,36,924,457,97,71,1,-1,-1
596,36,927,462,94,68,1,-1,-1
597,36,930,468,91,64,1,-1,-1
598,36,933,473,89,60,1,-1,-1
599,36,936,479,86,56,1,-1,-1
600,36,939,484,83,53,1,-1,-1
401,38,130,0,335,116,1,-1,-1
402,38,128,0,337,115,1,-1,-1
403,38,127,0,338,115,1,-1,-1
404,38,126,0,339,115,1,-1,-1
405,38,125,0,340,115,1,-1,-1
406,38,124,0,341,115,1,-1,-1
407,38,122,0,343,115,1,-1,-1
408,38,121,0,344,115,1,-1,-1
409,38,120,0,345,115,1,-1,-1
410,38,119,0,346,115,1,-1,-1
411,38,118,0,347,115,1,-1,-1
412,38,116,0,349,115,1,-1,-1
413,38,115,0,350,115,1,-1,-1
414,38,114,0,351,115,1,-1,-1
415,38,113,0,352,115,1,-1,-1
416,38,112,0,354,115,1,-1,-1
417,38,110,0,356,115,1,-1,-1
418,38,109,0,357,115,1,-1,-1
419,38,108,0,358,115,1,-1,-1
420,38,107,0,359,115,1,-1,-1
421,38,106,0,360,115,1,-1,-1
422,38,104,0,362,115,1,-1,-1
423,38,103,0,363,115,1,-1,-1
424,38,102,0,364,115,1,-1,-1
425,38,101,0,365,115,1,-1,-1
426,38,100,0,366,115,1,-1,-1
427,38,98,0,368,115,1,-1,-1
428,38,97,0,369,115,1,-1,-1
429,38,96,0,370,115,1,-1,-1
430,38,95,0,371,115,1,-1,-1
431,38,94,0,373,115,1,-1,-1
432,38,93,0,372,116,1,-1,-1
433,38,92,0,372,117,1,-1,-1
434,38,91,0,372,118,1,-1,-1
435,38,90,0,372,120,1,-1,-1
436,38,90,0,371,121,1,-1,-1
437,38,89,0,371,122,1,-1,-1
438,38,88,0,371,123,1,-1,-1
439,38,87,0,371,125,1,-1,-1
440,38,87,0,370,126,1,-1,-1
441,38,86,0,370,127,1,-1,-1
442,38,85,0,370,128,1,-1,-1
443,38,84,0,370,130,1,-1,-1
444,38,84,0,369,131,1,-1,-1
445,38,83,0,369,132,1,-1,-1
446,38,82,0,369,134,1,-1,-1
447,38,81,0,368,135,1,-1,-1
448,38,80,0,368,136,1,-1,-1
449,38,80,0,367,137,1,-1,-1
450,38,79,0,367,139,1,-1,-1
451,38,78,0,367,140,1,-1,-1
452,38,77,0,367,141,1,-1,-1
453,38,77,0,366,142,1,-1,-1
454,38,76,0,366,144,1,-1,-1
455,38,75,0,366,145,1,-1,-1
456,38,74,0,366,146,1,-1,-1
457,38,74,0,365,147,1,-1,-1
458,38,73,0,365,149,1,-1,-1
459,38,72,0,365,150,1,-1,-1
460,38,71,0,365,151,1,-1,-1
461,38,71,0,364,153,1,-1,-1
462,38,71,0,364,153,1,-1,-1
463,38,72,0,364,153,1,-1,-1
464,38,72,0,364,153,1,-1,-1
465,38,73,0,364,153,1,-1,-1
466,38,74,0,364,154,1,-1,-1
467,38,74,0,364,154,1,-1,-1
468,38,75,1,364,153,1,-1,-1
469,38,76,1,364,153,1,-1,-1
470,38,76,1,364,153,1,-1,-1
471,38,77,1,364,154,1,-1,-1
472,38,78,1,364,154,1,-1,-1
473,38,78,1,364,154,1,-1,-1
474,38,79,1,364,154,1,-1,-1
475,38,80,2,364,153,1,-1,-1
476,38,80,2,364,154,1,-1,-1
477,38,81,2,364,154,1,-1,-1
478,38,82,2,364,154,1,-1,-1
479,38,82,2,364,154,1,-1,-1
480,38,83,2,364,154,1,-1,-1
481,38,84,3,364,154,1,-1,-1
482,38,80,2,367,157,1,-1,-1
483,38,76,2,370,159,1,-1,-1
484,38,72,2,373,161,1,-1,-1
485,38,68,2,376,163,1,-1,-1
486,38,64,2,379,165,1,-1,-1
487,38,60,2,382,167,1,-1,-1
488,38,56,2,385,169,1,-1,-1
489,38,52,2,388,171,1,-1,-1
490,38,48,2,391,173,1,-1,-1
491,38,45,2,393,176,1,-1,-1
492,38,41,2,396,178,1,-1,-1
493,38,37,2,399,180,1,-1,-1
494,38,33,2,402,182,1,-1,-1
495,38,29,2,405,184,1,-1,-1
496,38,25,2,408,186,1,-1,-1
497,38,21,2,411,188,1,-1,-1
498,38,17,2,414,190,1,-1,-1
499,38,13,2,417,192,1,-1,-1
500,38,9,2,420,194,1,-1,-1
501,38,6,2,423,197,1,-1,-1
502,38,10,1,419,198,1,-1,-1
503,38,14,1,415,198,1,-1,-1
504,38,18,1,412,198,1,-1,-1
505,38,22,1,408,198,1,-1,-1
506,38,26,1,405,198,1,-1,-1
507,38,30,0,401,199,1,-1,-1
508,38,34,0,397,199,1,-1,-1
509,38,38,0,394,199,1,-1,-1
510,38,42,0,390,199,1,-1,-1
511,38,46,0,387,199,1,-1,-1
512,38,45,0,387,199,1,-1,-1
513,38,45,0,387,200,1,-1,-1
514,38,45,0,387,200,1,-1,-1
515,38,45,0,386,201,1,-1,-1
516,38,45,0,386,202,1,-1,-1
517,38,44,0,387,202,1,-1,-1
518,38,44,0,386,203,1,-1,-1
519,38,44,0,386,203,1,-1,-1
520,38,44,0,386,204,1,-1,-1
521,38,44,0,386,205,1,-1,-1
522,38,43,0,386,205,1,-1,-1
523,38,42,0,387,206,1,-1,-1
524,38,41,0,388,206,1,-1,-1
525,38,40,0,389,207,1,-1,-1
526,38,39,0,390,208,1,-1,-1
527,38,38,0,390,208,1,-1,-1
528,38,37,0,391,209,1,-1,-1
529,38,36,0,392,209,1,-1,-1
530,38,35,0,393,210,1,-1,-1
531,38,35,0,393,211,1,-1,-1
532,38,34,0,393,211,1,-1,-1
533,38,33,0,394,212,1,-1,-1
534,38,32,0,395,213,1,-1,-1
535,38,31,0,396,214,1,-1,-1
536,38,30,0,397,215,1,-1,-1
537,38,29,0,398,216,1,-1,-1
538,38,28,0,399,217,1,-1,-1
539,38,27,0,400,218,1,-1,-1
540,38,26,0,401,219,1,-1,-1
541,38,25,1,402,219,1,-1,-1
542,38,23,0,403,221,1,-1,-1
543,38,22,0,404,222,1,-1,-1
544,38,20,0,406,223,1,-1,-1
545,38,19,0,407,224,1,-1,-1
546,38,18,0,408,225,1,-1,-1
547,38,16,0,409,226,1,-1,-1
548,38,15,0,410,227,1,-1,-1
549,38,13,0,412,228,1,-1,-1
550,38,12,0,413,229,1,-1,-1
551,38,11,0,414,230,1,-1,-1
552,38,11,0,414,231,1,-1,-1
553,38,12,0,413,232,1,-1,-1
554,38,13,0,412,233,1,-1,-1
555,38,13,0,412,235,1,-1,-1
556,38,14,0,411,236,1,-1,-1
557,38,15,0,410,237,1,-1,-1
558,38,15,0,410,239,1,-1,-1
559,38,16,0,409,240,1,-1,-1
560,38,17,0,408,241,1,-1,-1
561,38,18,0,407,243,1,-1,-1
562,38,21,0,403,244,1,-1,-1
563,38,24,0,400,246,1,-1,-1
564,38,27,0,397,247,1,-1,-1
565,38,30,0,394,249,1,-1,-1
566,38,33,0,391,250,1,-1,-1
567,38,36,0,388,252,1,-1,-1
568,38,39,0,385,253,1,-1,-1
569,38,42,0,382,255,1,-1,-1
570,38,45,0,379,256,1,-1,-1
571,38,48,0,376,258,1,-1,-1
572,38,51,0,372,260,1,-1,-1
573,38,54,0,369,261,1,-1,-1
574,38,57,0,366,263,1,-1,-1
575,38,60,0,363,264,1,-1,-1
576,38,63,0,360,266,1,-1,-1
577,38,66,0,357,267,1,-1,-1
578,38,69,0,354,269,1,-1,-1
579,38,72,0,351,270,1,-1,-1
580,38,75,0,348,272,1,-1,-1
581,38,79,0,344,274,1,-1,-1
582,38,75,0,347,275,1,-1,-1
583,38,71,0,351,276,1,-1,-1
584,38,67,0,355,278,1,-1,-1
585,38,63,0,359,279,1,-1,-1
586,38,59,0,363,281,1,-1,-1
587,38,55,0,367,282,1,-1,-1
588,38,51,0,370,284,1,-1,-1
589,38,47,0,374,285,1,-1,-1
590,38,43,0,378,287,1,-1,-1
591,38,39,0,382,288,1,-1,-1
592,38,35,0,386,289,1,-1,-1
593,38,31,0,390,291,1,-1,-1
594,38,27,0,394,292,1,-1,-1
595,38,23,0,397,294,1,-1,-1
596,38,19,0,401,295,1,-1,-1
597,38,15,0,405,297,1,-1,-1
598,38,11,0,409,298,1,-1,-1
599,38,7,0,413,300,1,-1,-1
600,38,3,0,417,301,1,-1,-1
601,38,0,0,420,303,1,-1,-1
602,38,0,0,419,304,1,-1,-1
603,38,0,0,419,305,1,-1,-1
604,38,0,0,419,307,1,-1,-1
605,38,0,0,419,308,1,-1,-1
606,38,0,0,419,310,1,-1,-1
607,38,0,0,419,311,1,-1,-1
608,38,0,0,419,312,1,-1,-1
609,38,0,0,419,314,1,-1,-1
610,38,0,0,419,315,1,-1,-1
611,38,0,0,419,317,1,-1,-1
612,38,0,0,419,318,1,-1,-1
613,38,0,0,419,320,1,-1,-1
493,39,623,2,76,11,1,-1,-1
494,39,619,1,79,11,1,-1,-1
495,39,616,1,82,11,1,-1,-1
496,39,613,1,85,10,1,-1,-1
497,39,610,1,88,10,1,-1,-1
498,39,607,1,91,10,1,-1,-1
499,39,604,0,94,10,1,-1,-1
500,39,601,0,97,10,1,-1,-1
501,39,598,0,100,9,1,-1,-1
502,39,595,0,103,9,1,-1,-1
503,39,592,0,106,9,1,-1,-1
504,39,592,0,105,9,1,-1,-1
505,39,592,0,105,9,1,-1,-1
506,39,592,0,105,9,1,-1,-1
507,39,592,0,105,10,1,-1,-1
508,39,592,0,105,10,1,-1,-1
509,39,592,0,105,10,1,-1,-1
510,39,592,0,105,10,1,-1,-1
511,39,592,0,105,11,1,-1,-1
512,39,592,0,105,11,1,-1,-1
513,39,592,0,105,11,1,-1,-1
514,39,592,0,105,12,1,-1,-1
515,39,592,0,105,12,1,-1,-1
516,39,592,0,105,12,1,-1,-1
517,39,592,0,105,12,1,-1,-1
518,39,592,0,105,13,1,-1,-1
519,39,592,0,105,13,1,-1,-1
520,39,592,0,105,13,1,-1,-1
521,39,592,0,105,13,1,-1,-1
522,39,592,0,105,14,1,-1,-1
523,39,592,0,105,14,1,-1,-1
524,39,592,0,105,14,1,-1,-1
525,39,592,0,105,15,1,-1,-1
526,39,592,0,105,15,1,-1,-1
527,39,592,0,105,15,1,-1,-1
528,39,592,0,105,15,1,-1,-1
529,39,592,0,105,16,1,-1,-1
530,39,592,0,105,16,1,-1,-1
531,39,592,0,105,16,1,-1,-1
532,39,592,0,105,16,1,-1,-1
533,39,592,0,105,17,1,-1,-1
534,39,592,0,105,17,1,-1,-1
535,39,592,0,105,17,1,-1,-1
536,39,592,0,105,18,1,-1,-1
537,39,592,0,105,18,1,-1,-1
538,39,592,0,105,18,1,-1,-1
539,39,592,0,105,18,1,-1,-1
540,39,592,0,105,19,1,-1,-1
541,39,592,0,105,19,1,-1,-1
542,39,592,0,105,19,1,-1,-1
543,39,592,0,105,20,1,-1,-1
544,39,592,0,104,21,1,-1,-1
545,39,593,0,103,22,1,-1,-1
546,39,594,0,102,23,1,-1,-1
547,39,594,0,102,24,1,-1,-1
548,39,595,0,101,26,1,-1,-1
549,39,596,0,99,27,1,-1,-1
550,39,596,0,99,28,1,-1,-1
551,39,597,0,98,29,1,-1,-1
552,39,598,0,97,30,1,-1,-1
553,39,599,0,96,32,1,-1,-1
554,39,599,0,95,32,1,-1,-1
555,39,599,0,95,32,1,-1,-1
556,39,599,0,95,32,1,-1,-1
557,39,599,0,95,32,1,-1,-1
558,39,599,0,95,33,1,-1,-1
559,39,599,0,95,33,1,-1,-1
560,39,599,0,95,33,1,-1,-1
561,39,599,0,95,33,1,-1,-1
562,39,599,0,95,33,1,-1,-1
563,39,599,0,95,34,1,-1,-1
564,39,599,0,95,34,1,-1,-1
565,39,599,0,95,34,1,-1,-1
566,39,599,0,95,34,1,-1,-1
567,39,599,0,95,35,1,-1,-1
568,39,599,0,95,35,1,-1,-1
569,39,599,0,95,35,1,-1,-1
570,39,599,0,95,35,1,-1,-1
571,39,599,0,95,35,1,-1,-1
572,39,599,0,95,36,1,-1,-1
573,39,599,0,95,36,1,-1,-1
574,39,599,0,95,36,1,-1,-1
575,39,599,0,95,36,1,-1,-1
576,39,599,0,95,36,1,-1,-1
577,39,599,0,95,37,1,-1,-1
578,39,599,0,95,37,1,-1,-1
579,39,599,0,95,37,1,-1,-1
580,39,599,0,95,37,1,-1,-1
581,39,599,0,95,38,1,-1,-1
582,39,599,0,95,38,1,-1,-1
583,39,599,0,95,38,1,-1,-1
584,39,599,0,95,38,1,-1,-1
585,39,599,0,95,38,1,-1,-1
586,39,599,0,95,39,1,-1,-1
587,39,599,0,95,39,1,-1,-1
588,39,599,0,95,39,1,-1,-1
589,39,599,0,95,39,1,-1,-1
590,39,599,0,95,40,1,-1,-1
591,39,599,0,95,40,1,-1,-1
592,39,599,0,95,40,1,-1,-1
593,39,599,0,95,40,1,-1,-1
594,39,599,0,95,40,1,-1,-1
595,39,599,0,95,41,1,-1,-1
596,39,599,0,95,41,1,-1,-1
597,39,599,0,95,41,1,-1,-1
598,39,599,0,95,41,1,-1,-1
599,39,599,0,95,41,1,-1,-1
600,39,599,0,95,42,1,-1,-1
601,39,599,0,95,42,1,-1,-1
602,39,599,0,95,42,1,-1,-1
603,39,599,0,95,42,1,-1,-1
604,39,599,0,95,43,1,-1,-1
605,39,599,0,95,43,1,-1,-1
606,39,599,0,95,43,1,-1,-1
607,39,599,0,95,43,1,-1,-1
608,39,599,0,95,43,1,-1,-1
609,39,599,0,95,44,1,-1,-1
610,39,599,0,95,44,1,-1,-1
611,39,599,0,95,44,1,-1,-1
612,39,599,0,95,44,1,-1,-1
613,39,599,0,95,45,1,-1,-1
301,56,686,0,324,175,1,-1,-1
302,56,686,0,324,175,1,-1,-1
303,56,686,0,325,175,1,-1,-1
304,56,686,0,325,176,1,-1,-1
305,56,686,0,326,176,1,-1,-1
306,56,686,0,326,177,1,-1,-1
307,56,686,0,327,177,1,-1,-1
308,56,687,0,326,178,1,-1,-1
309,56,687,0,327,178,1,-1,-1
310,56,687,0,327,179,1,-1,-1
311,56,687,0,328,179,1,-1,-1
312,56,687,0,329,179,1,-1,-1
313,56,687,0,329,180,1,-1,-1
314,56,687,0,330,180,1,-1,-1
315,56,688,0,329,181,1,-1,-1
316,56,688,0,330,181,1,-1,-1
317,56,688,0,330,182,1,-1,-1
318,56,688,0,331,182,1,-1,-1
319,56,688,0,331,183,1,-1,-1
320,56,688,0,332,183,1,-1,-1
321,56,689,1,332,183,1,-1,-1
322,56,689,0,331,186,1,-1,-1
323,56,690,0,330,188,1,-1,-1
324,56,691,0,328,190,1,-1,-1
325,56,691,0,328,192,1,-1,-1
326,56,692,0,326,194,1,-1,-1
327,56,693,0,325,196,1,-1,-1
328,56,693,0,324,198,1,-1,-1
329,56,694,0,323,200,1,-1,-1
330,56,695,0,321,202,1,-1,-1
331,56,696,0,320,204,1,-1,-1
332,56,696,0,319,205,1,-1,-1
333,56,696,0,319,206,1,-1,-1
334,56,696,0,318,207,1,-1,-1
335,56,696,0,318,208,1,-1,-1
336,56,696,0,317,209,1,-1,-1
337,56,696,0,317,210,1,-1,-1
338,56,696,0,316,211,1,-1,-1
339,56,696,0,316,212,1,-1,-1
340,56,696,0,315,213,1,-1,-1
341,56,696,0,315,214,1,-1,-1
342,56,695,0,314,214,1,-1,-1
343,56,694,0,314,214,1,-1,-1
344,56,693,0,313,214,1,-1,-1
345,56,692,0,313,214,1,-1,-1
346,56,692,0,311,214,1,-1,-1
347,56,691,0,311,214,1,-1,-1
348,56,690,0,310,214,1,-1,-1
349,56,689,0,310,214,1,-1,-1
350,56,688,0,309,214,1,-1,-1
351,56,688,1,308,214,1,-1,-1
352,56,688,1,306,215,1,-1,-1
353,56,688,1,304,216,1,-1,-1
354,56,688,1,303,217,1,-1,-1
355,56,688,1,301,219,1,-1,-1
356,56,689,1,299,220,1,-1,-1
357,56,689,1,297,221,1,-1,-1
358,56,689,1,295,223,1,-1,-1
359,56,689,1,294,224,1,-1,-1
360,56,689,1,292,225,1,-1,-1
361,56,690,2,290,226,1,-1,-1
362,56,690,2,288,220,1,-1,-1
363,56,690,2,287,215,1,-1,-1
364,56,690,2,286,209,1,-1,-1
365,56,691,2,283,204,1,-1,-1
366,56,691,2,282,198,1,-1,-1
367,56,691,2,281,193,1,-1,-1
368,56,692,2,278,187,1,-1,-1
369,56,692,2,277,182,1,-1,-1
370,56,692,2,276,176,1,-1,-1
371,56,693,3,274,170,1,-1,-1
372,56,693,3,272,171,1,-1,-1
373,56,693,3,270,172,1,-1,-1
374,56,693,3,268,173,1,-1,-1
375,56,693,3,266,174,1,-1,-1
376,56,694,3,264,175,1,-1,-1
377,56,694,3,262,176,1,-1,-1
378,56,694,3,260,177,1,-1,-1
379,56,694,3,258,178,1,-1,-1
380,56,694,3,256,179,1,-1,-1
381,56,695,4,254,180,1,-1,-1
382,56,695,4,256,181,1,-1,-1
383,56,695,4,259,182,1,-1,-1
384,56,695,4,262,183,1,-1,-1
385,56,695,4,264,184,1,-1,-1
386,56,696,4,266,185,1,-1,-1
387,56,696,4,269,186,1,-1,-1
388,56,696,4,271,187,1,-1,-1
389,56,696,4,274,188,1,-1,-1
390,56,696,4,277,189,1,-1,-1
391,56,697,5,279,189,1,-1,-1
392,56,697,5,280,190,1,-1,-1
393,56,697,5,281,191,1,-1,-1
394,56,697,5,282,192,1,-1,-1
395,56,697,5,283,193,1,-1,-1
396,56,698,5,283,194,1,-1,-1
397,56,698,5,284,195,1,-1,-1
398,56,698,5,285,196,1,-1,-1
399,56,698,5,286,197,1,-1,-1
400,56,698,5,287,198,1,-1,-1
401,56,699,6,288,198,1,-1,-1
402,56,699,6,288,199,1,-1,-1
403,56,699,6,289,200,1,-1,-1
404,56,699,6,290,201,1,-1,-1
405,56,699,6,291,202,1,-1,-1
406,56,700,6,291,204,1,-1,-1
407,56,700,6,291,205,1,-1,-1
408,56,700,6,292,206,1,-1,-1
409,56,700,6,293,207,1,-1,-1
410,56,700,6,294,208,1,-1,-1
411,56,701,7,294,209,1,-1,-1
412,56,701,6,293,211,1,-1,-1
413,56,701,5,293,213,1,-1,-1
414,56,701,4,292,215,1,-1,-1
415,56,701,4,292,217,1,-1,-1
416,56,701,3,292,219,1,-1,-1
417,56,701,2,291,221,1,-1,-1
418,56,701,2,291,223,1,-1,-1
419,56,701,1,290,225,1,-1,-1
420,56,701,0,290,227,1,-1,-1
421,56,701,0,290,229,1,-1,-1
422,56,699,0,293,230,1,-1,-1
423,56,698,0,295,232,1,-1,-1
424,56,697,1,297,232,1,-1,-1
425,56,696,1,300,234,1,-1,-1
426,56,695,2,302,234,1,-1,-1
427,56,694,2,304,236,1,-1,-1
428,56,693,2,307,237,1,-1,-1
429,56,692,3,309,238,1,-1,-1
430,56,691,3,311,239,1,-1,-1
431,56,690,4,314,240,1,-1,-1
432,56,690,4,315,241,1,-1,-1
433,56,691,5,315,242,1,-1,-1
434,56,692,5,315,244,1,-1,-1
435,56,693,6,315,245,1,-1,-1
436,56,694,6,316,247,1,-1,-1
437,56,695,7,316,247,1,-1,-1
438,56,696,7,316,249,1,-1,-1
439,56,697,8,316,250,1,-1,-1
440,56,698,8,316,252,1,-1,-1
441,56,699,9,317,253,1,-1,-1
442,56,698,8,318,254,1,-1,-1
443,56,698,7,318,256,1,-1,-1
444,56,698,7,318,257,1,-1,-1
445,56,697,6,320,259,1,-1,-1
446,56,697,6,320,260,1,-1,-1
447,56,697,5,320,262,1,-1,-1
448,56,696,4,322,264,1,-1,-1
449,56,696,4,322,265,1,-1,-1
450,56,696,3,322,267,1,-1,-1
451,56,696,3,323,268,1,-1,-1
452,56,697,2,321,270,1,-1,-1
453,56,698,2,319,272,1,-1,-1
454,56,700,2,316,274,1,-1,-1
455,56,701,1,314,277,1,-1,-1
456,56,703,1,311,279,1,-1,-1
457,56,704,1,309,280,1,-1,-1
458,56,705,0,307,283,1,-1,-1
459,56,707,0,304,285,1,-1,-1
460,56,708,0,302,287,1,-1,-1
461,56,710,0,299,289,1,-1,-1
462,56,708,0,299,278,1,-1,-1
463,56,706,0,299,267,1,-1,-1
464,56,704,0,299,256,1,-1,-1
465,56,703,0,299,246,1,-1,-1
466,56,701,0,299,235,1,-1,-1
467,56,699,0,299,224,1,-1,-1
468,56,698,0,299,214,1,-1,-1
469,56,696,0,299,203,1,-1,-1
470,56,694,0,299,192,1,-1,-1
471,56,693,0,299,182,1,-1,-1
472,56,693,0,300,183,1,-1,-1
473,56,694,0,301,184,1,-1,-1
474,56,694,0,302,185,1,-1,-1
475,56,695,1,303,185,1,-1,-1
476,56,695,1,304,187,1,-1,-1
477,56,696,1,305,188,1,-1,-1
478,56,696,2,306,188,1,-1,-1
479,56,697,2,307,189,1,-1,-1
480,56,697,2,308,190,1,-1,-1
481,56,698,3,309,191,1,-1,-1
482,56,697,2,309,192,1,-1,-1
483,56,696,2,310,193,1,-1,-1
484,56,695,2,311,194,1,-1,-1
485,56,695,1,311,196,1,-1,-1
486,56,694,1,312,197,1,-1,-1
487,56,693,1,313,198,1,-1,-1
488,56,693,0,313,200,1,-1,-1
489,56,692,0,314,201,1,-1,-1
490,56,691,0,315,202,1,-1,-1
491,56,691,0,315,203,1,-1,-1
492,56,691,0,316,204,1,-1,-1
493,56,691,0,317,205,1,-1,-1
494,56,691,0,318,206,1,-1,-1
495,56,692,0,318,207,1,-1,-1
496,56,692,0,319,208,1,-1,-1
497,56,692,0,320,209,1,-1,-1
498,56,693,0,320,210,1,-1,-1
499,56,693,0,321,211,1,-1,-1
500,56,693,0,322,212,1,-1,-1
501,56,694,0,322,213,1,-1,-1
502,56,693,0,322,212,1,-1,-1
503,56,693,0,321,212,1,-1,-1
504,56,693,0,320,212,1,-1,-1
505,56,692,0,321,212,1,-1,-1
506,56,692,0,320,212,1,-1,-1
507,56,692,0,319,211,1,-1,-1
508,56,691,0,320,211,1,-1,-1
509,56,691,0,319,211,1,-1,-1
510,56,691,0,318,211,1,-1,-1
511,56,691,0,318,211,1,-1,-1
512,56,691,0,318,212,1,-1,-1
513,56,691,0,319,213,1,-1,-1
514,56,692,0,319,215,1,-1,-1
515,56,692,0,319,216,1,-1,-1
516,56,693,0,319,218,1,-1,-1
517,56,693,0,320,219,1,-1,-1
518,56,693,0,320,220,1,-1,-1
519,56,694,0,320,222,1,-1,-1
520,56,694,0,321,223,1,-1,-1
521,56,695,1,321,224,1,-1,-1
522,56,695,1,321,225,1,-1,-1
523,56,696,1,321,226,1,-1,-1
524,56,696,1,322,227,1,-1,-1
525,56,697,2,321,228,1,-1,-1
526,56,698,2,321,229,1,-1,-1
527,56,698,2,322,230,1,-1,-1
528,56,699,3,321,231,1,-1,-1
529,56,699,3,322,232,1,-1,-1
530,56,700,3,322,233,1,-1,-1
531,56,701,4,322,234,1,-1,-1
532,56,701,4,321,235,1,-1,-1
533,56,702,4,320,236,1,-1,-1
534,56,702,4,320,237,1,-1,-1
535,56,703,4,319,238,1,-1,-1
536,56,704,4,318,239,1,-1,-1
537,56,704,4,317,240,1,-1,-1
538,56,705,4,316,241,1,-1,-1
539,56,705,4,316,242,1,-1,-1
540,56,706,4,315,243,1,-1,-1
541,56,707,4,314,244,1,-1,-1
542,56,707,3,311,246,1,-1,-1
543,56,707,3,308,248,1,-1,-1
544,56,707,2,305,250,1,-1,-1
545,56,707,2,302,252,1,-1,-1
546,56,707,2,299,253,1,-1,-1
547,56,707,1,296,256,1,-1,-1
548,56,707,1,293,257,1,-1,-1
549,56,707,0,290,260,1,-1,-1
550,56,707,0,287,261,1,-1,-1
551,56,708,0,283,263,1,-1,-1
552,56,707,0,286,263,1,-1,-1
553,56,707,0,288,264,1,-1,-1
554,56,706,1,292,263,1,-1,-1
555,56,706,1,294,264,1,-1,-1
556,56,705,1,297,264,1,-1,-1
557,56,705,2,300,264,1,-1,-1
558,56,704,2,303,265,1,-1,-1
559,56,704,2,305,265,1,-1,-1
560,56,703,3,309,265,1,-1,-1
561,56,703,3,311,265,1,-1,-1
562,56,702,3,314,266,1,-1,-1
563,56,702,4,317,266,1,-1,-1
564,56,710,7,310,265,1,-1,-1
565,56,718,10,303,265,1,-1,-1
566,56,726,14,296,264,1,-1,-1
567,56,723,11,296,268,1,-1,-1
568,56,720,8,297,272,1,-1,-1
569,56,717,6,297,276,1,-1,-1
570,56,714,3,298,280,1,-1,-1
571,56,711,1,299,284,1,-1,-1
572,56,711,1,300,285,1,-1,-1
573,56,712,1,300,286,1,-1,-1
574,56,712,2,301,287,1,-1,-1
575,56,713,2,301,288,1,-1,-1
576,56,713,3,302,289,1,-1,-1
577,56,714,3,302,290,1,-1,-1
578,56,714,3,303,291,1,-1,-1
579,56,715,4,303,292,1,-1,-1
580,56,715,4,304,293,1,-1,-1
581,56,716,5,304,294,1,-1,-1
582,56,716,5,304,295,1,-1,-1
583,56,716,5,304,296,1,-1,-1
584,56,716,6,304,296,1,-1,-1
585,56,716,6,304,298,1,-1,-1
586,56,716,7,304,298,1,-1,-1
587,56,716,7,305,299,1,-1,-1
588,56,716,7,305,300,1,-1,-1
589,56,716,8,305,301,1,-1,-1
590,56,716,8,305,302,1,-1,-1
591,56,716,9,305,302,1,-1,-1
592,56,716,9,305,303,1,-1,-1
593,56,716,10,306,304,1,-1,-1
594,56,719,11,303,305,1,-1,-1
595,56,722,12,300,307,1,-1,-1
596,56,726,14,296,308,1,-1,-1
597,56,722,11,300,314,1,-1,-1
598,56,719,8,303,320,1,-1,-1
599,56,715,5,307,327,1,-1,-1
600,56,712,2,310,333,1,-1,-1
601,56,709,0,314,339,1,-1,-1
602,56,708,7,315,331,1,-1,-1
603,56,707,14,316,324,1,-1,-1
604,56,706,21,317,317,1,-1,-1
605,56,705,28,318,310,1,-1,-1
606,56,704,35,319,302,1,-1,-1
607,56,704,43,319,294,1,-1,-1
608,56,703,50,320,287,1,-1,-1
609,56,702,57,321,280,1,-1,-1
610,56,701,64,322,272,1,-1,-1
611,56,700,71,323,265,1,-1,-1
612,56,699,78,324,258,1,-1,-1
613,56,699,86,324,250,1,-1,-1
601,57,686,8,211,41,1,-1,-1
602,57,686,8,211,41,1,-1,-1
603,57,686,8,211,41,1,-1,-1
604,57,686,8,211,41,1,-1,-1
605,57,686,8,211,41,1,-1,-1
606,57,686,8,211,41,1,-1,-1
607,57,686,8,211,41,1,-1,-1
608,57,686,8,211,41,1,-1,-1
609,57,686,8,211,41,1,-1,-1
610,57,686,8,211,41,1,-1,-1
611,57,686,8,211,41,1,-1,-1
612,57,686,8,211,41,1,-1,-1
613,57,686,8,211,41,1,-1,-1
