301,74,501,1,81,54,1,-1,-1
302,74,501,1,81,54,1,-1,-1
303,74,501,1,81,54,1,-1,-1
304,74,501,1,81,54,1,-1,-1
305,74,501,1,81,54,1,-1,-1
306,74,501,1,81,54,1,-1,-1
307,74,501,1,81,54,1,-1,-1
308,74,501,1,81,54,1,-1,-1
309,74,501,1,81,54,1,-1,-1
310,74,501,1,81,54,1,-1,-1
311,74,501,1,81,54,1,-1,-1
312,74,501,1,81,54,1,-1,-1
313,74,501,1,81,54,1,-1,-1
314,74,501,1,81,54,1,-1,-1
315,74,501,1,81,54,1,-1,-1
316,74,501,1,81,54,1,-1,-1
317,74,501,1,81,54,1,-1,-1
318,74,501,1,81,54,1,-1,-1
319,74,501,1,81,54,1,-1,-1
320,74,501,1,81,54,1,-1,-1
321,74,501,1,81,54,1,-1,-1
322,74,501,1,81,54,1,-1,-1
323,74,501,1,81,54,1,-1,-1
324,74,501,1,81,54,1,-1,-1
325,74,501,1,81,54,1,-1,-1
326,74,501,1,81,54,1,-1,-1
327,74,501,1,81,54,1,-1,-1
328,74,501,1,81,54,1,-1,-1
329,74,501,1,81,54,1,-1,-1
330,74,501,1,81,54,1,-1,-1
331,74,501,1,81,54,1,-1,-1
332,74,501,1,81,54,1,-1,-1
333,74,501,1,81,54,1,-1,-1
334,74,501,1,81,54,1,-1,-1
335,74,501,1,81,54,1,-1,-1
336,74,501,1,81,54,1,-1,-1
337,74,501,1,81,54,1,-1,-1
338,74,501,1,81,54,1,-1,-1
339,74,501,1,81,54,1,-1,-1
340,74,501,1,81,54,1,-1,-1
341,74,501,1,81,54,1,-1,-1
342,74,501,1,81,54,1,-1,-1
343,74,501,1,81,54,1,-1,-1
344,74,501,1,81,54,1,-1,-1
345,74,501,1,81,54,1,-1,-1
346,74,501,1,81,54,1,-1,-1
347,74,501,1,81,54,1,-1,-1
348,74,501,1,81,54,1,-1,-1
349,74,501,1,81,54,1,-1,-1
350,74,501,1,81,54,1,-1,-1
351,74,501,1,81,54,1,-1,-1
352,74,501,1,81,54,1,-1,-1
353,74,501,1,81,54,1,-1,-1
354,74,501,1,81,54,1,-1,-1
355,74,501,1,81,54,1,-1,-1
356,74,501,1,81,54,1,-1,-1
357,74,501,1,81,54,1,-1,-1
358,74,501,1,81,54,1,-1,-1
359,74,501,1,81,54,1,-1,-1
360,74,501,1,81,54,1,-1,-1
361,74,501,1,81,54,1,-1,-1
362,74,501,1,81,54,1,-1,-1
363,74,501,1,81,54,1,-1,-1
364,74,501,1,81,54,1,-1,-1
365,74,501,1,81,54,1,-1,-1
366,74,501,1,81,54,1,-1,-1
367,74,501,1,81,54,1,-1,-1
368,74,501,1,81,54,1,-1,-1
369,74,501,1,81,54,1,-1,-1
370,74,501,1,81,54,1,-1,-1
371,74,501,1,81,54,1,-1,-1
372,74,501,1,81,54,1,-1,-1
373,74,501,1,81,54,1,-1,-1
374,74,501,1,81,54,1,-1,-1
375,74,501,1,81,54,1,-1,-1
376,74,501,1,81,54,1,-1,-1
377,74,501,1,81,54,1,-1,-1
378,74,501,1,81,54,1,-1,-1
379,74,501,1,81,54,1,-1,-1
380,74,501,1,81,54,1,-1,-1
381,74,501,1,81,54,1,-1,-1
382,74,501,1,81,54,1,-1,-1
383,74,501,1,81,54,1,-1,-1
384,74,501,1,81,54,1,-1,-1
385,74,501,1,81,54,1,-1,-1
386,74,501,1,81,54,1,-1,-1
387,74,501,1,81,54,1,-1,-1
388,74,501,1,81,54,1,-1,-1
389,74,501,1,81,54,1,-1,-1
390,74,501,1,81,54,1,-1,-1
391,74,501,1,81,54,1,-1,-1
392,74,501,1,81,54,1,-1,-1
393,74,501,1,81,54,1,-1,-1
394,74,501,1,81,54,1,-1,-1
395,74,501,1,81,54,1,-1,-1
396,74,501,1,81,54,1,-1,-1
397,74,501,1,81,54,1,-1,-1
398,74,501,1,81,54,1,-1,-1
399,74,501,1,81,54,1,-1,-1
400,74,501,1,81,54,1,-1,-1
401,74,501,1,81,54,1,-1,-1
402,74,501,1,81,54,1,-1,-1
403,74,501,1,81,54,1,-1,-1
404,74,501,1,81,54,1,-1,-1
405,74,501,1,81,54,1,-1,-1
406,74,501,1,81,54,1,-1,-1
407,74,501,1,81,54,1,-1,-1
408,74,501,1,81,54,1,-1,-1
409,74,501,1,81,54,1,-1,-1
410,74,501,1,81,54,1,-1,-1
411,74,501,1,81,54,1,-1,-1
412,74,501,1,81,54,1,-1,-1
413,74,501,1,81,54,1,-1,-1
414,74,501,1,81,54,1,-1,-1
415,74,501,1,81,54,1,-1,-1
416,74,501,1,81,54,1,-1,-1
417,74,501,1,81,54,1,-1,-1
418,74,501,1,81,54,1,-1,-1
419,74,501,1,81,54,1,-1,-1
420,74,501,1,81,54,1,-1,-1
421,74,501,1,81,54,1,-1,-1
422,74,501,1,81,54,1,-1,-1
423,74,501,1,81,54,1,-1,-1
424,74,501,1,81,54,1,-1,-1
425,74,501,1,81,54,1,-1,-1
426,74,501,1,81,54,1,-1,-1
427,74,501,1,81,54,1,-1,-1
428,74,501,1,81,54,1,-1,-1
429,74,501,1,81,54,1,-1,-1
430,74,501,1,81,54,1,-1,-1
431,74,501,1,81,54,1,-1,-1
432,74,501,1,81,54,1,-1,-1
433,74,501,1,81,54,1,-1,-1
434,74,501,1,81,54,1,-1,-1
435,74,501,1,81,54,1,-1,-1
436,74,501,1,81,54,1,-1,-1
437,74,501,1,81,54,1,-1,-1
438,74,501,1,81,54,1,-1,-1
439,74,501,1,81,54,1,-1,-1
440,74,501,1,81,54,1,-1,-1
441,74,501,1,81,54,1,-1,-1
442,74,501,1,81,54,1,-1,-1
443,74,501,1,81,54,1,-1,-1
444,74,501,1,81,54,1,-1,-1
445,74,501,1,81,54,1,-1,-1
446,74,501,1,81,54,1,-1,-1
447,74,501,1,81,54,1,-1,-1
448,74,501,1,81,54,1,-1,-1
449,74,501,1,81,54,1,-1,-1
450,74,501,1,81,54,1,-1,-1
451,74,501,1,81,54,1,-1,-1
452,74,501,1,81,54,1,-1,-1
453,74,501,1,81,54,1,-1,-1
454,74,501,1,81,54,1,-1,-1
455,74,501,1,81,54,1,-1,-1
456,74,501,1,81,54,1,-1,-1
457,74,501,1,81,54,1,-1,-1
458,74,501,1,81,54,1,-1,-1
459,74,501,1,81,54,1,-1,-1
460,74,501,1,81,54,1,-1,-1
461,74,501,1,81,54,1,-1,-1
462,74,501,1,81,54,1,-1,-1
463,74,501,1,81,54,1,-1,-1
464,74,501,1,81,54,1,-1,-1
465,74,501,1,81,54,1,-1,-1
466,74,501,1,81,54,1,-1,-1
467,74,501,1,81,54,1,-1,-1
468,74,501,1,81,54,1,-1,-1
469,74,501,1,81,54,1,-1,-1
470,74,501,1,81,54,1,-1,-1
471,74,501,1,81,54,1,-1,-1
472,74,501,1,81,54,1,-1,-1
473,74,501,1,81,54,1,-1,-1
474,74,501,1,81,54,1,-1,-1
475,74,501,1,81,54,1,-1,-1
476,74,501,1,81,54,1,-1,-1
477,74,501,1,81,54,1,-1,-1
478,74,501,1,81,54,1,-1,-1
479,74,501,1,81,54,1,-1,-1
480,74,501,1,81,54,1,-1,-1
481,74,501,1,81,54,1,-1,-1
482,74,501,1,81,54,1,-1,-1
483,74,501,1,81,54,1,-1,-1
484,74,501,1,81,54,1,-1,-1
485,74,501,1,81,54,1,-1,-1
486,74,501,1,81,54,1,-1,-1
487,74,501,1,81,54,1,-1,-1
488,74,501,1,81,54,1,-1,-1
489,74,501,1,81,54,1,-1,-1
490,74,501,1,81,54,1,-1,-1
491,74,501,1,81,54,1,-1,-1
492,74,501,1,81,54,1,-1,-1
493,74,501,1,81,54,1,-1,-1
494,74,501,1,81,54,1,-1,-1
495,74,501,1,81,54,1,-1,-1
496,74,501,1,81,54,1,-1,-1
497,74,501,1,81,54,1,-1,-1
498,74,501,1,81,54,1,-1,-1
499,74,501,1,81,54,1,-1,-1
500,74,501,1,81,54,1,-1,-1
501,74,501,1,81,54,1,-1,-1
502,74,501,1,81,54,1,-1,-1
503,74,501,1,81,54,1,-1,-1
504,74,501,1,81,54,1,-1,-1
505,74,501,1,81,54,1,-1,-1
506,74,501,1,81,54,1,-1,-1
507,74,501,1,81,54,1,-1,-1
508,74,501,1,81,54,1,-1,-1
509,74,501,1,81,54,1,-1,-1
510,74,501,1,81,54,1,-1,-1
511,74,501,1,81,54,1,-1,-1
512,74,501,1,81,54,1,-1,-1
513,74,501,1,81,54,1,-1,-1
514,74,501,1,81,54,1,-1,-1
1,75,403,0,82,55,1,-1,-1
2,75,403,0,82,54,1,-1,-1
3,75,403,0,82,54,1,-1,-1
4,75,403,0,82,54,1,-1,-1
5,75,403,0,82,54,1,-1,-1
6,75,403,0,83,54,1,-1,-1
7,75,403,0,83,54,1,-1,-1
8,75,403,0,83,54,1,-1,-1
9,75,403,0,83,54,1,-1,-1
10,75,403,0,83,54,1,-1,-1
11,75,403,0,84,54,1,-1,-1
12,75,403,0,84,54,1,-1,-1
13,75,403,0,84,54,1,-1,-1
14,75,403,0,84,54,1,-1,-1
15,75,403,0,84,54,1,-1,-1
16,75,403,0,85,54,1,-1,-1
17,75,403,0,85,54,1,-1,-1
18,75,403,0,85,54,1,-1,-1
19,75,403,0,85,54,1,-1,-1
20,75,403,0,85,54,1,-1,-1
21,75,403,0,86,54,1,-1,-1
22,75,403,0,86,54,1,-1,-1
23,75,403,0,86,54,1,-1,-1
24,75,403,0,86,54,1,-1,-1
25,75,403,0,87,54,1,-1,-1
26,75,403,0,87,54,1,-1,-1
27,75,403,0,87,54,1,-1,-1
28,75,403,0,87,54,1,-1,-1
29,75,403,0,87,54,1,-1,-1
30,75,403,0,88,54,1,-1,-1
31,75,403,0,88,54,1,-1,-1
32,75,403,0,88,54,1,-1,-1
33,75,403,0,88,54,1,-1,-1
34,75,403,0,88,54,1,-1,-1
35,75,403,0,89,54,1,-1,-1
36,75,403,0,89,54,1,-1,-1
37,75,403,0,89,54,1,-1,-1
38,75,403,0,89,54,1,-1,-1
39,75,403,0,89,54,1,-1,-1
40,75,403,0,90,54,1,-1,-1
41,75,403,0,90,54,1,-1,-1
42,75,403,0,90,54,1,-1,-1
43,75,403,0,90,54,1,-1,-1
44,75,403,0,91,54,1,-1,-1
45,75,403,0,91,54,1,-1,-1
46,75,403,0,91,54,1,-1,-1
47,75,403,0,91,54,1,-1,-1
48,75,403,0,91,54,1,-1,-1
49,75,403,0,92,54,1,-1,-1
50,75,403,0,92,54,1,-1,-1
51,75,403,0,92,54,1,-1,-1
52,75,403,0,92,54,1,-1,-1
53,75,403,0,92,54,1,-1,-1
54,75,403,0,93,54,1,-1,-1
55,75,403,0,93,54,1,-1,-1
56,75,403,0,93,54,1,-1,-1
57,75,403,0,93,54,1,-1,-1
58,75,403,0,93,54,1,-1,-1
59,75,403,0,94,54,1,-1,-1
60,75,403,0,94,54,1,-1,-1
61,75,403,0,94,54,1,-1,-1
62,75,403,0,94,54,1,-1,-1
63,75,404,0,94,54,1,-1,-1
64,75,404,0,94,54,1,-1,-1
65,75,404,0,94,54,1,-1,-1
66,75,404,0,94,54,1,-1,-1
67,75,404,0,94,54,1,-1,-1
68,75,404,0,94,54,1,-1,-1
69,75,404,0,94,54,1,-1,-1
70,75,404,0,94,54,1,-1,-1
71,75,404,0,94,54,1,-1,-1
72,75,404,0,94,54,1,-1,-1
73,75,404,0,94,54,1,-1,-1
74,75,404,0,94,54,1,-1,-1
75,75,404,0,94,54,1,-1,-1
76,75,404,0,94,54,1,-1,-1
77,75,404,0,94,54,1,-1,-1
78,75,404,0,94,54,1,-1,-1
79,75,404,0,94,54,1,-1,-1
80,75,404,0,94,54,1,-1,-1
81,75,404,0,94,54,1,-1,-1
82,75,404,0,94,54,1,-1,-1
83,75,404,0,94,54,1,-1,-1
84,75,404,0,94,54,1,-1,-1
85,75,404,0,94,54,1,-1,-1
86,75,404,0,94,54,1,-1,-1
87,75,405,0,93,54,1,-1,-1
88,75,405,0,93,54,1,-1,-1
89,75,405,0,93,54,1,-1,-1
90,75,405,0,93,54,1,-1,-1
91,75,405,0,93,54,1,-1,-1
92,75,405,0,93,54,1,-1,-1
93,75,405,0,93,54,1,-1,-1
94,75,405,0,93,54,1,-1,-1
95,75,405,0,93,54,1,-1,-1
96,75,405,0,93,54,1,-1,-1
97,75,405,0,93,54,1,-1,-1
98,75,405,0,93,54,1,-1,-1
99,75,405,0,93,54,1,-1,-1
100,75,405,0,93,54,1,-1,-1
101,75,405,0,93,54,1,-1,-1
102,75,405,0,93,54,1,-1,-1
103,75,405,0,93,54,1,-1,-1
104,75,405,0,93,54,1,-1,-1
105,75,405,0,93,54,1,-1,-1
106,75,405,0,93,54,1,-1,-1
107,75,405,0,93,54,1,-1,-1
108,75,405,0,93,54,1,-1,-1
109,75,405,0,93,54,1,-1,-1
110,75,405,0,93,54,1,-1,-1
111,75,406,0,92,54,1,-1,-1
112,75,406,0,92,54,1,-1,-1
113,75,406,0,92,54,1,-1,-1
114,75,406,0,92,54,1,-1,-1
115,75,406,0,92,54,1,-1,-1
116,75,406,0,92,54,1,-1,-1
117,75,406,0,92,54,1,-1,-1
118,75,406,0,92,54,1,-1,-1
119,75,406,0,92,54,1,-1,-1
120,75,406,0,92,54,1,-1,-1
121,75,406,0,92,54,1,-1,-1
122,75,406,0,92,54,1,-1,-1
123,75,406,0,92,54,1,-1,-1
124,75,406,0,92,54,1,-1,-1
125,75,406,0,92,54,1,-1,-1
126,75,406,0,92,54,1,-1,-1
127,75,406,0,92,54,1,-1,-1
128,75,406,0,92,54,1,-1,-1
129,75,406,0,92,54,1,-1,-1
130,75,406,0,92,54,1,-1,-1
131,75,406,0,92,54,1,-1,-1
132,75,406,0,92,54,1,-1,-1
133,75,406,0,92,54,1,-1,-1
134,75,406,0,92,54,1,-1,-1
135,75,407,0,91,54,1,-1,-1
136,75,407,0,91,54,1,-1,-1
137,75,407,0,91,54,1,-1,-1
138,75,407,0,91,54,1,-1,-1
139,75,407,0,91,54,1,-1,-1
140,75,407,0,91,54,1,-1,-1
141,75,407,0,91,54,1,-1,-1
142,75,407,0,91,54,1,-1,-1
143,75,407,0,91,54,1,-1,-1
144,75,407,0,91,54,1,-1,-1
145,75,407,0,91,54,1,-1,-1
146,75,407,0,91,54,1,-1,-1
147,75,407,0,91,54,1,-1,-1
148,75,407,0,91,54,1,-1,-1
149,75,407,0,91,54,1,-1,-1
150,75,407,0,91,54,1,-1,-1
151,75,407,0,91,54,1,-1,-1
152,75,407,0,91,54,1,-1,-1
153,75,407,0,91,54,1,-1,-1
154,75,407,0,91,54,1,-1,-1
155,75,407,0,91,54,1,-1,-1
156,75,407,0,91,54,1,-1,-1
157,75,407,0,91,54,1,-1,-1
158,75,407,0,91,54,1,-1,-1
159,75,408,0,90,54,1,-1,-1
160,75,408,0,90,54,1,-1,-1
161,75,408,0,90,54,1,-1,-1
162,75,408,0,90,54,1,-1,-1
163,75,408,0,90,54,1,-1,-1
164,75,408,0,90,54,1,-1,-1
165,75,408,0,90,54,1,-1,-1
166,75,408,0,90,54,1,-1,-1
167,75,408,0,90,54,1,-1,-1
168,75,408,0,90,54,1,-1,-1
169,75,408,0,90,54,1,-1,-1
170,75,408,0,90,54,1,-1,-1
171,75,408,0,90,54,1,-1,-1
172,75,408,0,90,54,1,-1,-1
173,75,408,0,90,54,1,-1,-1
174,75,408,0,90,54,1,-1,-1
175,75,408,0,90,54,1,-1,-1
176,75,408,0,90,54,1,-1,-1
177,75,408,0,90,54,1,-1,-1
178,75,408,0,90,54,1,-1,-1
179,75,408,0,90,54,1,-1,-1
180,75,408,0,90,54,1,-1,-1
181,75,408,0,90,54,1,-1,-1
182,75,409,0,89,54,1,-1,-1
183,75,409,0,89,54,1,-1,-1
184,75,409,0,89,54,1,-1,-1
185,75,409,0,89,54,1,-1,-1
186,75,409,0,89,54,1,-1,-1
187,75,409,0,89,54,1,-1,-1
188,75,409,0,89,54,1,-1,-1
189,75,409,0,89,54,1,-1,-1
190,75,409,0,89,54,1,-1,-1
191,75,409,0,89,54,1,-1,-1
192,75,409,0,89,54,1,-1,-1
193,75,409,0,89,54,1,-1,-1
194,75,409,0,89,54,1,-1,-1
195,75,409,0,89,54,1,-1,-1
196,75,409,0,89,54,1,-1,-1
197,75,409,0,89,54,1,-1,-1
198,75,409,0,89,54,1,-1,-1
199,75,409,0,89,54,1,-1,-1
200,75,409,0,89,54,1,-1,-1
201,75,409,0,89,54,1,-1,-1
202,75,409,0,89,54,1,-1,-1
203,75,409,0,89,54,1,-1,-1
204,75,409,0,89,54,1,-1,-1
205,75,409,0,89,54,1,-1,-1
206,75,410,0,88,54,1,-1,-1
207,75,410,0,88,54,1,-1,-1
208,75,410,0,88,54,1,-1,-1
209,75,410,0,88,54,1,-1,-1
210,75,410,0,88,54,1,-1,-1
211,75,410,0,88,54,1,-1,-1
212,75,410,0,88,54,1,-1,-1
213,75,410,0,88,54,1,-1,-1
214,75,410,0,88,54,1,-1,-1
215,75,410,0,88,54,1,-1,-1
216,75,410,0,88,54,1,-1,-1
217,75,410,0,88,54,1,-1,-1
218,75,410,0,88,54,1,-1,-1
219,75,410,0,88,54,1,-1,-1
220,75,410,0,88,54,1,-1,-1
221,75,410,0,88,54,1,-1,-1
222,75,410,0,88,54,1,-1,-1
223,75,410,0,88,54,1,-1,-1
224,75,410,0,88,54,1,-1,-1
225,75,410,0,88,54,1,-1,-1
226,75,410,0,88,54,1,-1,-1
227,75,410,0,88,54,1,-1,-1
228,75,410,0,88,54,1,-1,-1
229,75,410,0,88,54,1,-1,-1
230,75,411,0,87,54,1,-1,-1
231,75,411,0,87,54,1,-1,-1
232,75,411,0,87,54,1,-1,-1
233,75,411,0,87,54,1,-1,-1
234,75,411,0,87,54,1,-1,-1
235,75,411,0,87,54,1,-1,-1
236,75,411,0,87,54,1,-1,-1
237,75,411,0,87,54,1,-1,-1
238,75,411,0,87,54,1,-1,-1
239,75,411,0,87,54,1,-1,-1
240,75,411,0,87,54,1,-1,-1
241,75,411,0,87,54,1,-1,-1
242,75,411,0,87,54,1,-1,-1
243,75,411,0,87,54,1,-1,-1
244,75,411,0,87,54,1,-1,-1
245,75,411,0,87,54,1,-1,-1
246,75,411,0,87,54,1,-1,-1
247,75,411,0,87,54,1,-1,-1
248,75,411,0,87,54,1,-1,-1
249,75,411,0,87,54,1,-1,-1
250,75,411,0,87,54,1,-1,-1
251,75,411,0,87,54,1,-1,-1
252,75,411,0,87,54,1,-1,-1
253,75,411,0,87,54,1,-1,-1
254,75,412,0,86,54,1,-1,-1
255,75,412,0,86,54,1,-1,-1
256,75,412,0,86,54,1,-1,-1
257,75,412,0,86,54,1,-1,-1
258,75,412,0,86,54,1,-1,-1
259,75,412,0,86,54,1,-1,-1
260,75,412,0,86,54,1,-1,-1
261,75,412,0,86,54,1,-1,-1
262,75,412,0,86,54,1,-1,-1
263,75,412,0,86,54,1,-1,-1
264,75,412,0,86,54,1,-1,-1
265,75,412,0,86,54,1,-1,-1
266,75,412,0,86,54,1,-1,-1
267,75,412,0,86,54,1,-1,-1
268,75,412,0,86,54,1,-1,-1
269,75,412,0,86,54,1,-1,-1
270,75,412,0,86,54,1,-1,-1
271,75,412,0,86,54,1,-1,-1
272,75,412,0,86,54,1,-1,-1
273,75,412,0,86,54,1,-1,-1
274,75,412,0,86,54,1,-1,-1
275,75,412,0,86,54,1,-1,-1
276,75,412,0,86,54,1,-1,-1
277,75,412,0,86,54,1,-1,-1
278,75,413,0,85,54,1,-1,-1
279,75,413,0,85,54,1,-1,-1
280,75,413,0,85,54,1,-1,-1
281,75,413,0,85,54,1,-1,-1
282,75,413,0,85,54,1,-1,-1
283,75,413,0,85,54,1,-1,-1
284,75,413,0,85,54,1,-1,-1
285,75,413,0,85,54,1,-1,-1
286,75,413,0,85,54,1,-1,-1
287,75,413,0,85,54,1,-1,-1
288,75,413,0,85,54,1,-1,-1
289,75,413,0,85,54,1,-1,-1
290,75,413,0,85,54,1,-1,-1
291,75,413,0,85,54,1,-1,-1
292,75,413,0,85,54,1,-1,-1
293,75,413,0,85,54,1,-1,-1
294,75,413,0,85,54,1,-1,-1
295,75,413,0,85,54,1,-1,-1
296,75,413,0,85,54,1,-1,-1
297,75,413,0,85,54,1,-1,-1
298,75,413,0,85,54,1,-1,-1
299,75,413,0,85,54,1,-1,-1
300,75,413,0,85,54,1,-1,-1
301,75,414,0,84,55,1,-1,-1
302,75,413,0,85,54,1,-1,-1
303,75,413,0,85,54,1,-1,-1
304,75,413,0,85,54,1,-1,-1
305,75,413,0,85,54,1,-1,-1
306,75,413,0,85,54,1,-1,-1
307,75,413,0,85,54,1,-1,-1
308,75,413,0,85,54,1,-1,-1
309,75,413,0,85,54,1,-1,-1
310,75,413,0,85,54,1,-1,-1
311,75,413,0,85,54,1,-1,-1
312,75,413,0,85,54,1,-1,-1
313,75,413,0,85,54,1,-1,-1
314,75,413,0,85,54,1,-1,-1
315,75,413,0,85,54,1,-1,-1
316,75,413,0,85,54,1,-1,-1
317,75,413,0,85,54,1,-1,-1
318,75,413,0,85,54,1,-1,-1
319,75,413,0,85,54,1,-1,-1
320,75,413,0,85,54,1,-1,-1
321,75,413,0,85,54,1,-1,-1
322,75,413,0,85,54,1,-1,-1
323,75,413,0,85,54,1,-1,-1
324,75,413,0,85,54,1,-1,-1
325,75,412,0,86,54,1,-1,-1
326,75,412,0,86,54,1,-1,-1
327,75,412,0,86,54,1,-1,-1
328,75,412,0,86,54,1,-1,-1
329,75,412,0,86,54,1,-1,-1
330,75,412,0,86,54,1,-1,-1
331,75,412,0,86,54,1,-1,-1
332,75,412,0,86,54,1,-1,-1
333,75,412,0,86,54,1,-1,-1
334,75,412,0,86,54,1,-1,-1
335,75,412,0,86,54,1,-1,-1
336,75,412,0,86,54,1,-1,-1
337,75,412,0,86,54,1,-1,-1
338,75,412,0,86,54,1,-1,-1
339,75,412,0,86,54,1,-1,-1
340,75,412,0,86,54,1,-1,-1
341,75,412,0,86,54,1,-1,-1
342,75,412,0,86,54,1,-1,-1
343,75,412,0,86,54,1,-1,-1
344,75,412,0,86,54,1,-1,-1
345,75,412,0,86,54,1,-1,-1
346,75,412,0,86,54,1,-1,-1
347,75,412,0,86,54,1,-1,-1
348,75,412,0,86,54,1,-1,-1
349,75,411,0,87,54,1,-1,-1
350,75,411,0,87,54,1,-1,-1
351,75,411,0,87,54,1,-1,-1
352,75,411,0,87,54,1,-1,-1
353,75,411,0,87,54,1,-1,-1
354,75,411,0,87,54,1,-1,-1
355,75,411,0,87,54,1,-1,-1
356,75,411,0,87,54,1,-1,-1
357,75,411,0,87,54,1,-1,-1
358,75,411,0,87,54,1,-1,-1
359,75,411,0,87,54,1,-1,-1
360,75,411,0,87,54,1,-1,-1
361,75,411,0,87,54,1,-1,-1
362,75,411,0,87,54,1,-1,-1
363,75,411,0,87,54,1,-1,-1
364,75,411,0,87,54,1,-1,-1
365,75,411,0,87,54,1,-1,-1
366,75,411,0,87,54,1,-1,-1
367,75,411,0,87,54,1,-1,-1
368,75,411,0,87,54,1,-1,-1
369,75,411,0,87,54,1,-1,-1
370,75,411,0,87,54,1,-1,-1
371,75,411,0,87,54,1,-1,-1
372,75,411,0,87,54,1,-1,-1
373,75,410,0,88,53,1,-1,-1
374,75,410,0,88,53,1,-1,-1
375,75,410,0,88,53,1,-1,-1
376,75,410,0,88,53,1,-1,-1
377,75,410,0,88,53,1,-1,-1
378,75,410,0,88,53,1,-1,-1
379,75,410,0,88,53,1,-1,-1
380,75,410,0,88,53,1,-1,-1
381,75,410,0,88,53,1,-1,-1
382,75,410,0,88,53,1,-1,-1
383,75,410,0,88,53,1,-1,-1
384,75,410,0,88,53,1,-1,-1
385,75,410,0,88,53,1,-1,-1
386,75,410,0,88,53,1,-1,-1
387,75,410,0,88,53,1,-1,-1
388,75,410,0,88,53,1,-1,-1
389,75,410,0,88,53,1,-1,-1
390,75,410,0,88,53,1,-1,-1
391,75,410,0,88,53,1,-1,-1
392,75,410,0,88,53,1,-1,-1
393,75,410,0,88,53,1,-1,-1
394,75,410,0,88,53,1,-1,-1
395,75,410,0,88,53,1,-1,-1
396,75,409,0,89,53,1,-1,-1
397,75,409,0,89,53,1,-1,-1
398,75,409,0,89,53,1,-1,-1
399,75,409,0,89,53,1,-1,-1
400,75,409,0,89,53,1,-1,-1
401,75,409,0,89,53,1,-1,-1
402,75,409,0,89,53,1,-1,-1
403,75,409,0,89,53,1,-1,-1
404,75,409,0,89,53,1,-1,-1
405,75,409,0,89,53,1,-1,-1
406,75,409,0,89,53,1,-1,-1
407,75,409,0,89,53,1,-1,-1
408,75,409,0,89,53,1,-1,-1
409,75,409,0,89,53,1,-1,-1
410,75,409,0,89,53,1,-1,-1
411,75,409,0,89,53,1,-1,-1
412,75,409,0,89,53,1,-1,-1
413,75,409,0,89,53,1,-1,-1
414,75,409,0,89,53,1,-1,-1
415,75,409,0,89,53,1,-1,-1
416,75,409,0,89,53,1,-1,-1
417,75,409,0,89,53,1,-1,-1
418,75,409,0,89,53,1,-1,-1
419,75,409,0,89,53,1,-1,-1
420,75,408,0,90,53,1,-1,-1
421,75,408,0,90,53,1,-1,-1
422,75,408,0,90,53,1,-1,-1
423,75,408,0,90,53,1,-1,-1
424,75,408,0,90,53,1,-1,-1
425,75,408,0,90,53,1,-1,-1
426,75,408,0,90,53,1,-1,-1
427,75,408,0,90,53,1,-1,-1
428,75,408,0,90,53,1,-1,-1
429,75,408,0,90,53,1,-1,-1
430,75,408,0,90,53,1,-1,-1
431,75,408,0,90,53,1,-1,-1
432,75,408,0,90,53,1,-1,-1
433,75,408,0,90,53,1,-1,-1
434,75,408,0,90,53,1,-1,-1
435,75,408,0,90,53,1,-1,-1
436,75,408,0,90,53,1,-1,-1
437,75,408,0,90,53,1,-1,-1
438,75,408,0,90,53,1,-1,-1
439,75,408,0,90,53,1,-1,-1
440,75,408,0,90,53,1,-1,-1
441,75,408,0,90,53,1,-1,-1
442,75,408,0,90,53,1,-1,-1
443,75,408,0,90,53,1,-1,-1
444,75,407,0,91,52,1,-1,-1
445,75,407,0,91,52,1,-1,-1
446,75,407,0,91,52,1,-1,-1
447,75,407,0,91,52,1,-1,-1
448,75,407,0,91,52,1,-1,-1
449,75,407,0,91,52,1,-1,-1
450,75,407,0,91,52,1,-1,-1
451,75,407,0,91,52,1,-1,-1
452,75,407,0,91,52,1,-1,-1
453,75,407,0,91,52,1,-1,-1
454,75,407,0,91,52,1,-1,-1
455,75,407,0,91,52,1,-1,-1
456,75,407,0,91,52,1,-1,-1
457,75,407,0,91,52,1,-1,-1
458,75,407,0,91,52,1,-1,-1
459,75,407,0,91,52,1,-1,-1
460,75,407,0,91,52,1,-1,-1
461,75,407,0,91,52,1,-1,-1
462,75,407,0,91,52,1,-1,-1
463,75,407,0,91,52,1,-1,-1
464,75,407,0,91,52,1,-1,-1
465,75,407,0,91,52,1,-1,-1
466,75,407,0,91,52,1,-1,-1
467,75,406,0,92,52,1,-1,-1
468,75,406,0,92,52,1,-1,-1
469,75,406,0,92,52,1,-1,-1
470,75,406,0,92,52,1,-1,-1
471,75,406,0,92,52,1,-1,-1
472,75,406,0,92,52,1,-1,-1
473,75,406,0,92,52,1,-1,-1
474,75,406,0,92,52,1,-1,-1
475,75,406,0,92,52,1,-1,-1
476,75,406,0,92,52,1,-1,-1
477,75,406,0,92,52,1,-1,-1
478,75,406,0,92,52,1,-1,-1
479,75,406,0,92,52,1,-1,-1
480,75,406,0,92,52,1,-1,-1
481,75,406,0,92,52,1,-1,-1
482,75,406,0,92,52,1,-1,-1
483,75,406,0,92,52,1,-1,-1
484,75,406,0,92,52,1,-1,-1
485,75,406,0,92,52,1,-1,-1
486,75,406,0,92,52,1,-1,-1
487,75,406,0,92,52,1,-1,-1
488,75,406,0,92,52,1,-1,-1
489,75,406,0,92,52,1,-1,-1
490,75,406,0,92,52,1,-1,-1
491,75,405,0,93,52,1,-1,-1
492,75,405,0,93,52,1,-1,-1
493,75,405,0,93,52,1,-1,-1
494,75,405,0,93,52,1,-1,-1
495,75,405,0,93,52,1,-1,-1
496,75,405,0,93,52,1,-1,-1
497,75,405,0,93,52,1,-1,-1
498,75,405,0,93,52,1,-1,-1
499,75,405,0,93,52,1,-1,-1
500,75,405,0,93,52,1,-1,-1
501,75,405,0,93,52,1,-1,-1
502,75,405,0,93,52,1,-1,-1
503,75,405,0,93,52,1,-1,-1
504,75,405,0,93,52,1,-1,-1
505,75,405,0,93,52,1,-1,-1
506,75,405,0,93,52,1,-1,-1
507,75,405,0,93,52,1,-1,-1
508,75,405,0,93,52,1,-1,-1
509,75,405,0,93,52,1,-1,-1
510,75,405,0,93,52,1,-1,-1
511,75,405,0,93,52,1,-1,-1
512,75,405,0,93,52,1,-1,-1
513,75,405,0,93,52,1,-1,-1
514,75,405,1,93,51,1,-1,-1
