301,23,150,5,487,121,1,-1,-1
302,23,151,4,487,121,1,-1,-1
303,23,152,4,488,121,1,-1,-1
304,23,154,4,488,121,1,-1,-1
305,23,155,4,489,121,1,-1,-1
306,23,157,4,489,121,1,-1,-1
307,23,158,4,490,121,1,-1,-1
308,23,160,4,490,121,1,-1,-1
309,23,161,4,490,121,1,-1,-1
310,23,163,4,490,121,1,-1,-1
311,23,164,4,491,121,1,-1,-1
312,23,166,4,491,121,1,-1,-1
313,23,167,4,492,120,1,-1,-1
314,23,169,4,492,120,1,-1,-1
315,23,170,4,493,120,1,-1,-1
316,23,172,4,493,120,1,-1,-1
317,23,173,4,493,120,1,-1,-1
318,23,175,4,493,120,1,-1,-1
319,23,176,4,494,120,1,-1,-1
320,23,177,4,495,120,1,-1,-1
321,23,179,4,495,120,1,-1,-1
322,23,180,4,496,120,1,-1,-1
323,23,182,4,496,120,1,-1,-1
324,23,183,4,497,119,1,-1,-1
325,23,185,4,496,119,1,-1,-1
326,23,186,4,497,119,1,-1,-1
327,23,188,4,497,119,1,-1,-1
328,23,189,4,498,119,1,-1,-1
329,23,191,3,498,120,1,-1,-1
330,23,192,3,499,120,1,-1,-1
331,23,194,3,499,120,1,-1,-1
332,23,195,3,500,120,1,-1,-1
333,23,197,3,499,120,1,-1,-1
334,23,198,3,500,120,1,-1,-1
335,23,200,3,500,119,1,-1,-1
336,23,201,3,501,119,1,-1,-1
337,23,203,3,501,119,1,-1,-1
338,23,204,3,502,119,1,-1,-1
339,23,205,3,503,119,1,-1,-1
340,23,207,3,503,119,1,-1,-1
341,23,208,3,503,119,1,-1,-1
342,23,210,3,503,119,1,-1,-1
343,23,211,3,504,119,1,-1,-1
344,23,213,3,504,119,1,-1,-1
345,23,214,3,505,119,1,-1,-1
346,23,216,3,505,118,1,-1,-1
347,23,217,3,506,118,1,-1,-1
348,23,219,3,506,118,1,-1,-1
349,23,220,3,506,118,1,-1,-1
350,23,222,3,506,118,1,-1,-1
351,23,223,3,507,118,1,-1,-1
352,23,225,3,507,118,1,-1,-1
353,23,226,3,508,118,1,-1,-1
354,23,228,3,508,118,1,-1,-1
355,23,229,3,509,118,1,-1,-1
356,23,231,3,509,118,1,-1,-1
357,23,233,3,509,120,1,-1,-1
358,23,236,4,509,121,1,-1,-1
359,23,238,4,509,123,1,-1,-1
360,23,241,5,509,125,1,-1,-1
361,23,244,5,509,127,1,-1,-1
362,23,246,6,509,128,1,-1,-1
363,23,249,6,509,130,1,-1,-1
364,23,252,7,509,132,1,-1,-1
365,23,253,7,509,132,1,-1,-1
366,23,255,7,509,132,1,-1,-1
367,23,257,7,509,133,1,-1,-1
368,23,259,7,509,133,1,-1,-1
369,23,261,8,509,133,1,-1,-1
370,23,261,8,509,133,1,-1,-1
371,23,262,9,508,132,1,-1,-1
372,23,263,9,507,132,1,-1,-1
373,23,263,10,507,131,1,-1,-1
374,23,264,10,506,131,1,-1,-1
375,23,265,11,505,130,1,-1,-1
376,23,265,11,505,130,1,-1,-1
377,23,266,12,504,129,1,-1,-1
378,23,267,13,503,129,1,-1,-1
379,23,270,12,502,128,1,-1,-1
380,23,273,11,502,128,1,-1,-1
381,23,276,10,501,128,1,-1,-1
382,23,279,9,501,128,1,-1,-1
383,23,282,8,500,128,1,-1,-1
384,23,285,7,500,128,1,-1,-1
385,23,285,8,499,128,1,-1,-1
386,23,285,9,499,128,1,-1,-1
387,23,285,11,498,128,1,-1,-1
388,23,285,12,498,128,1,-1,-1
389,23,285,14,498,128,1,-1,-1
390,23,287,14,498,127,1,-1,-1
391,23,290,14,497,127,1,-1,-1
392,23,293,14,497,127,1,-1,-1
393,23,298,12,496,128,1,-1,-1
394,23,303,11,495,128,1,-1,-1
395,23,309,10,494,128,1,-1,-1
396,23,312,11,493,128,1,-1,-1
397,23,315,12,493,128,1,-1,-1
398,23,318,14,493,128,1,-1,-1
399,23,318,14,493,127,1,-1,-1
400,23,318,14,493,127,1,-1,-1
401,23,319,14,493,126,1,-1,-1
402,23,319,14,493,126,1,-1,-1
403,23,320,15,493,125,1,-1,-1
404,23,320,19,492,124,1,-1,-1
405,23,321,23,491,124,1,-1,-1
406,23,322,28,490,123,1,-1,-1
407,23,321,28,503,123,1,-1,-1
408,23,321,29,515,123,1,-1,-1
409,23,320,29,528,123,1,-1,-1
410,23,320,30,540,123,1,-1,-1
1,44,194,6,252,77,1,-1,-1
2,44,194,6,251,76,1,-1,-1
3,44,194,6,251,76,1,-1,-1
4,44,194,6,251,76,1,-1,-1
5,44,194,6,251,76,1,-1,-1
6,44,194,6,251,76,1,-1,-1
7,44,194,6,251,76,1,-1,-1
8,44,194,6,251,76,1,-1,-1
9,44,194,6,251,76,1,-1,-1
10,44,194,6,251,76,1,-1,-1
11,44,194,6,251,76,1,-1,-1
12,44,194,6,251,76,1,-1,-1
13,44,194,6,251,76,1,-1,-1
14,44,194,6,251,76,1,-1,-1
15,44,194,6,251,76,1,-1,-1
16,44,194,6,251,76,1,-1,-1
17,44,194,6,251,76,1,-1,-1
18,44,194,6,251,76,1,-1,-1
19,44,194,6,251,76,1,-1,-1
20,44,194,6,251,76,1,-1,-1
21,44,194,6,251,76,1,-1,-1
22,44,194,6,251,76,1,-1,-1
23,44,194,6,251,76,1,-1,-1
24,44,194,6,251,76,1,-1,-1
25,44,194,6,251,76,1,-1,-1
26,44,194,6,251,76,1,-1,-1
27,44,194,6,251,76,1,-1,-1
28,44,194,6,251,76,1,-1,-1
29,44,194,6,251,76,1,-1,-1
30,44,194,6,251,76,1,-1,-1
31,44,194,6,251,76,1,-1,-1
32,44,194,6,251,76,1,-1,-1
33,44,194,6,251,76,1,-1,-1
34,44,194,6,251,76,1,-1,-1
35,44,194,6,251,76,1,-1,-1
36,44,194,6,251,76,1,-1,-1
37,44,194,6,251,76,1,-1,-1
38,44,194,6,251,76,1,-1,-1
39,44,194,6,251,76,1,-1,-1
40,44,194,6,251,76,1,-1,-1
41,44,194,6,251,76,1,-1,-1
42,44,194,6,251,76,1,-1,-1
43,44,194,6,251,76,1,-1,-1
44,44,194,6,251,76,1,-1,-1
45,44,194,6,251,76,1,-1,-1
46,44,194,6,251,76,1,-1,-1
47,44,194,6,251,76,1,-1,-1
48,44,194,6,251,76,1,-1,-1
49,44,194,6,251,76,1,-1,-1
50,44,194,6,251,76,1,-1,-1
51,44,194,6,251,76,1,-1,-1
52,44,194,6,251,76,1,-1,-1
53,44,194,6,251,76,1,-1,-1
54,44,194,6,251,76,1,-1,-1
55,44,194,6,251,76,1,-1,-1
56,44,194,6,251,76,1,-1,-1
57,44,193,6,251,76,1,-1,-1
58,44,193,6,251,76,1,-1,-1
59,44,193,6,251,76,1,-1,-1
60,44,192,6,251,76,1,-1,-1
61,44,192,6,251,76,1,-1,-1
62,44,192,6,251,76,1,-1,-1
63,44,191,6,251,76,1,-1,-1
64,44,191,6,251,76,1,-1,-1
65,44,191,6,251,76,1,-1,-1
66,44,190,6,251,76,1,-1,-1
67,44,190,6,251,76,1,-1,-1
68,44,190,6,251,76,1,-1,-1
69,44,189,6,251,76,1,-1,-1
70,44,189,6,251,76,1,-1,-1
71,44,189,7,251,76,1,-1,-1
72,44,188,7,251,76,1,-1,-1
73,44,188,7,251,76,1,-1,-1
74,44,188,7,251,76,1,-1,-1
75,44,187,7,251,76,1,-1,-1
76,44,187,7,251,76,1,-1,-1
77,44,187,7,251,76,1,-1,-1
78,44,187,7,251,76,1,-1,-1
79,44,186,7,251,76,1,-1,-1
80,44,186,7,251,76,1,-1,-1
81,44,186,7,251,76,1,-1,-1
82,44,185,7,251,76,1,-1,-1
83,44,185,7,251,76,1,-1,-1
84,44,185,7,251,76,1,-1,-1
85,44,184,7,251,76,1,-1,-1
86,44,184,8,251,76,1,-1,-1
87,44,184,8,251,76,1,-1,-1
88,44,183,8,251,76,1,-1,-1
89,44,183,8,251,76,1,-1,-1
90,44,183,8,251,76,1,-1,-1
91,44,182,8,251,76,1,-1,-1
92,44,182,8,251,76,1,-1,-1
93,44,182,8,251,76,1,-1,-1
94,44,181,8,251,76,1,-1,-1
95,44,181,8,251,76,1,-1,-1
96,44,181,8,251,76,1,-1,-1
97,44,180,8,251,76,1,-1,-1
98,44,180,8,251,76,1,-1,-1
99,44,180,8,251,76,1,-1,-1
100,44,180,9,251,76,1,-1,-1
101,44,179,9,251,76,1,-1,-1
102,44,179,9,251,76,1,-1,-1
103,44,179,9,251,76,1,-1,-1
104,44,179,9,251,76,1,-1,-1
105,44,179,9,251,76,1,-1,-1
106,44,179,9,251,76,1,-1,-1
107,44,179,10,251,76,1,-1,-1
108,44,179,10,251,76,1,-1,-1
109,44,179,10,251,76,1,-1,-1
110,44,179,10,251,76,1,-1,-1
111,44,179,10,251,76,1,-1,-1
112,44,179,10,251,76,1,-1,-1
113,44,179,10,251,76,1,-1,-1
114,44,179,11,251,76,1,-1,-1
115,44,178,11,251,76,1,-1,-1
116,44,178,11,251,76,1,-1,-1
117,44,178,11,251,76,1,-1,-1
118,44,178,11,251,76,1,-1,-1
119,44,178,11,251,76,1,-1,-1
120,44,178,12,251,76,1,-1,-1
121,44,178,12,251,76,1,-1,-1
122,44,178,12,251,76,1,-1,-1
123,44,178,12,251,76,1,-1,-1
124,44,178,12,251,76,1,-1,-1
125,44,178,12,251,76,1,-1,-1
126,44,178,12,251,76,1,-1,-1
127,44,178,13,251,76,1,-1,-1
128,44,178,13,251,76,1,-1,-1
129,44,178,13,251,76,1,-1,-1
130,44,177,13,251,76,1,-1,-1
131,44,177,13,251,76,1,-1,-1
132,44,177,13,251,76,1,-1,-1
133,44,177,14,251,76,1,-1,-1
134,44,177,14,251,76,1,-1,-1
135,44,177,14,251,76,1,-1,-1
136,44,177,14,251,76,1,-1,-1
137,44,177,14,251,76,1,-1,-1
138,44,177,14,251,76,1,-1,-1
139,44,177,14,251,76,1,-1,-1
140,44,177,15,251,76,1,-1,-1
141,44,177,15,251,76,1,-1,-1
142,44,177,15,251,76,1,-1,-1
143,44,177,15,251,76,1,-1,-1
144,44,177,15,251,76,1,-1,-1
145,44,176,15,251,76,1,-1,-1
146,44,176,16,251,76,1,-1,-1
147,44,176,16,251,76,1,-1,-1
148,44,176,16,251,76,1,-1,-1
149,44,176,16,251,76,1,-1,-1
150,44,176,16,251,76,1,-1,-1
151,44,176,16,251,76,1,-1,-1
152,44,176,16,251,76,1,-1,-1
153,44,176,17,251,76,1,-1,-1
154,44,176,17,251,76,1,-1,-1
155,44,176,17,251,76,1,-1,-1
156,44,176,17,251,76,1,-1,-1
157,44,176,17,251,76,1,-1,-1
158,44,176,17,251,76,1,-1,-1
159,44,176,18,251,76,1,-1,-1
160,44,175,18,251,76,1,-1,-1
161,44,174,18,251,76,1,-1,-1
162,44,174,18,251,76,1,-1,-1
163,44,173,18,251,76,1,-1,-1
164,44,173,18,251,76,1,-1,-1
165,44,172,18,251,76,1,-1,-1
166,44,171,18,251,76,1,-1,-1
167,44,171,18,251,76,1,-1,-1
168,44,170,18,251,76,1,-1,-1
169,44,170,19,251,76,1,-1,-1
170,44,169,19,251,76,1,-1,-1
171,44,169,19,251,76,1,-1,-1
172,44,168,19,251,76,1,-1,-1
173,44,167,19,251,76,1,-1,-1
174,44,167,19,251,76,1,-1,-1
175,44,166,19,251,76,1,-1,-1
176,44,166,19,251,76,1,-1,-1
177,44,165,19,251,76,1,-1,-1
178,44,165,19,251,76,1,-1,-1
179,44,164,20,251,76,1,-1,-1
180,44,163,20,251,76,1,-1,-1
181,44,163,20,251,76,1,-1,-1
182,44,162,20,251,76,1,-1,-1
183,44,162,20,251,76,1,-1,-1
184,44,161,20,251,76,1,-1,-1
185,44,161,20,251,76,1,-1,-1
186,44,160,20,251,76,1,-1,-1
187,44,159,20,251,76,1,-1,-1
188,44,159,20,251,76,1,-1,-1
189,44,158,21,251,76,1,-1,-1
190,44,158,21,251,76,1,-1,-1
191,44,157,21,251,76,1,-1,-1
192,44,157,21,251,76,1,-1,-1
193,44,156,21,251,76,1,-1,-1
194,44,155,21,251,76,1,-1,-1
195,44,155,21,251,76,1,-1,-1
196,44,154,21,251,76,1,-1,-1
197,44,154,21,251,76,1,-1,-1
198,44,153,21,251,76,1,-1,-1
199,44,153,22,251,76,1,-1,-1
200,44,152,22,251,76,1,-1,-1
201,44,152,22,251,76,1,-1,-1
202,44,152,22,251,76,1,-1,-1
203,44,152,22,251,76,1,-1,-1
204,44,152,23,251,76,1,-1,-1
205,44,152,23,251,76,1,-1,-1
206,44,152,23,251,76,1,-1,-1
207,44,152,23,251,76,1,-1,-1
208,44,152,24,251,76,1,-1,-1
209,44,152,24,251,76,1,-1,-1
210,44,152,24,251,76,1,-1,-1
211,44,152,24,251,76,1,-1,-1
212,44,152,25,251,76,1,-1,-1
213,44,152,25,251,76,1,-1,-1
214,44,152,25,251,76,1,-1,-1
215,44,152,25,251,76,1,-1,-1
216,44,152,26,251,76,1,-1,-1
217,44,152,26,251,76,1,-1,-1
218,44,152,26,251,76,1,-1,-1
219,44,152,26,251,76,1,-1,-1
220,44,152,27,251,76,1,-1,-1
221,44,152,27,251,76,1,-1,-1
222,44,152,27,251,76,1,-1,-1
223,44,152,27,251,76,1,-1,-1
224,44,152,28,251,76,1,-1,-1
225,44,152,28,251,76,1,-1,-1
226,44,152,28,251,76,1,-1,-1
227,44,152,28,251,76,1,-1,-1
228,44,152,29,251,76,1,-1,-1
229,44,152,29,251,76,1,-1,-1
230,44,152,29,251,76,1,-1,-1
231,44,152,29,251,76,1,-1,-1
232,44,152,30,251,76,1,-1,-1
233,44,152,30,251,76,1,-1,-1
234,44,152,30,251,76,1,-1,-1
235,44,152,30,251,76,1,-1,-1
236,44,152,30,251,76,1,-1,-1
237,44,152,31,251,76,1,-1,-1
238,44,152,31,251,76,1,-1,-1
239,44,152,31,251,76,1,-1,-1
240,44,152,31,251,76,1,-1,-1
241,44,152,32,251,76,1,-1,-1
242,44,152,32,251,76,1,-1,-1
243,44,152,32,251,76,1,-1,-1
244,44,152,32,251,76,1,-1,-1
245,44,152,33,251,76,1,-1,-1
246,44,152,33,251,76,1,-1,-1
247,44,152,33,251,76,1,-1,-1
248,44,152,33,251,76,1,-1,-1
249,44,152,34,251,76,1,-1,-1
250,44,152,34,251,76,1,-1,-1
251,44,152,34,251,76,1,-1,-1
252,44,152,34,251,76,1,-1,-1
253,44,152,35,251,76,1,-1,-1
254,44,152,35,251,76,1,-1,-1
255,44,152,35,251,76,1,-1,-1
256,44,152,35,251,76,1,-1,-1
257,44,152,36,251,76,1,-1,-1
258,44,152,36,251,76,1,-1,-1
259,44,152,36,251,76,1,-1,-1
260,44,152,36,251,76,1,-1,-1
261,44,152,37,251,76,1,-1,-1
262,44,152,37,251,76,1,-1,-1
263,44,152,37,251,76,1,-1,-1
264,44,152,37,251,76,1,-1,-1
265,44,152,38,251,76,1,-1,-1
266,44,152,38,251,76,1,-1,-1
267,44,152,38,251,76,1,-1,-1
268,44,152,39,251,76,1,-1,-1
269,44,152,39,251,76,1,-1,-1
270,44,153,40,251,76,1,-1,-1
271,44,153,40,251,76,1,-1,-1
272,44,153,40,251,76,1,-1,-1
273,44,153,41,251,76,1,-1,-1
274,44,154,41,251,76,1,-1,-1
275,44,154,42,251,76,1,-1,-1
276,44,154,42,251,76,1,-1,-1
277,44,154,42,251,76,1,-1,-1
278,44,154,43,251,76,1,-1,-1
279,44,155,43,251,76,1,-1,-1
280,44,155,44,251,76,1,-1,-1
281,44,155,44,251,76,1,-1,-1
282,44,155,44,251,76,1,-1,-1
283,44,156,45,251,76,1,-1,-1
284,44,156,45,251,76,1,-1,-1
285,44,156,46,251,76,1,-1,-1
286,44,156,46,251,76,1,-1,-1
287,44,156,46,251,76,1,-1,-1
288,44,157,47,251,76,1,-1,-1
289,44,157,47,251,76,1,-1,-1
290,44,157,48,251,76,1,-1,-1
291,44,157,48,251,76,1,-1,-1
292,44,158,48,251,76,1,-1,-1
293,44,158,49,251,76,1,-1,-1
294,44,158,49,251,76,1,-1,-1
295,44,158,50,251,76,1,-1,-1
296,44,158,50,251,76,1,-1,-1
297,44,159,50,251,76,1,-1,-1
298,44,159,51,251,76,1,-1,-1
299,44,159,51,251,76,1,-1,-1
300,44,159,52,251,76,1,-1,-1
301,44,160,52,251,76,1,-1,-1
302,44,160,52,251,76,1,-1,-1
303,44,160,53,251,76,1,-1,-1
304,44,160,53,251,76,1,-1,-1
305,44,161,54,251,76,1,-1,-1
306,44,162,54,251,76,1,-1,-1
307,44,164,55,251,76,1,-1,-1
308,44,166,56,251,76,1,-1,-1
309,44,168,57,251,76,1,-1,-1
310,44,169,57,252,77,1,-1,-1
311,44,171,58,251,76,1,-1,-1
312,44,173,59,251,76,1,-1,-1
313,44,175,60,251,76,1,-1,-1
314,44,176,60,252,77,1,-1,-1
315,44,178,61,252,77,1,-1,-1
316,44,180,62,252,77,1,-1,-1
317,44,182,63,251,76,1,-1,-1
318,44,183,63,252,77,1,-1,-1
319,44,185,64,252,77,1,-1,-1
320,44,187,65,252,77,1,-1,-1
321,44,189,66,252,77,1,-1,-1
322,44,191,67,252,77,1,-1,-1
1,45,803,50,213,71,1,-1,-1
2,45,802,50,213,71,1,-1,-1
3,45,802,50,213,71,1,-1,-1
4,45,802,50,213,71,1,-1,-1
5,45,802,50,213,71,1,-1,-1
6,45,802,50,213,71,1,-1,-1
7,45,802,50,213,71,1,-1,-1
8,45,802,50,213,71,1,-1,-1
9,45,802,50,213,71,1,-1,-1
10,45,802,50,213,71,1,-1,-1
11,45,801,50,213,71,1,-1,-1
12,45,801,50,213,71,1,-1,-1
13,45,801,50,213,71,1,-1,-1
14,45,801,50,213,71,1,-1,-1
15,45,801,50,213,71,1,-1,-1
16,45,801,50,213,71,1,-1,-1
17,45,801,50,213,71,1,-1,-1
18,45,801,50,213,71,1,-1,-1
19,45,801,50,213,71,1,-1,-1
20,45,800,50,213,71,1,-1,-1
21,45,800,50,213,71,1,-1,-1
22,45,800,50,213,71,1,-1,-1
23,45,800,50,213,71,1,-1,-1
24,45,800,50,213,71,1,-1,-1
25,45,800,50,213,71,1,-1,-1
26,45,800,50,213,71,1,-1,-1
27,45,800,50,213,71,1,-1,-1
28,45,800,50,213,71,1,-1,-1
29,45,800,50,213,71,1,-1,-1
30,45,799,50,213,71,1,-1,-1
31,45,799,50,213,71,1,-1,-1
32,45,799,50,213,71,1,-1,-1
33,45,799,50,213,71,1,-1,-1
34,45,799,50,213,71,1,-1,-1
35,45,799,50,213,71,1,-1,-1
36,45,799,50,213,71,1,-1,-1
37,45,799,50,213,71,1,-1,-1
38,45,799,50,213,71,1,-1,-1
39,45,798,50,213,71,1,-1,-1
40,45,798,50,213,71,1,-1,-1
41,45,798,50,213,71,1,-1,-1
42,45,798,50,213,71,1,-1,-1
43,45,798,50,213,71,1,-1,-1
44,45,798,50,213,71,1,-1,-1
45,45,798,50,213,71,1,-1,-1
46,45,798,50,213,71,1,-1,-1
47,45,798,50,213,71,1,-1,-1
48,45,798,50,213,71,1,-1,-1
49,45,797,50,213,71,1,-1,-1
50,45,797,50,213,71,1,-1,-1
51,45,797,50,213,71,1,-1,-1
52,45,797,50,213,71,1,-1,-1
53,45,797,50,213,71,1,-1,-1
54,45,797,50,213,71,1,-1,-1
55,45,797,50,213,71,1,-1,-1
56,45,797,50,213,71,1,-1,-1
57,45,797,50,213,71,1,-1,-1
58,45,796,50,213,71,1,-1,-1
59,45,796,50,213,71,1,-1,-1
60,45,796,50,213,71,1,-1,-1
61,45,796,50,213,71,1,-1,-1
62,45,796,50,213,71,1,-1,-1
63,45,796,50,213,71,1,-1,-1
64,45,796,50,213,71,1,-1,-1
65,45,796,50,213,71,1,-1,-1
66,45,796,50,213,71,1,-1,-1
67,45,796,51,213,71,1,-1,-1
68,45,795,51,213,71,1,-1,-1
69,45,795,51,213,71,1,-1,-1
70,45,795,51,213,71,1,-1,-1
71,45,795,51,213,71,1,-1,-1
72,45,795,51,213,71,1,-1,-1
73,45,795,51,213,71,1,-1,-1
74,45,795,51,213,71,1,-1,-1
75,45,795,51,213,71,1,-1,-1
76,45,795,51,213,71,1,-1,-1
77,45,794,51,213,71,1,-1,-1
78,45,794,51,213,71,1,-1,-1
79,45,794,51,213,71,1,-1,-1
80,45,794,51,213,71,1,-1,-1
81,45,794,51,213,71,1,-1,-1
82,45,794,51,213,71,1,-1,-1
83,45,794,51,213,71,1,-1,-1
84,45,794,51,213,71,1,-1,-1
85,45,794,51,213,71,1,-1,-1
86,45,793,51,213,71,1,-1,-1
87,45,793,51,213,71,1,-1,-1
88,45,793,51,213,71,1,-1,-1
89,45,793,51,213,71,1,-1,-1
90,45,793,51,213,71,1,-1,-1
91,45,793,51,213,71,1,-1,-1
92,45,793,51,213,71,1,-1,-1
93,45,793,51,213,71,1,-1,-1
94,45,793,51,213,71,1,-1,-1
95,45,793,51,213,71,1,-1,-1
96,45,792,51,213,71,1,-1,-1
97,45,792,51,213,71,1,-1,-1
98,45,792,51,213,71,1,-1,-1
99,45,792,51,213,71,1,-1,-1
100,45,792,51,213,71,1,-1,-1
101,45,792,51,213,71,1,-1,-1
102,45,792,51,213,71,1,-1,-1
103,45,792,51,213,71,1,-1,-1
104,45,792,51,213,71,1,-1,-1
105,45,791,51,213,71,1,-1,-1
106,45,791,51,213,71,1,-1,-1
107,45,791,51,213,71,1,-1,-1
108,45,791,51,213,71,1,-1,-1
109,45,791,51,213,71,1,-1,-1
110,45,791,51,213,71,1,-1,-1
111,45,791,51,213,71,1,-1,-1
112,45,791,51,213,71,1,-1,-1
113,45,791,51,213,71,1,-1,-1
114,45,791,51,213,71,1,-1,-1
115,45,790,51,213,71,1,-1,-1
116,45,790,51,213,71,1,-1,-1
117,45,790,51,213,71,1,-1,-1
118,45,790,51,213,71,1,-1,-1
119,45,790,51,213,71,1,-1,-1
120,45,790,51,213,71,1,-1,-1
121,45,790,51,213,71,1,-1,-1
122,45,790,51,213,71,1,-1,-1
123,45,790,51,213,71,1,-1,-1
124,45,789,51,213,71,1,-1,-1
125,45,789,51,213,71,1,-1,-1
126,45,789,51,213,71,1,-1,-1
127,45,789,51,213,71,1,-1,-1
128,45,789,51,213,71,1,-1,-1
129,45,789,51,213,71,1,-1,-1
130,45,789,51,213,71,1,-1,-1
131,45,789,51,213,71,1,-1,-1
132,45,789,51,213,71,1,-1,-1
133,45,789,52,213,71,1,-1,-1
134,45,788,52,213,71,1,-1,-1
135,45,788,52,213,71,1,-1,-1
136,45,788,52,213,71,1,-1,-1
137,45,788,52,213,71,1,-1,-1
138,45,788,52,213,71,1,-1,-1
139,45,788,52,213,71,1,-1,-1
140,45,788,52,213,71,1,-1,-1
141,45,788,52,213,71,1,-1,-1
142,45,788,52,213,71,1,-1,-1
143,45,787,52,213,71,1,-1,-1
144,45,787,52,213,71,1,-1,-1
145,45,787,52,213,71,1,-1,-1
146,45,787,52,213,71,1,-1,-1
147,45,787,52,213,71,1,-1,-1
148,45,787,52,213,71,1,-1,-1
149,45,787,52,213,71,1,-1,-1
150,45,787,52,213,71,1,-1,-1
151,45,787,52,213,71,1,-1,-1
152,45,786,52,213,71,1,-1,-1
153,45,786,52,213,71,1,-1,-1
154,45,786,52,213,71,1,-1,-1
155,45,786,52,213,71,1,-1,-1
156,45,786,52,213,71,1,-1,-1
157,45,786,52,213,71,1,-1,-1
158,45,786,52,213,71,1,-1,-1
159,45,786,52,213,71,1,-1,-1
160,45,786,52,213,71,1,-1,-1
161,45,786,52,213,71,1,-1,-1
162,45,785,52,213,71,1,-1,-1
163,45,785,52,213,71,1,-1,-1
164,45,785,52,213,71,1,-1,-1
165,45,785,52,213,71,1,-1,-1
166,45,785,52,213,71,1,-1,-1
167,45,785,52,213,71,1,-1,-1
168,45,785,52,213,71,1,-1,-1
169,45,785,52,213,71,1,-1,-1
170,45,785,52,213,71,1,-1,-1
171,45,784,52,213,71,1,-1,-1
172,45,784,52,213,71,1,-1,-1
173,45,784,52,213,71,1,-1,-1
174,45,784,52,213,71,1,-1,-1
175,45,784,52,213,71,1,-1,-1
176,45,784,52,213,71,1,-1,-1
177,45,784,52,213,71,1,-1,-1
178,45,784,52,213,71,1,-1,-1
179,45,784,52,213,71,1,-1,-1
180,45,784,52,213,71,1,-1,-1
181,45,783,52,213,71,1,-1,-1
182,45,783,52,213,71,1,-1,-1
183,45,783,52,213,71,1,-1,-1
184,45,783,52,213,71,1,-1,-1
185,45,783,52,213,71,1,-1,-1
186,45,783,52,213,71,1,-1,-1
187,45,783,52,213,71,1,-1,-1
188,45,783,52,213,71,1,-1,-1
189,45,783,52,213,71,1,-1,-1
190,45,782,52,213,71,1,-1,-1
191,45,782,52,213,71,1,-1,-1
192,45,782,52,213,71,1,-1,-1
193,45,782,52,213,71,1,-1,-1
194,45,782,52,213,71,1,-1,-1
195,45,782,52,213,71,1,-1,-1
196,45,782,52,213,71,1,-1,-1
197,45,782,52,213,71,1,-1,-1
198,45,782,52,213,71,1,-1,-1
199,45,782,53,213,71,1,-1,-1
200,45,782,53,213,71,1,-1,-1
201,45,782,53,213,71,1,-1,-1
202,45,782,53,213,71,1,-1,-1
203,45,782,54,213,71,1,-1,-1
204,45,782,54,213,71,1,-1,-1
205,45,782,54,213,71,1,-1,-1
206,45,783,54,213,71,1,-1,-1
207,45,783,55,213,71,1,-1,-1
208,45,783,55,213,71,1,-1,-1
209,45,783,55,213,71,1,-1,-1
210,45,783,56,213,71,1,-1,-1
211,45,783,56,213,71,1,-1,-1
212,45,783,56,213,71,1,-1,-1
213,45,784,56,213,71,1,-1,-1
214,45,784,57,213,71,1,-1,-1
215,45,784,57,213,71,1,-1,-1
216,45,784,57,213,71,1,-1,-1
217,45,784,57,213,71,1,-1,-1
218,45,784,58,213,71,1,-1,-1
219,45,785,58,213,71,1,-1,-1
220,45,785,58,213,71,1,-1,-1
221,45,785,59,213,71,1,-1,-1
222,45,785,59,213,71,1,-1,-1
223,45,785,59,213,71,1,-1,-1
224,45,785,59,213,71,1,-1,-1
225,45,785,60,213,71,1,-1,-1
226,45,786,60,213,71,1,-1,-1
227,45,786,60,213,71,1,-1,-1
228,45,786,60,213,71,1,-1,-1
229,45,786,61,213,71,1,-1,-1
230,45,786,61,213,71,1,-1,-1
231,45,786,61,213,71,1,-1,-1
232,45,787,62,213,71,1,-1,-1
233,45,787,62,213,71,1,-1,-1
234,45,787,62,213,71,1,-1,-1
235,45,787,62,213,71,1,-1,-1
236,45,787,63,213,71,1,-1,-1
237,45,787,63,213,71,1,-1,-1
238,45,787,63,213,71,1,-1,-1
239,45,788,63,213,71,1,-1,-1
240,45,788,64,213,71,1,-1,-1
241,45,788,64,213,71,1,-1,-1
242,45,788,64,213,71,1,-1,-1
243,45,788,65,213,71,1,-1,-1
244,45,788,65,213,71,1,-1,-1
245,45,788,65,213,71,1,-1,-1
246,45,789,65,213,71,1,-1,-1
247,45,789,66,213,71,1,-1,-1
248,45,789,66,213,71,1,-1,-1
249,45,789,66,213,71,1,-1,-1
250,45,789,66,213,71,1,-1,-1
251,45,789,67,213,71,1,-1,-1
252,45,790,67,213,71,1,-1,-1
253,45,790,67,213,71,1,-1,-1
254,45,790,68,213,71,1,-1,-1
255,45,790,68,213,71,1,-1,-1
256,45,790,68,213,71,1,-1,-1
257,45,790,68,213,71,1,-1,-1
258,45,790,69,213,71,1,-1,-1
259,45,791,69,213,71,1,-1,-1
260,45,791,69,213,71,1,-1,-1
261,45,791,69,213,71,1,-1,-1
262,45,791,70,213,71,1,-1,-1
263,45,791,70,213,71,1,-1,-1
264,45,791,70,213,71,1,-1,-1
265,45,792,71,213,71,1,-1,-1
266,45,792,71,213,71,1,-1,-1
267,45,792,72,213,71,1,-1,-1
268,45,793,73,213,71,1,-1,-1
269,45,793,74,213,71,1,-1,-1
270,45,793,74,213,71,1,-1,-1
271,45,794,75,213,71,1,-1,-1
272,45,794,76,213,71,1,-1,-1
273,45,794,77,213,71,1,-1,-1
274,45,795,77,213,71,1,-1,-1
275,45,795,78,213,71,1,-1,-1
276,45,796,79,213,71,1,-1,-1
277,45,796,80,213,71,1,-1,-1
278,45,796,80,213,71,1,-1,-1
279,45,797,81,213,71,1,-1,-1
280,45,797,82,213,71,1,-1,-1
281,45,797,83,213,71,1,-1,-1
282,45,798,84,213,71,1,-1,-1
283,45,798,84,213,71,1,-1,-1
284,45,798,85,213,71,1,-1,-1
285,45,799,86,213,71,1,-1,-1
286,45,799,87,213,71,1,-1,-1
287,45,800,87,213,71,1,-1,-1
288,45,800,88,213,71,1,-1,-1
289,45,800,89,213,71,1,-1,-1
290,45,801,90,213,71,1,-1,-1
291,45,801,90,213,71,1,-1,-1
292,45,801,91,213,71,1,-1,-1
293,45,802,92,213,71,1,-1,-1
294,45,802,93,213,71,1,-1,-1
295,45,803,94,213,71,1,-1,-1
296,45,803,94,213,71,1,-1,-1
297,45,803,95,213,71,1,-1,-1
298,45,804,95,213,71,1,-1,-1
299,45,804,96,213,71,1,-1,-1
300,45,804,97,213,71,1,-1,-1
301,45,805,97,213,71,1,-1,-1
302,45,805,98,213,71,1,-1,-1
303,45,805,98,213,71,1,-1,-1
304,45,806,99,213,71,1,-1,-1
305,45,806,100,213,71,1,-1,-1
306,45,806,100,213,71,1,-1,-1
307,45,807,101,213,71,1,-1,-1
308,45,807,101,213,71,1,-1,-1
309,45,807,102,213,71,1,-1,-1
310,45,808,103,213,71,1,-1,-1
311,45,808,103,213,71,1,-1,-1
312,45,808,104,213,71,1,-1,-1
313,45,809,104,213,71,1,-1,-1
314,45,809,105,213,71,1,-1,-1
315,45,810,106,213,71,1,-1,-1
316,45,808,108,215,71,1,-1,-1
317,45,807,110,216,71,1,-1,-1
318,45,805,112,218,71,1,-1,-1
319,45,804,114,219,71,1,-1,-1
320,45,802,116,221,71,1,-1,-1
321,45,801,118,222,71,1,-1,-1
322,45,800,121,223,70,1,-1,-1
