49,8,750,152,182,148,1,-1,-1
50,8,750,152,181,148,1,-1,-1
51,8,750,152,181,148,1,-1,-1
52,8,750,152,181,148,1,-1,-1
53,8,750,152,181,148,1,-1,-1
54,8,750,152,181,149,1,-1,-1
55,8,750,152,181,149,1,-1,-1
56,8,750,152,181,149,1,-1,-1
57,8,750,152,181,149,1,-1,-1
58,8,750,152,181,149,1,-1,-1
59,8,750,152,181,150,1,-1,-1
60,8,750,152,181,150,1,-1,-1
61,8,750,152,181,150,1,-1,-1
62,8,750,152,181,150,1,-1,-1
63,8,750,152,181,150,1,-1,-1
64,8,750,152,181,151,1,-1,-1
65,8,750,152,181,151,1,-1,-1
66,8,750,152,181,151,1,-1,-1
67,8,750,152,181,151,1,-1,-1
68,8,750,152,181,151,1,-1,-1
69,8,750,152,181,152,1,-1,-1
70,8,750,152,181,152,1,-1,-1
71,8,750,152,181,152,1,-1,-1
72,8,750,152,181,152,1,-1,-1
73,8,750,152,181,153,1,-1,-1
74,8,750,152,181,153,1,-1,-1
75,8,750,152,181,153,1,-1,-1
76,8,750,152,181,153,1,-1,-1
77,8,750,152,181,153,1,-1,-1
78,8,750,152,181,154,1,-1,-1
79,8,750,152,181,154,1,-1,-1
80,8,750,152,181,154,1,-1,-1
81,8,750,152,181,154,1,-1,-1
82,8,750,152,181,154,1,-1,-1
83,8,750,152,181,155,1,-1,-1
84,8,750,152,181,155,1,-1,-1
85,8,750,152,181,155,1,-1,-1
86,8,750,152,181,155,1,-1,-1
87,8,750,152,181,155,1,-1,-1
88,8,750,152,181,156,1,-1,-1
89,8,750,152,181,156,1,-1,-1
90,8,750,152,181,156,1,-1,-1
91,8,750,152,181,156,1,-1,-1
92,8,750,152,181,156,1,-1,-1
93,8,750,152,181,157,1,-1,-1
94,8,750,152,181,157,1,-1,-1
95,8,750,152,181,157,1,-1,-1
96,8,750,152,181,157,1,-1,-1
97,8,750,152,181,158,1,-1,-1
98,8,750,152,181,158,1,-1,-1
99,8,750,152,181,158,1,-1,-1
100,8,750,152,181,158,1,-1,-1
101,8,750,152,181,158,1,-1,-1
102,8,750,152,181,159,1,-1,-1
103,8,750,152,181,159,1,-1,-1
104,8,750,152,181,159,1,-1,-1
105,8,750,152,181,159,1,-1,-1
106,8,750,152,181,159,1,-1,-1
107,8,750,152,181,160,1,-1,-1
108,8,750,152,181,160,1,-1,-1
109,8,750,152,181,160,1,-1,-1
110,8,750,152,181,160,1,-1,-1
111,8,750,152,181,160,1,-1,-1
112,8,750,152,181,161,1,-1,-1
113,8,750,152,181,161,1,-1,-1
114,8,750,152,181,161,1,-1,-1
115,8,750,152,181,161,1,-1,-1
116,8,750,152,181,161,1,-1,-1
117,8,750,152,181,162,1,-1,-1
118,8,750,152,181,162,1,-1,-1
119,8,750,152,181,162,1,-1,-1
120,8,750,152,181,162,1,-1,-1
121,8,750,152,181,163,1,-1,-1
122,8,750,152,181,163,1,-1,-1
123,8,750,152,181,163,1,-1,-1
124,8,750,152,181,163,1,-1,-1
125,8,750,152,181,163,1,-1,-1
126,8,750,152,181,164,1,-1,-1
127,8,750,152,181,164,1,-1,-1
128,8,750,152,181,164,1,-1,-1
129,8,750,152,181,164,1,-1,-1
130,8,750,152,181,164,1,-1,-1
131,8,750,152,181,165,1,-1,-1
132,8,750,152,181,165,1,-1,-1
133,8,750,152,181,165,1,-1,-1
134,8,750,152,181,165,1,-1,-1
135,8,750,152,181,165,1,-1,-1
136,8,750,152,181,166,1,-1,-1
137,8,750,152,181,166,1,-1,-1
138,8,750,152,181,166,1,-1,-1
139,8,750,152,181,166,1,-1,-1
140,8,750,152,181,166,1,-1,-1
141,8,750,152,181,167,1,-1,-1
142,8,750,152,181,167,1,-1,-1
143,8,750,152,181,167,1,-1,-1
144,8,750,152,181,167,1,-1,-1
145,8,750,152,181,168,1,-1,-1
146,8,750,152,181,168,1,-1,-1
147,8,750,153,181,168,1,-1,-1
148,8,751,154,181,168,1,-1,-1
149,8,751,155,181,168,1,-1,-1
150,8,752,156,180,168,1,-1,-1
151,8,752,157,181,168,1,-1,-1
152,8,752,158,181,168,1,-1,-1
153,8,753,159,181,168,1,-1,-1
154,8,753,159,181,168,1,-1,-1
155,8,754,160,180,168,1,-1,-1
156,8,754,161,181,168,1,-1,-1
157,8,754,162,181,168,1,-1,-1
158,8,755,163,181,168,1,-1,-1
159,8,755,164,181,168,1,-1,-1
160,8,756,165,180,168,1,-1,-1
161,8,756,166,181,168,1,-1,-1
162,8,756,167,181,168,1,-1,-1
163,8,757,167,180,168,1,-1,-1
164,8,757,168,181,168,1,-1,-1
165,8,758,169,180,168,1,-1,-1
166,8,758,170,181,168,1,-1,-1
167,8,758,171,181,168,1,-1,-1
168,8,759,172,180,168,1,-1,-1
169,8,759,173,181,168,1,-1,-1
170,8,760,174,180,168,1,-1,-1
171,8,760,175,181,168,1,-1,-1
172,8,760,175,181,168,1,-1,-1
173,8,761,176,180,168,1,-1,-1
174,8,761,177,181,168,1,-1,-1
175,8,762,178,180,168,1,-1,-1
176,8,762,179,181,168,1,-1,-1
177,8,762,180,181,168,1,-1,-1
178,8,763,181,180,168,1,-1,-1
179,8,763,182,181,168,1,-1,-1
180,8,764,183,180,168,1,-1,-1
181,8,764,183,180,168,1,-1,-1
182,8,764,184,181,168,1,-1,-1
183,8,765,185,180,168,1,-1,-1
184,8,765,186,181,168,1,-1,-1
185,8,766,187,180,168,1,-1,-1
186,8,766,188,180,168,1,-1,-1
187,8,766,189,181,168,1,-1,-1
188,8,767,190,180,168,1,-1,-1
189,8,767,191,181,168,1,-1,-1
190,8,768,191,180,168,1,-1,-1
191,8,768,192,180,168,1,-1,-1
192,8,768,193,181,168,1,-1,-1
193,8,769,194,180,168,1,-1,-1
194,8,769,195,180,168,1,-1,-1
195,8,770,196,180,168,1,-1,-1
196,8,770,197,180,168,1,-1,-1
197,8,770,198,181,168,1,-1,-1
198,8,771,199,180,168,1,-1,-1
199,8,771,199,180,168,1,-1,-1
200,8,772,200,180,168,1,-1,-1
201,8,772,201,180,168,1,-1,-1
202,8,772,202,181,168,1,-1,-1
203,8,773,203,180,168,1,-1,-1
204,8,773,204,180,168,1,-1,-1
205,8,774,205,180,168,1,-1,-1
206,8,774,206,180,168,1,-1,-1
207,8,774,207,181,168,1,-1,-1
208,8,775,207,180,168,1,-1,-1
209,8,775,208,180,168,1,-1,-1
210,8,776,209,180,168,1,-1,-1
211,8,776,210,180,168,1,-1,-1
212,8,776,211,180,168,1,-1,-1
213,8,777,212,180,168,1,-1,-1
214,8,777,213,180,168,1,-1,-1
215,8,778,214,180,168,1,-1,-1
216,8,778,215,180,168,1,-1,-1
217,8,778,215,180,168,1,-1,-1
218,8,779,216,180,168,1,-1,-1
219,8,779,217,180,168,1,-1,-1
220,8,780,218,180,168,1,-1,-1
221,8,780,219,180,168,1,-1,-1
222,8,780,220,180,168,1,-1,-1
223,8,781,221,180,168,1,-1,-1
224,8,781,222,180,168,1,-1,-1
225,8,782,223,180,168,1,-1,-1
226,8,783,222,179,168,1,-1,-1
227,8,785,221,178,168,1,-1,-1
228,8,786,220,177,168,1,-1,-1
229,8,788,219,176,168,1,-1,-1
230,8,789,218,176,168,1,-1,-1
231,8,791,217,174,168,1,-1,-1
232,8,792,216,174,168,1,-1,-1
233,8,794,215,173,168,1,-1,-1
234,8,795,215,172,167,1,-1,-1
235,8,797,214,171,167,1,-1,-1
236,8,798,213,171,167,1,-1,-1
237,8,800,212,169,167,1,-1,-1
238,8,801,211,169,167,1,-1,-1
239,8,803,210,168,167,1,-1,-1
240,8,804,209,167,167,1,-1,-1
241,8,806,208,166,168,1,-1,-1
242,8,807,208,166,167,1,-1,-1
243,8,809,207,164,167,1,-1,-1
244,8,810,206,164,167,1,-1,-1
245,8,812,205,163,167,1,-1,-1
246,8,813,204,162,167,1,-1,-1
247,8,815,203,161,167,1,-1,-1
248,8,816,202,161,167,1,-1,-1
249,8,818,201,159,167,1,-1,-1
250,8,819,201,159,166,1,-1,-1
251,8,821,200,158,166,1,-1,-1
252,8,822,199,157,166,1,-1,-1
253,8,824,198,156,166,1,-1,-1
254,8,825,197,156,166,1,-1,-1
255,8,827,196,154,166,1,-1,-1
256,8,828,195,154,167,1,-1,-1
257,8,830,194,153,167,1,-1,-1
258,8,831,193,152,167,1,-1,-1
259,8,833,193,151,166,1,-1,-1
260,8,834,192,151,166,1,-1,-1
261,8,836,191,149,166,1,-1,-1
262,8,837,190,149,166,1,-1,-1
263,8,839,189,148,166,1,-1,-1
264,8,840,188,147,166,1,-1,-1
265,8,842,187,146,166,1,-1,-1
266,8,843,186,146,166,1,-1,-1
267,8,845,186,144,165,1,-1,-1
268,8,846,185,144,165,1,-1,-1
269,8,848,184,143,165,1,-1,-1
270,8,849,183,142,165,1,-1,-1
271,8,851,182,141,166,1,-1,-1
272,8,852,181,140,166,1,-1,-1
273,8,854,180,139,166,1,-1,-1
274,8,855,179,139,166,1,-1,-1
275,8,857,179,137,165,1,-1,-1
276,8,858,178,137,165,1,-1,-1
277,8,860,177,136,165,1,-1,-1
278,8,861,176,135,165,1,-1,-1
279,8,863,175,134,165,1,-1,-1
280,8,864,174,134,165,1,-1,-1
281,8,866,173,132,165,1,-1,-1
282,8,867,172,132,165,1,-1,-1
283,8,869,172,131,164,1,-1,-1
284,8,870,171,130,164,1,-1,-1
285,8,872,170,129,164,1,-1,-1
286,8,873,169,129,165,1,-1,-1
287,8,875,168,127,165,1,-1,-1
288,8,876,167,127,165,1,-1,-1
289,8,878,166,126,165,1,-1,-1
290,8,879,165,125,165,1,-1,-1
291,8,881,164,124,165,1,-1,-1
292,8,882,164,124,164,1,-1,-1
293,8,884,163,122,164,1,-1,-1
294,8,885,162,122,164,1,-1,-1
295,8,887,161,121,164,1,-1,-1
296,8,888,160,120,164,1,-1,-1
297,8,890,159,119,164,1,-1,-1
298,8,891,158,119,164,1,-1,-1
299,8,893,157,117,164,1,-1,-1
300,8,894,157,117,163,1,-1,-1
301,8,896,156,116,164,1,-1,-1
302,8,897,155,115,164,1,-1,-1
303,8,899,154,114,164,1,-1,-1
304,8,900,153,114,164,1,-1,-1
305,8,902,152,112,164,1,-1,-1
306,8,903,151,112,164,1,-1,-1
307,8,905,150,111,164,1,-1,-1
308,8,906,150,110,163,1,-1,-1
309,8,908,149,109,163,1,-1,-1
310,8,909,148,109,163,1,-1,-1
311,8,911,147,107,163,1,-1,-1
312,8,912,146,107,163,1,-1,-1
313,8,914,145,106,163,1,-1,-1
314,8,915,144,105,163,1,-1,-1
315,8,917,143,104,163,1,-1,-1
316,8,919,143,103,163,1,-1,-1
317,8,890,144,117,161,1,-1,-1
318,8,862,146,130,158,1,-1,-1
319,8,834,147,143,156,1,-1,-1
320,8,806,149,156,153,1,-1,-1
321,8,778,150,169,151,1,-1,-1
322,8,750,152,182,148,1,-1,-1
