49,11,648,303,9,12,1,-1,-1
50,11,648,303,9,12,1,-1,-1
51,11,648,303,9,12,1,-1,-1
52,11,648,303,9,12,1,-1,-1
53,11,648,302,9,12,1,-1,-1
54,11,648,302,9,12,1,-1,-1
55,11,648,302,9,12,1,-1,-1
56,11,648,302,9,12,1,-1,-1
57,11,648,301,9,12,1,-1,-1
58,11,648,301,9,12,1,-1,-1
59,11,648,301,9,12,1,-1,-1
60,11,648,301,9,12,1,-1,-1
61,11,648,301,9,12,1,-1,-1
62,11,648,300,9,12,1,-1,-1
63,11,648,300,9,12,1,-1,-1
64,11,648,300,9,12,1,-1,-1
65,11,648,300,9,12,1,-1,-1
66,11,648,299,9,12,1,-1,-1
67,11,648,299,9,12,1,-1,-1
68,11,648,299,9,12,1,-1,-1
69,11,648,299,9,12,1,-1,-1
70,11,648,299,9,12,1,-1,-1
71,11,649,298,9,12,1,-1,-1
72,11,649,298,9,12,1,-1,-1
73,11,649,298,9,12,1,-1,-1
74,11,649,298,9,12,1,-1,-1
75,11,649,297,9,12,1,-1,-1
76,11,649,297,9,12,1,-1,-1
77,11,649,297,9,12,1,-1,-1
78,11,649,297,9,12,1,-1,-1
79,11,649,297,9,12,1,-1,-1
80,11,649,296,9,12,1,-1,-1
81,11,649,296,9,12,1,-1,-1
82,11,649,296,9,12,1,-1,-1
83,11,649,296,9,12,1,-1,-1
84,11,649,296,9,12,1,-1,-1
85,11,649,295,9,12,1,-1,-1
86,11,649,295,9,12,1,-1,-1
87,11,649,295,9,12,1,-1,-1
88,11,649,295,9,12,1,-1,-1
89,11,649,294,9,12,1,-1,-1
90,11,649,294,9,12,1,-1,-1
91,11,649,294,9,12,1,-1,-1
92,11,649,294,9,12,1,-1,-1
93,11,649,294,9,12,1,-1,-1
94,11,649,293,9,12,1,-1,-1
95,11,649,293,9,12,1,-1,-1
96,11,649,293,9,12,1,-1,-1
97,11,649,293,9,12,1,-1,-1
98,11,650,292,9,12,1,-1,-1
99,11,650,292,9,12,1,-1,-1
100,11,650,292,9,12,1,-1,-1
101,11,650,292,9,12,1,-1,-1
102,11,650,292,9,12,1,-1,-1
103,11,650,291,9,12,1,-1,-1
104,11,650,291,9,12,1,-1,-1
105,11,650,291,9,12,1,-1,-1
106,11,650,291,9,12,1,-1,-1
107,11,650,290,9,12,1,-1,-1
108,11,650,290,9,12,1,-1,-1
109,11,650,290,9,12,1,-1,-1
110,11,650,290,9,12,1,-1,-1
111,11,650,290,9,12,1,-1,-1
112,11,650,289,9,12,1,-1,-1
113,11,650,289,9,12,1,-1,-1
114,11,650,289,9,12,1,-1,-1
115,11,650,289,9,12,1,-1,-1
116,11,650,288,9,12,1,-1,-1
117,11,650,288,9,12,1,-1,-1
118,11,650,288,9,12,1,-1,-1
119,11,650,288,9,12,1,-1,-1
120,11,650,288,9,12,1,-1,-1
121,11,650,287,9,12,1,-1,-1
122,11,650,287,9,12,1,-1,-1
123,11,650,287,9,12,1,-1,-1
124,11,650,287,9,12,1,-1,-1
125,11,651,287,9,12,1,-1,-1
126,11,651,286,9,12,1,-1,-1
127,11,651,286,9,12,1,-1,-1
128,11,651,286,9,12,1,-1,-1
129,11,651,286,9,12,1,-1,-1
130,11,651,286,9,12,1,-1,-1
131,11,651,286,9,12,1,-1,-1
132,11,651,286,9,12,1,-1,-1
133,11,651,285,9,12,1,-1,-1
134,11,651,285,9,12,1,-1,-1
135,11,651,285,9,12,1,-1,-1
136,11,651,285,9,12,1,-1,-1
137,11,651,285,9,12,1,-1,-1
138,11,651,285,9,12,1,-1,-1
139,11,651,285,9,12,1,-1,-1
140,11,651,285,9,12,1,-1,-1
141,11,651,284,9,12,1,-1,-1
142,11,651,284,9,12,1,-1,-1
143,11,651,284,9,12,1,-1,-1
144,11,651,284,9,12,1,-1,-1
145,11,651,284,9,12,1,-1,-1
146,11,651,284,9,12,1,-1,-1
147,11,651,284,9,12,1,-1,-1
148,11,652,284,9,12,1,-1,-1
149,11,652,283,9,12,1,-1,-1
150,11,652,283,9,12,1,-1,-1
151,11,652,283,9,12,1,-1,-1
152,11,652,283,9,12,1,-1,-1
153,11,652,283,9,12,1,-1,-1
154,11,652,283,9,12,1,-1,-1
155,11,652,283,9,12,1,-1,-1
156,11,652,282,9,12,1,-1,-1
157,11,652,282,9,12,1,-1,-1
158,11,652,282,9,12,1,-1,-1
159,11,652,282,9,12,1,-1,-1
160,11,652,282,9,12,1,-1,-1
161,11,652,282,9,12,1,-1,-1
162,11,652,282,9,12,1,-1,-1
163,11,652,282,9,12,1,-1,-1
164,11,652,281,9,12,1,-1,-1
165,11,652,281,9,12,1,-1,-1
166,11,652,281,9,12,1,-1,-1
167,11,652,281,9,12,1,-1,-1
168,11,652,281,9,12,1,-1,-1
169,11,652,281,9,12,1,-1,-1
170,11,652,281,9,12,1,-1,-1
171,11,653,281,9,12,1,-1,-1
172,11,653,280,9,12,1,-1,-1
173,11,653,280,9,12,1,-1,-1
174,11,653,280,9,12,1,-1,-1
175,11,653,280,9,12,1,-1,-1
176,11,653,280,10,11,1,-1,-1
177,11,653,280,10,11,1,-1,-1
178,11,654,279,9,12,1,-1,-1
179,11,654,279,9,12,1,-1,-1
180,11,654,279,10,11,1,-1,-1
181,11,654,279,10,11,1,-1,-1
182,11,654,279,10,11,1,-1,-1
183,11,654,279,10,11,1,-1,-1
184,11,655,279,10,11,1,-1,-1
185,11,655,278,10,11,1,-1,-1
186,11,655,278,10,11,1,-1,-1
187,11,655,278,10,11,1,-1,-1
188,11,655,277,10,11,1,-1,-1
189,11,655,277,10,11,1,-1,-1
190,11,655,277,10,11,1,-1,-1
191,11,655,277,10,10,1,-1,-1
192,11,655,276,10,11,1,-1,-1
193,11,655,276,10,11,1,-1,-1
194,11,655,276,10,10,1,-1,-1
195,11,655,275,10,11,1,-1,-1
196,11,655,275,10,11,1,-1,-1
197,11,655,275,10,10,1,-1,-1
198,11,655,275,10,10,1,-1,-1
199,11,655,274,10,11,1,-1,-1
200,11,655,274,10,10,1,-1,-1
201,11,655,274,10,10,1,-1,-1
202,11,655,273,10,11,1,-1,-1
203,11,655,273,10,10,1,-1,-1
204,11,655,273,10,10,1,-1,-1
205,11,655,273,10,10,1,-1,-1
206,11,655,272,10,10,1,-1,-1
207,11,655,272,10,10,1,-1,-1
208,11,655,272,10,10,1,-1,-1
209,11,655,272,11,10,1,-1,-1
210,11,655,271,10,10,1,-1,-1
211,11,655,270,10,11,1,-1,-1
212,11,655,270,10,11,1,-1,-1
213,11,655,269,9,11,1,-1,-1
214,11,655,269,9,11,1,-1,-1
215,11,655,268,9,12,1,-1,-1
216,11,655,268,9,12,1,-1,-1
217,11,655,267,9,12,1,-1,-1
218,11,655,267,9,12,1,-1,-1
219,11,655,267,9,12,1,-1,-1
220,11,655,266,9,12,1,-1,-1
221,11,655,266,9,12,1,-1,-1
222,11,655,266,9,12,1,-1,-1
223,11,655,265,9,12,1,-1,-1
224,11,655,265,9,12,1,-1,-1
225,11,655,265,9,12,1,-1,-1
61,17,643,309,9,14,1,-1,-1
62,17,643,309,9,14,1,-1,-1
63,17,643,309,9,14,1,-1,-1
64,17,643,309,9,14,1,-1,-1
65,17,643,309,9,14,1,-1,-1
66,17,643,309,9,14,1,-1,-1
67,17,643,308,9,14,1,-1,-1
68,17,643,308,9,14,1,-1,-1
69,17,643,308,9,14,1,-1,-1
70,17,643,308,9,14,1,-1,-1
71,17,643,308,9,14,1,-1,-1
72,17,644,308,9,14,1,-1,-1
73,17,644,307,9,14,1,-1,-1
74,17,644,307,9,14,1,-1,-1
75,17,644,307,9,14,1,-1,-1
76,17,644,307,9,14,1,-1,-1
77,17,644,307,9,14,1,-1,-1
78,17,644,306,9,14,1,-1,-1
79,17,644,306,9,14,1,-1,-1
80,17,644,306,9,14,1,-1,-1
81,17,644,306,9,14,1,-1,-1
82,17,644,306,9,14,1,-1,-1
83,17,644,306,9,14,1,-1,-1
84,17,644,305,9,14,1,-1,-1
85,17,644,305,9,14,1,-1,-1
86,17,644,305,9,14,1,-1,-1
87,17,644,305,9,14,1,-1,-1
88,17,644,305,9,14,1,-1,-1
83,18,648,318,10,11,1,-1,-1
84,18,648,318,10,11,1,-1,-1
85,18,648,317,10,11,1,-1,-1
86,18,648,317,10,11,1,-1,-1
87,18,649,317,10,11,1,-1,-1
88,18,649,316,10,11,1,-1,-1
89,18,649,316,10,11,1,-1,-1
90,18,649,316,10,11,1,-1,-1
91,18,649,316,10,11,1,-1,-1
92,18,649,315,10,11,1,-1,-1
93,18,649,315,10,11,1,-1,-1
94,18,649,315,10,11,1,-1,-1
95,18,649,314,10,11,1,-1,-1
96,18,649,314,10,11,1,-1,-1
97,18,649,314,10,11,1,-1,-1
98,18,649,313,10,11,1,-1,-1
99,18,649,313,10,11,1,-1,-1
100,18,649,313,10,11,1,-1,-1
101,18,649,313,10,11,1,-1,-1
102,18,649,312,10,11,1,-1,-1
103,18,650,312,10,11,1,-1,-1
104,18,650,312,10,11,1,-1,-1
105,18,650,311,10,11,1,-1,-1
106,18,650,311,10,11,1,-1,-1
107,18,650,311,10,11,1,-1,-1
108,18,650,311,10,11,1,-1,-1
109,18,650,310,10,11,1,-1,-1
110,18,650,310,10,11,1,-1,-1
111,18,650,310,10,11,1,-1,-1
112,18,650,309,10,11,1,-1,-1
113,18,650,309,10,11,1,-1,-1
114,18,650,309,10,11,1,-1,-1
115,18,650,308,10,11,1,-1,-1
116,18,650,308,10,11,1,-1,-1
117,18,650,308,10,11,1,-1,-1
118,18,650,308,10,11,1,-1,-1
119,18,651,307,10,11,1,-1,-1
120,18,651,307,10,11,1,-1,-1
121,18,651,307,10,11,1,-1,-1
122,18,651,306,10,11,1,-1,-1
123,18,651,306,10,11,1,-1,-1
124,18,651,306,10,11,1,-1,-1
125,18,651,305,10,11,1,-1,-1
126,18,651,305,10,11,1,-1,-1
127,18,651,305,10,11,1,-1,-1
128,18,651,305,10,11,1,-1,-1
129,18,651,304,10,11,1,-1,-1
130,18,651,304,10,11,1,-1,-1
131,18,651,304,10,11,1,-1,-1
132,18,651,303,10,11,1,-1,-1
133,18,651,303,10,11,1,-1,-1
134,18,651,303,10,11,1,-1,-1
135,18,652,303,10,11,1,-1,-1
136,18,652,303,10,11,1,-1,-1
137,18,652,303,10,11,1,-1,-1
138,18,652,303,10,11,1,-1,-1
139,18,652,303,10,11,1,-1,-1
140,18,652,303,10,11,1,-1,-1
141,18,652,303,10,11,1,-1,-1
142,18,652,303,10,11,1,-1,-1
143,18,652,303,10,11,1,-1,-1
144,18,652,303,10,11,1,-1,-1
145,18,652,303,10,11,1,-1,-1
146,18,652,303,10,11,1,-1,-1
147,18,653,303,10,11,1,-1,-1
197,33,641,305,11,12,1,-1,-1
198,33,641,305,11,12,1,-1,-1
199,33,641,305,11,12,1,-1,-1
200,33,642,305,11,12,1,-1,-1
201,33,642,305,11,12,1,-1,-1
202,33,643,306,11,12,1,-1,-1
203,33,642,305,11,12,1,-1,-1
204,33,642,305,11,12,1,-1,-1
205,33,642,305,11,12,1,-1,-1
206,33,641,304,11,12,1,-1,-1
207,33,641,304,11,12,1,-1,-1
208,33,641,304,11,12,1,-1,-1
209,33,641,304,11,12,1,-1,-1
210,33,641,303,11,12,1,-1,-1
211,33,641,303,11,12,1,-1,-1
212,33,641,303,11,12,1,-1,-1
213,33,641,303,11,12,1,-1,-1
214,33,641,303,11,12,1,-1,-1
215,33,641,303,11,12,1,-1,-1
92,34,633,320,10,11,1,-1,-1
93,34,633,320,10,11,1,-1,-1
94,34,633,319,10,11,1,-1,-1
95,34,633,319,10,11,1,-1,-1
96,34,633,319,10,11,1,-1,-1
97,34,634,318,10,11,1,-1,-1
98,34,634,318,10,11,1,-1,-1
99,34,634,318,10,11,1,-1,-1
100,34,634,317,10,11,1,-1,-1
101,34,634,317,10,11,1,-1,-1
102,34,634,317,10,11,1,-1,-1
103,34,634,317,10,11,1,-1,-1
104,34,634,316,10,11,1,-1,-1
105,34,634,316,10,11,1,-1,-1
106,34,634,316,10,11,1,-1,-1
107,34,635,315,10,11,1,-1,-1
108,34,635,315,10,11,1,-1,-1
109,34,635,315,10,11,1,-1,-1
110,34,635,314,10,11,1,-1,-1
111,34,635,314,10,11,1,-1,-1
112,34,635,314,10,11,1,-1,-1
113,34,635,313,10,11,1,-1,-1
114,34,635,313,10,11,1,-1,-1
115,34,635,313,10,11,1,-1,-1
116,34,636,313,10,11,1,-1,-1
117,34,636,312,10,11,1,-1,-1
118,34,636,312,10,11,1,-1,-1
119,34,636,312,10,11,1,-1,-1
120,34,636,312,10,11,1,-1,-1
121,34,636,312,10,11,1,-1,-1
122,34,636,312,10,11,1,-1,-1
123,34,636,312,10,11,1,-1,-1
124,34,636,312,10,11,1,-1,-1
125,34,637,312,10,11,1,-1,-1
126,34,637,311,10,11,1,-1,-1
127,34,637,311,10,11,1,-1,-1
128,34,637,311,10,11,1,-1,-1
129,34,637,311,10,11,1,-1,-1
130,34,637,311,10,11,1,-1,-1
131,34,637,310,10,11,1,-1,-1
132,34,637,310,10,11,1,-1,-1
133,34,637,310,10,11,1,-1,-1
134,34,637,310,10,11,1,-1,-1
135,34,638,310,10,11,1,-1,-1
136,34,638,309,10,11,1,-1,-1
137,34,638,309,10,11,1,-1,-1
138,34,638,309,10,11,1,-1,-1
139,34,638,308,10,12,1,-1,-1
140,34,638,308,10,12,1,-1,-1
141,34,638,308,10,12,1,-1,-1
142,34,638,307,10,12,1,-1,-1
143,34,638,307,10,12,1,-1,-1
144,34,638,307,10,12,1,-1,-1
145,34,638,306,10,13,1,-1,-1
146,34,638,306,10,13,1,-1,-1
147,34,638,306,10,13,1,-1,-1
66,35,630,310,13,12,1,-1,-1
67,35,630,310,13,12,1,-1,-1
68,35,630,310,13,12,1,-1,-1
69,35,630,310,13,11,1,-1,-1
70,35,630,309,13,12,1,-1,-1
71,35,630,309,13,12,1,-1,-1
72,35,630,309,13,12,1,-1,-1
73,35,630,309,13,11,1,-1,-1
74,35,630,309,13,11,1,-1,-1
75,35,630,308,13,12,1,-1,-1
76,35,631,308,12,12,1,-1,-1
77,35,631,308,12,11,1,-1,-1
78,35,631,308,12,11,1,-1,-1
79,35,631,307,12,12,1,-1,-1
80,35,631,307,12,12,1,-1,-1
81,35,631,307,12,11,1,-1,-1
82,35,631,307,12,11,1,-1,-1
83,35,631,306,13,12,1,-1,-1
84,35,631,306,13,12,1,-1,-1
85,35,631,306,13,11,1,-1,-1
86,35,631,306,13,11,1,-1,-1
87,35,631,305,13,12,1,-1,-1
88,35,631,305,13,12,1,-1,-1
89,35,631,305,13,11,1,-1,-1
90,35,632,305,12,11,1,-1,-1
91,35,632,304,12,12,1,-1,-1
92,35,632,304,12,12,1,-1,-1
93,35,632,304,12,11,1,-1,-1
94,35,632,304,12,11,1,-1,-1
95,35,632,304,12,11,1,-1,-1
96,35,632,303,12,12,1,-1,-1
97,35,632,303,12,11,1,-1,-1
98,35,632,303,12,11,1,-1,-1
99,35,632,303,12,11,1,-1,-1
100,35,632,302,13,12,1,-1,-1
101,35,632,302,13,11,1,-1,-1
102,35,632,302,13,11,1,-1,-1
103,35,633,302,12,11,1,-1,-1
104,35,633,301,12,12,1,-1,-1
105,35,633,301,12,11,1,-1,-1
106,35,633,301,12,11,1,-1,-1
107,35,633,301,12,11,1,-1,-1
108,35,633,300,12,12,1,-1,-1
109,35,633,300,12,11,1,-1,-1
110,35,633,300,12,11,1,-1,-1
111,35,633,300,12,11,1,-1,-1
112,35,633,299,12,12,1,-1,-1
113,35,633,299,12,11,1,-1,-1
114,35,633,299,12,11,1,-1,-1
115,35,633,299,12,11,1,-1,-1
116,35,634,299,12,11,1,-1,-1
117,35,633,298,12,11,1,-1,-1
118,35,633,298,12,11,1,-1,-1
119,35,633,298,12,11,1,-1,-1
120,35,633,298,12,11,1,-1,-1
121,35,632,297,12,11,1,-1,-1
122,35,632,297,12,11,1,-1,-1
123,35,632,297,12,11,1,-1,-1
124,35,632,297,12,11,1,-1,-1
125,35,632,297,12,11,1,-1,-1
126,35,632,296,12,11,1,-1,-1
127,35,632,296,12,11,1,-1,-1
128,35,632,296,12,11,1,-1,-1
129,35,632,296,12,11,1,-1,-1
130,35,632,296,12,11,1,-1,-1
131,35,632,295,12,11,1,-1,-1
132,35,632,295,12,11,1,-1,-1
133,35,632,295,12,11,1,-1,-1
134,35,632,295,12,11,1,-1,-1
135,35,633,295,12,11,1,-1,-1
136,35,633,295,12,11,1,-1,-1
137,35,633,295,12,11,1,-1,-1
138,35,633,295,12,11,1,-1,-1
139,35,633,295,12,11,1,-1,-1
140,35,633,295,12,11,1,-1,-1
141,35,633,295,12,11,1,-1,-1
142,35,634,296,11,10,1,-1,-1
143,35,634,296,11,10,1,-1,-1
144,35,634,296,11,10,1,-1,-1
145,35,634,296,11,10,1,-1,-1
146,35,634,296,11,10,1,-1,-1
147,35,634,296,11,10,1,-1,-1
1,47,600,24,98,277,1,-1,-1
2,47,600,24,98,276,1,-1,-1
3,47,600,24,98,276,1,-1,-1
4,47,600,24,98,276,1,-1,-1
5,47,600,24,98,276,1,-1,-1
6,47,600,24,98,275,1,-1,-1
7,47,600,24,98,275,1,-1,-1
8,47,600,24,98,275,1,-1,-1
9,47,600,24,98,275,1,-1,-1
10,47,600,24,98,274,1,-1,-1
11,47,600,24,98,274,1,-1,-1
12,47,600,24,98,274,1,-1,-1
13,47,600,24,99,274,1,-1,-1
14,47,600,24,99,273,1,-1,-1
15,47,600,24,99,273,1,-1,-1
16,47,600,24,99,273,1,-1,-1
17,47,600,24,99,273,1,-1,-1
18,47,600,24,99,272,1,-1,-1
19,47,600,24,99,272,1,-1,-1
20,47,600,24,99,272,1,-1,-1
21,47,600,24,99,272,1,-1,-1
22,47,600,24,99,271,1,-1,-1
23,47,600,24,99,271,1,-1,-1
24,47,600,24,100,271,1,-1,-1
25,47,600,24,100,271,1,-1,-1
26,47,600,24,100,270,1,-1,-1
27,47,600,24,100,270,1,-1,-1
28,47,600,24,100,270,1,-1,-1
29,47,600,24,100,270,1,-1,-1
30,47,600,24,100,269,1,-1,-1
31,47,600,24,100,269,1,-1,-1
32,47,600,24,100,269,1,-1,-1
33,47,600,24,100,269,1,-1,-1
34,47,600,24,100,268,1,-1,-1
35,47,600,24,101,268,1,-1,-1
36,47,600,24,101,268,1,-1,-1
37,47,600,24,101,268,1,-1,-1
38,47,600,24,101,267,1,-1,-1
39,47,600,24,101,267,1,-1,-1
40,47,600,24,101,267,1,-1,-1
41,47,600,24,101,267,1,-1,-1
42,47,600,24,101,266,1,-1,-1
43,47,600,24,101,266,1,-1,-1
44,47,600,24,101,266,1,-1,-1
45,47,600,24,101,266,1,-1,-1
46,47,600,24,102,266,1,-1,-1
47,47,600,24,102,265,1,-1,-1
48,47,600,24,103,265,1,-1,-1
49,47,600,24,103,265,1,-1,-1
50,47,600,24,104,264,1,-1,-1
51,47,600,24,105,264,1,-1,-1
52,47,600,24,105,264,1,-1,-1
53,47,600,24,106,264,1,-1,-1
54,47,600,24,107,263,1,-1,-1
55,47,600,24,107,263,1,-1,-1
56,47,600,24,108,263,1,-1,-1
57,47,600,24,109,262,1,-1,-1
58,47,600,24,109,262,1,-1,-1
59,47,600,24,110,262,1,-1,-1
60,47,600,24,111,262,1,-1,-1
61,47,600,24,111,261,1,-1,-1
62,47,600,24,112,261,1,-1,-1
63,47,600,24,113,261,1,-1,-1
64,47,600,24,113,261,1,-1,-1
65,47,600,24,114,260,1,-1,-1
66,47,600,24,115,260,1,-1,-1
67,47,600,24,115,260,1,-1,-1
68,47,600,24,116,259,1,-1,-1
69,47,600,24,117,259,1,-1,-1
70,47,600,24,117,259,1,-1,-1
71,47,600,24,118,259,1,-1,-1
72,47,600,24,119,258,1,-1,-1
73,47,600,24,119,258,1,-1,-1
74,47,600,24,120,258,1,-1,-1
75,47,600,24,121,258,1,-1,-1
76,47,600,24,114,258,1,-1,-1
77,47,600,24,107,258,1,-1,-1
78,47,600,24,101,258,1,-1,-1
79,47,600,24,102,257,1,-1,-1
80,47,600,24,103,257,1,-1,-1
81,47,600,24,104,257,1,-1,-1
82,47,600,24,105,257,1,-1,-1
83,47,600,24,106,257,1,-1,-1
84,47,600,24,107,257,1,-1,-1
85,47,600,24,108,257,1,-1,-1
86,47,600,24,109,257,1,-1,-1
87,47,600,24,110,257,1,-1,-1
88,47,600,24,111,257,1,-1,-1
89,47,600,24,112,257,1,-1,-1
90,47,600,24,114,257,1,-1,-1
91,47,600,24,115,257,1,-1,-1
92,47,600,24,116,257,1,-1,-1
93,47,600,24,117,257,1,-1,-1
94,47,600,24,118,257,1,-1,-1
95,47,600,24,119,257,1,-1,-1
96,47,600,24,120,257,1,-1,-1
97,47,600,24,121,257,1,-1,-1
98,47,600,24,122,257,1,-1,-1
99,47,600,24,123,257,1,-1,-1
100,47,600,24,124,257,1,-1,-1
101,47,600,24,126,257,1,-1,-1
102,47,600,24,125,256,1,-1,-1
103,47,600,24,125,256,1,-1,-1
104,47,600,24,125,255,1,-1,-1
105,47,600,24,125,255,1,-1,-1
106,47,600,24,125,255,1,-1,-1
107,47,600,24,125,254,1,-1,-1
108,47,600,24,125,254,1,-1,-1
109,47,600,24,125,254,1,-1,-1
110,47,600,24,125,253,1,-1,-1
111,47,600,24,125,253,1,-1,-1
112,47,600,24,125,253,1,-1,-1
113,47,600,24,125,252,1,-1,-1
114,47,600,24,125,252,1,-1,-1
115,47,600,24,125,252,1,-1,-1
116,47,600,24,125,251,1,-1,-1
117,47,600,24,125,251,1,-1,-1
118,47,600,24,125,251,1,-1,-1
119,47,600,24,125,250,1,-1,-1
120,47,600,24,125,250,1,-1,-1
121,47,600,24,125,249,1,-1,-1
122,47,600,24,125,249,1,-1,-1
123,47,600,24,125,249,1,-1,-1
124,47,600,24,125,248,1,-1,-1
125,47,600,24,125,248,1,-1,-1
126,47,600,24,125,248,1,-1,-1
127,47,600,24,125,247,1,-1,-1
128,47,600,24,125,247,1,-1,-1
129,47,600,24,125,247,1,-1,-1
130,47,600,24,125,246,1,-1,-1
131,47,600,24,125,246,1,-1,-1
132,47,600,24,125,246,1,-1,-1
133,47,600,24,125,245,1,-1,-1
134,47,600,24,125,245,1,-1,-1
135,47,600,24,125,245,1,-1,-1
136,47,600,24,125,244,1,-1,-1
137,47,600,24,125,244,1,-1,-1
138,47,600,24,125,244,1,-1,-1
139,47,600,24,124,243,1,-1,-1
140,47,600,24,124,243,1,-1,-1
141,47,600,24,124,242,1,-1,-1
142,47,600,24,124,242,1,-1,-1
143,47,600,24,124,241,1,-1,-1
144,47,600,24,124,241,1,-1,-1
145,47,600,24,124,241,1,-1,-1
146,47,600,24,124,240,1,-1,-1
147,47,600,24,124,240,1,-1,-1
148,47,600,24,124,239,1,-1,-1
149,47,600,24,124,239,1,-1,-1
150,47,600,24,124,239,1,-1,-1
151,47,600,24,124,238,1,-1,-1
152,47,600,24,124,238,1,-1,-1
153,47,600,24,124,237,1,-1,-1
154,47,600,24,124,237,1,-1,-1
155,47,600,24,124,236,1,-1,-1
156,47,600,24,124,236,1,-1,-1
157,47,600,24,124,236,1,-1,-1
158,47,600,24,124,235,1,-1,-1
159,47,600,24,124,235,1,-1,-1
160,47,600,24,124,234,1,-1,-1
161,47,600,24,124,234,1,-1,-1
162,47,600,24,124,234,1,-1,-1
163,47,600,24,124,233,1,-1,-1
164,47,600,24,124,233,1,-1,-1
165,47,600,24,124,232,1,-1,-1
166,47,600,24,124,232,1,-1,-1
167,47,600,24,124,231,1,-1,-1
168,47,600,24,124,231,1,-1,-1
169,47,600,24,124,231,1,-1,-1
170,47,600,24,124,230,1,-1,-1
171,47,600,24,124,230,1,-1,-1
172,47,600,24,124,229,1,-1,-1
173,47,600,24,124,229,1,-1,-1
174,47,600,24,124,229,1,-1,-1
175,47,600,24,124,228,1,-1,-1
176,47,600,24,124,228,1,-1,-1
177,47,600,24,124,227,1,-1,-1
178,47,600,24,124,227,1,-1,-1
179,47,600,24,124,227,1,-1,-1
180,47,600,24,124,226,1,-1,-1
181,47,600,24,124,226,1,-1,-1
182,47,600,24,124,225,1,-1,-1
183,47,600,24,124,225,1,-1,-1
184,47,600,24,124,224,1,-1,-1
185,47,600,24,124,224,1,-1,-1
186,47,600,24,124,224,1,-1,-1
187,47,600,24,124,223,1,-1,-1
188,47,600,24,124,223,1,-1,-1
189,47,600,24,124,222,1,-1,-1
190,47,600,24,124,222,1,-1,-1
191,47,600,24,124,222,1,-1,-1
192,47,600,24,124,221,1,-1,-1
193,47,600,24,124,221,1,-1,-1
194,47,600,24,124,220,1,-1,-1
195,47,600,24,124,220,1,-1,-1
196,47,600,24,124,219,1,-1,-1
197,47,600,24,124,219,1,-1,-1
198,47,600,24,124,219,1,-1,-1
199,47,600,24,124,218,1,-1,-1
200,47,600,24,124,218,1,-1,-1
201,47,600,24,124,217,1,-1,-1
202,47,600,24,124,217,1,-1,-1
203,47,600,24,124,217,1,-1,-1
204,47,600,24,124,216,1,-1,-1
205,47,600,24,124,216,1,-1,-1
206,47,600,24,124,215,1,-1,-1
207,47,600,24,124,215,1,-1,-1
208,47,600,24,124,215,1,-1,-1
209,47,600,24,123,214,1,-1,-1
210,47,600,24,123,214,1,-1,-1
211,47,600,24,123,214,1,-1,-1
212,47,600,24,123,214,1,-1,-1
213,47,600,24,123,214,1,-1,-1
214,47,600,24,123,214,1,-1,-1
215,47,600,24,123,214,1,-1,-1
216,47,600,24,123,214,1,-1,-1
217,47,600,24,123,214,1,-1,-1
218,47,600,24,123,214,1,-1,-1
219,47,600,24,123,214,1,-1,-1
220,47,600,24,123,213,1,-1,-1
221,47,600,24,123,213,1,-1,-1
222,47,600,24,123,213,1,-1,-1
223,47,600,24,123,213,1,-1,-1
224,47,600,24,123,213,1,-1,-1
225,47,600,24,123,213,1,-1,-1
226,47,600,24,123,213,1,-1,-1
227,47,600,24,123,213,1,-1,-1
228,47,600,24,123,213,1,-1,-1
229,47,600,24,123,213,1,-1,-1
230,47,600,24,123,213,1,-1,-1
231,47,600,24,123,212,1,-1,-1
232,47,600,24,123,212,1,-1,-1
233,47,600,24,123,212,1,-1,-1
234,47,600,24,123,212,1,-1,-1
235,47,600,24,123,212,1,-1,-1
236,47,600,24,123,212,1,-1,-1
237,47,600,24,123,212,1,-1,-1
238,47,600,24,123,212,1,-1,-1
239,47,600,24,123,212,1,-1,-1
240,47,600,24,123,212,1,-1,-1
241,47,600,24,123,212,1,-1,-1
242,47,600,24,123,211,1,-1,-1
243,47,600,24,123,211,1,-1,-1
244,47,600,24,123,211,1,-1,-1
245,47,600,24,123,211,1,-1,-1
246,47,600,24,123,211,1,-1,-1
247,47,600,24,123,211,1,-1,-1
248,47,600,24,123,211,1,-1,-1
249,47,600,24,123,211,1,-1,-1
250,47,600,24,123,211,1,-1,-1
251,47,600,24,123,211,1,-1,-1
252,47,600,24,123,211,1,-1,-1
253,47,600,24,123,210,1,-1,-1
254,47,600,24,123,210,1,-1,-1
255,47,600,24,123,210,1,-1,-1
256,47,600,24,123,210,1,-1,-1
257,47,600,24,123,210,1,-1,-1
258,47,600,24,123,210,1,-1,-1
259,47,600,24,123,210,1,-1,-1
260,47,600,24,123,210,1,-1,-1
261,47,600,24,123,210,1,-1,-1
262,47,600,24,123,210,1,-1,-1
263,47,600,24,123,210,1,-1,-1
264,47,600,24,123,209,1,-1,-1
265,47,600,24,123,209,1,-1,-1
266,47,600,24,123,209,1,-1,-1
267,47,600,24,123,209,1,-1,-1
268,47,600,24,123,209,1,-1,-1
269,47,600,24,123,209,1,-1,-1
270,47,600,24,123,209,1,-1,-1
271,47,600,24,123,209,1,-1,-1
272,47,600,24,123,209,1,-1,-1
273,47,600,24,123,209,1,-1,-1
274,47,600,24,123,209,1,-1,-1
275,47,600,24,123,208,1,-1,-1
276,47,600,24,123,208,1,-1,-1
277,47,600,24,123,208,1,-1,-1
278,47,600,24,123,208,1,-1,-1
279,47,600,24,123,208,1,-1,-1
280,47,600,24,123,208,1,-1,-1
281,47,600,24,123,208,1,-1,-1
282,47,600,24,123,208,1,-1,-1
283,47,600,24,123,208,1,-1,-1
284,47,600,24,123,208,1,-1,-1
285,47,600,24,123,208,1,-1,-1
286,47,600,24,123,207,1,-1,-1
287,47,600,24,123,207,1,-1,-1
288,47,600,24,123,207,1,-1,-1
289,47,600,24,123,207,1,-1,-1
290,47,600,24,123,207,1,-1,-1
291,47,600,24,123,207,1,-1,-1
292,47,600,24,123,207,1,-1,-1
293,47,600,24,123,207,1,-1,-1
294,47,600,24,123,207,1,-1,-1
295,47,600,24,123,207,1,-1,-1
296,47,600,24,123,207,1,-1,-1
297,47,600,24,122,206,1,-1,-1
298,47,600,24,122,205,1,-1,-1
299,47,600,24,122,204,1,-1,-1
300,47,600,24,122,203,1,-1,-1
301,47,600,24,122,202,1,-1,-1
302,47,601,24,116,197,1,-1,-1
303,47,603,25,110,192,1,-1,-1
304,47,605,26,103,186,1,-1,-1
305,47,606,26,98,182,1,-1,-1
306,47,608,27,91,176,1,-1,-1
307,47,610,28,85,171,1,-1,-1
308,47,610,28,84,165,1,-1,-1
309,47,610,28,84,160,1,-1,-1
310,47,610,28,84,155,1,-1,-1
311,47,610,28,84,150,1,-1,-1
312,47,610,28,83,148,1,-1,-1
313,47,610,28,83,146,1,-1,-1
314,47,610,28,83,145,1,-1,-1
315,47,610,28,83,143,1,-1,-1
316,47,610,28,83,142,1,-1,-1
317,47,610,26,82,144,1,-1,-1
318,47,610,25,82,145,1,-1,-1
319,47,610,23,82,147,1,-1,-1
320,47,610,22,82,148,1,-1,-1
321,47,610,20,82,150,1,-1,-1
322,47,610,19,81,151,1,-1,-1
323,47,610,17,81,153,1,-1,-1
324,47,610,16,81,154,1,-1,-1
325,47,610,14,81,156,1,-1,-1
326,47,610,13,81,157,1,-1,-1
327,47,610,11,80,159,1,-1,-1
328,47,610,10,80,160,1,-1,-1
329,47,610,8,80,162,1,-1,-1
330,47,610,7,80,163,1,-1,-1
331,47,610,5,80,165,1,-1,-1
332,47,611,4,79,167,1,-1,-1
333,47,611,2,79,164,1,-1,-1
334,47,611,1,80,160,1,-1,-1
335,47,612,0,80,156,1,-1,-1
336,47,614,0,80,141,1,-1,-1
337,47,617,0,80,126,1,-1,-1
338,47,619,0,80,111,1,-1,-1
339,47,622,0,80,96,1,-1,-1
340,47,622,0,79,92,1,-1,-1
341,47,622,0,79,89,1,-1,-1
342,47,622,0,79,86,1,-1,-1
343,47,622,0,79,83,1,-1,-1
344,47,622,0,79,82,1,-1,-1
345,47,623,0,78,82,1,-1,-1
346,47,623,0,78,82,1,-1,-1
347,47,624,0,77,82,1,-1,-1
348,47,624,0,77,82,1,-1,-1
349,47,625,0,76,82,1,-1,-1
350,47,626,0,75,82,1,-1,-1
351,47,626,0,75,82,1,-1,-1
352,47,627,0,74,82,1,-1,-1
353,47,627,0,74,82,1,-1,-1
354,47,628,0,73,82,1,-1,-1
355,47,628,0,73,82,1,-1,-1
356,47,629,0,72,82,1,-1,-1
357,47,630,0,71,82,1,-1,-1
358,47,630,0,71,82,1,-1,-1
359,47,631,0,70,82,1,-1,-1
360,47,631,0,70,82,1,-1,-1
361,47,632,0,69,82,1,-1,-1
362,47,632,0,69,82,1,-1,-1
363,47,633,0,68,82,1,-1,-1
364,47,634,0,67,82,1,-1,-1
365,47,634,0,67,82,1,-1,-1
366,47,635,0,66,82,1,-1,-1
367,47,635,0,66,82,1,-1,-1
368,47,636,0,65,82,1,-1,-1
369,47,636,0,65,82,1,-1,-1
370,47,637,0,64,82,1,-1,-1
371,47,638,0,63,82,1,-1,-1
372,47,638,0,63,82,1,-1,-1
373,47,639,0,62,82,1,-1,-1
374,47,639,0,62,82,1,-1,-1
375,47,640,0,61,82,1,-1,-1
376,47,640,0,61,82,1,-1,-1
377,47,641,0,60,82,1,-1,-1
378,47,642,0,59,82,1,-1,-1
379,47,642,0,59,82,1,-1,-1
380,47,643,0,58,82,1,-1,-1
381,47,643,0,58,82,1,-1,-1
382,47,644,0,57,82,1,-1,-1
383,47,645,0,56,82,1,-1,-1
384,47,645,0,56,81,1,-1,-1
385,47,645,0,56,81,1,-1,-1
386,47,645,0,56,81,1,-1,-1
387,47,645,0,56,81,1,-1,-1
388,47,645,0,57,81,1,-1,-1
389,47,645,0,57,81,1,-1,-1
390,47,645,0,57,80,1,-1,-1
391,47,645,0,57,80,1,-1,-1
392,47,645,0,57,80,1,-1,-1
393,47,645,0,58,80,1,-1,-1
394,47,645,0,58,80,1,-1,-1
395,47,645,0,58,80,1,-1,-1
396,47,645,0,58,79,1,-1,-1
397,47,645,0,58,79,1,-1,-1
398,47,645,0,59,79,1,-1,-1
399,47,645,0,59,79,1,-1,-1
400,47,645,0,59,79,1,-1,-1
401,47,645,0,59,79,1,-1,-1
402,47,645,0,60,79,1,-1,-1
403,47,645,0,60,79,1,-1,-1
404,47,645,0,60,79,1,-1,-1
405,47,645,0,61,79,1,-1,-1
406,47,645,0,61,79,1,-1,-1
407,47,645,0,61,80,1,-1,-1
408,47,645,0,62,80,1,-1,-1
409,47,645,0,62,80,1,-1,-1
410,47,645,0,62,80,1,-1,-1
411,47,645,0,63,80,1,-1,-1
412,47,645,0,63,81,1,-1,-1
413,47,645,0,63,81,1,-1,-1
414,47,645,0,64,81,1,-1,-1
415,47,645,0,64,81,1,-1,-1
416,47,645,0,65,82,1,-1,-1
417,47,645,0,65,81,1,-1,-1
418,47,645,0,65,81,1,-1,-1
419,47,645,0,65,81,1,-1,-1
420,47,645,0,65,81,1,-1,-1
421,47,645,0,66,81,1,-1,-1
422,47,645,0,66,80,1,-1,-1
423,47,645,0,66,80,1,-1,-1
424,47,645,0,66,80,1,-1,-1
425,47,645,0,66,80,1,-1,-1
426,47,645,0,67,80,1,-1,-1
427,47,645,0,67,79,1,-1,-1
428,47,645,0,67,78,1,-1,-1
429,47,645,0,67,78,1,-1,-1
430,47,645,0,68,77,1,-1,-1
431,47,645,0,68,77,1,-1,-1
432,47,645,0,68,76,1,-1,-1
433,47,645,0,68,76,1,-1,-1
434,47,645,0,69,75,1,-1,-1
435,47,645,0,69,75,1,-1,-1
436,47,645,0,69,74,1,-1,-1
437,47,645,0,70,74,1,-1,-1
438,47,645,0,69,73,1,-1,-1
439,47,645,0,69,72,1,-1,-1
440,47,645,0,69,72,1,-1,-1
441,47,645,0,69,71,1,-1,-1
442,47,645,0,69,70,1,-1,-1
443,47,645,0,69,70,1,-1,-1
444,47,645,0,69,69,1,-1,-1
445,47,645,0,69,68,1,-1,-1
446,47,645,0,69,68,1,-1,-1
447,47,645,0,69,67,1,-1,-1
448,47,645,0,69,67,1,-1,-1
449,47,645,0,68,65,1,-1,-1
450,47,645,0,68,63,1,-1,-1
451,47,645,0,68,61,1,-1,-1
452,47,645,0,68,59,1,-1,-1
453,47,645,0,68,57,1,-1,-1
454,47,645,0,68,55,1,-1,-1
455,47,645,0,68,53,1,-1,-1
456,47,645,0,68,51,1,-1,-1
457,47,645,0,68,49,1,-1,-1
458,47,645,0,68,49,1,-1,-1
459,47,645,0,68,49,1,-1,-1
460,47,645,0,68,49,1,-1,-1
461,47,645,0,68,49,1,-1,-1
462,47,645,0,68,49,1,-1,-1
463,47,645,0,68,49,1,-1,-1
464,47,645,0,68,49,1,-1,-1
465,47,645,0,68,49,1,-1,-1
466,47,645,0,68,49,1,-1,-1
467,47,645,0,68,49,1,-1,-1
468,47,645,0,68,49,1,-1,-1
469,47,645,0,68,49,1,-1,-1
470,47,645,0,68,49,1,-1,-1
471,47,645,0,68,49,1,-1,-1
472,47,645,0,68,49,1,-1,-1
473,47,645,0,68,49,1,-1,-1
474,47,645,0,68,49,1,-1,-1
475,47,645,0,68,49,1,-1,-1
476,47,645,0,68,49,1,-1,-1
477,47,645,0,68,49,1,-1,-1
478,47,645,0,68,49,1,-1,-1
479,47,645,0,68,49,1,-1,-1
480,47,645,0,68,49,1,-1,-1
128,75,717,320,12,13,1,-1,-1
129,75,717,319,12,13,1,-1,-1
130,75,716,318,12,13,1,-1,-1
131,75,716,317,12,13,1,-1,-1
132,75,716,316,12,13,1,-1,-1
133,75,716,315,12,13,1,-1,-1
134,75,716,314,12,13,1,-1,-1
