275,1,0,473,133,66,1,-1,-1
276,1,0,473,134,65,1,-1,-1
277,1,0,473,136,65,1,-1,-1
278,1,0,473,137,65,1,-1,-1
279,1,0,473,139,65,1,-1,-1
280,1,0,473,140,65,1,-1,-1
281,1,0,473,142,65,1,-1,-1
282,1,0,473,143,65,1,-1,-1
283,1,0,473,145,65,1,-1,-1
284,1,0,473,146,65,1,-1,-1
285,1,0,473,148,65,1,-1,-1
286,1,0,473,149,65,1,-1,-1
287,1,0,473,151,65,1,-1,-1
288,1,0,473,152,65,1,-1,-1
289,1,0,473,154,65,1,-1,-1
290,1,0,473,155,65,1,-1,-1
291,1,0,473,157,65,1,-1,-1
292,1,0,473,158,65,1,-1,-1
293,1,0,473,160,65,1,-1,-1
294,1,0,473,161,65,1,-1,-1
295,1,0,473,163,65,1,-1,-1
296,1,0,473,164,65,1,-1,-1
297,1,0,473,166,65,1,-1,-1
298,1,0,473,167,65,1,-1,-1
299,1,0,473,169,65,1,-1,-1
300,1,0,473,170,65,1,-1,-1
301,1,0,473,172,65,1,-1,-1
302,1,0,473,172,65,1,-1,-1
303,1,0,473,172,65,1,-1,-1
304,1,0,473,172,65,1,-1,-1
305,1,0,474,172,64,1,-1,-1
306,1,0,474,173,64,1,-1,-1
307,1,0,474,173,64,1,-1,-1
308,1,0,474,173,64,1,-1,-1
309,1,1,475,172,63,1,-1,-1
310,1,1,475,173,63,1,-1,-1
311,1,1,475,173,63,1,-1,-1
312,1,1,476,173,62,1,-1,-1
313,1,1,476,173,62,1,-1,-1
314,1,1,476,173,62,1,-1,-1
315,1,1,476,174,62,1,-1,-1
316,1,2,477,173,61,1,-1,-1
317,1,2,477,173,61,1,-1,-1
318,1,2,477,173,61,1,-1,-1
319,1,2,477,174,61,1,-1,-1
320,1,2,478,174,60,1,-1,-1
321,1,2,478,174,60,1,-1,-1
322,1,2,478,174,60,1,-1,-1
323,1,3,479,174,60,1,-1,-1
324,1,2,478,178,60,1,-1,-1
325,1,2,478,181,60,1,-1,-1
326,1,2,477,184,61,1,-1,-1
327,1,2,477,187,61,1,-1,-1
328,1,2,477,190,61,1,-1,-1
329,1,2,476,194,62,1,-1,-1
330,1,2,476,197,62,1,-1,-1
331,1,2,476,200,62,1,-1,-1
332,1,2,475,203,63,1,-1,-1
333,1,1,475,207,63,1,-1,-1
334,1,1,475,210,63,1,-1,-1
335,1,1,474,214,64,1,-1,-1
336,1,1,474,217,64,1,-1,-1
337,1,1,474,220,64,1,-1,-1
338,1,1,473,223,65,1,-1,-1
339,1,1,473,226,65,1,-1,-1
340,1,1,473,229,65,1,-1,-1
341,1,1,472,233,66,1,-1,-1
342,1,1,472,236,66,1,-1,-1
343,1,0,472,240,66,1,-1,-1
344,1,0,471,243,67,1,-1,-1
345,1,0,471,246,67,1,-1,-1
346,1,0,471,249,67,1,-1,-1
347,1,0,470,253,68,1,-1,-1
348,1,0,470,256,68,1,-1,-1
349,1,0,470,259,68,1,-1,-1
350,1,0,469,262,69,1,-1,-1
351,1,0,469,265,69,1,-1,-1
352,1,0,469,269,69,1,-1,-1
353,1,0,468,269,69,1,-1,-1
354,1,0,467,269,70,1,-1,-1
355,1,0,466,269,71,1,-1,-1
356,1,0,466,269,71,1,-1,-1
357,1,0,465,269,72,1,-1,-1
358,1,1,464,269,73,1,-1,-1
359,1,1,463,269,73,1,-1,-1
360,1,1,463,269,73,1,-1,-1
361,1,1,462,269,74,1,-1,-1
362,1,1,461,269,75,1,-1,-1
363,1,1,460,269,76,1,-1,-1
364,1,2,460,269,76,1,-1,-1
365,1,2,459,267,77,1,-1,-1
366,1,2,458,266,78,1,-1,-1
367,1,2,457,265,79,1,-1,-1
368,1,3,457,262,79,1,-1,-1
369,1,3,456,261,80,1,-1,-1
370,1,3,455,260,81,1,-1,-1
371,1,3,454,258,82,1,-1,-1
372,1,4,454,256,82,1,-1,-1
373,1,4,453,255,83,1,-1,-1
374,1,4,452,253,84,1,-1,-1
375,1,5,452,251,85,1,-1,-1
376,1,5,451,250,86,1,-1,-1
377,1,5,450,248,87,1,-1,-1
378,1,5,449,247,88,1,-1,-1
379,1,6,449,245,88,1,-1,-1
380,1,6,448,243,89,1,-1,-1
381,1,6,447,242,90,1,-1,-1
382,1,6,446,241,91,1,-1,-1
383,1,7,446,238,91,1,-1,-1
384,1,7,445,237,92,1,-1,-1
385,1,7,444,236,93,1,-1,-1
386,1,8,444,234,94,1,-1,-1
387,1,7,443,234,95,1,-1,-1
388,1,6,442,235,96,1,-1,-1
389,1,6,441,234,97,1,-1,-1
390,1,5,441,235,97,1,-1,-1
391,1,4,440,236,98,1,-1,-1
392,1,4,439,235,99,1,-1,-1
393,1,3,439,236,99,1,-1,-1
394,1,3,438,235,100,1,-1,-1
395,1,2,437,236,101,1,-1,-1
396,1,1,437,237,101,1,-1,-1
397,1,1,436,236,102,1,-1,-1
398,1,0,435,237,103,1,-1,-1
399,1,0,435,237,103,1,-1,-1
400,1,0,434,236,103,1,-1,-1
401,1,0,433,236,104,1,-1,-1
402,1,0,433,235,104,1,-1,-1
403,1,0,432,235,105,1,-1,-1
404,1,0,432,234,105,1,-1,-1
405,1,0,431,234,106,1,-1,-1
406,1,0,430,233,107,1,-1,-1
407,1,1,430,232,107,1,-1,-1
408,1,1,429,231,108,1,-1,-1
409,1,1,429,231,108,1,-1,-1
410,1,1,428,231,109,1,-1,-1
411,1,1,427,230,110,1,-1,-1
412,1,1,427,230,110,1,-1,-1
413,1,1,426,229,111,1,-1,-1
414,1,2,426,228,111,1,-1,-1
415,1,2,425,227,112,1,-1,-1
416,1,2,424,227,113,1,-1,-1
417,1,2,424,226,113,1,-1,-1
418,1,2,423,226,114,1,-1,-1
419,1,2,423,225,114,1,-1,-1
420,1,2,422,225,115,1,-1,-1
421,1,3,422,224,115,1,-1,-1
422,1,6,421,221,116,1,-1,-1
423,1,10,421,217,116,1,-1,-1
424,1,14,421,213,117,1,-1,-1
425,1,13,420,213,117,1,-1,-1
426,1,13,419,213,118,1,-1,-1
427,1,13,418,213,118,1,-1,-1
428,1,13,417,213,119,1,-1,-1
429,1,13,417,213,118,1,-1,-1
430,1,13,416,213,119,1,-1,-1
431,1,13,415,213,119,1,-1,-1
432,1,13,414,213,120,1,-1,-1
433,1,13,414,212,119,1,-1,-1
434,1,13,413,212,120,1,-1,-1
435,1,13,412,212,120,1,-1,-1
436,1,12,411,213,121,1,-1,-1
437,1,12,411,213,120,1,-1,-1
438,1,12,410,213,121,1,-1,-1
439,1,12,409,213,121,1,-1,-1
440,1,12,408,213,122,1,-1,-1
441,1,12,408,213,122,1,-1,-1
442,1,12,407,212,122,1,-1,-1
443,1,12,406,212,123,1,-1,-1
444,1,12,405,212,123,1,-1,-1
445,1,12,404,212,124,1,-1,-1
446,1,12,404,212,123,1,-1,-1
447,1,11,403,213,124,1,-1,-1
448,1,11,402,213,124,1,-1,-1
449,1,11,401,213,125,1,-1,-1
450,1,11,401,212,124,1,-1,-1
451,1,11,400,212,125,1,-1,-1
452,1,11,399,212,125,1,-1,-1
453,1,11,398,212,126,1,-1,-1
454,1,11,398,212,125,1,-1,-1
455,1,11,397,212,126,1,-1,-1
456,1,11,396,212,126,1,-1,-1
457,1,11,395,212,127,1,-1,-1
458,1,11,395,212,127,1,-1,-1
459,1,10,394,225,129,1,-1,-1
460,1,10,394,238,131,1,-1,-1
461,1,10,393,250,134,1,-1,-1
462,1,10,393,263,135,1,-1,-1
463,1,10,392,276,138,1,-1,-1
464,1,9,392,289,140,1,-1,-1
465,1,9,391,302,142,1,-1,-1
466,1,9,391,314,144,1,-1,-1
467,1,9,390,327,147,1,-1,-1
468,1,9,390,340,149,1,-1,-1
469,1,8,389,339,149,1,-1,-1
470,1,8,389,337,149,1,-1,-1
471,1,8,388,335,150,1,-1,-1
472,1,8,388,333,150,1,-1,-1
473,1,8,387,331,151,1,-1,-1
474,1,8,387,330,151,1,-1,-1
475,1,8,386,328,152,1,-1,-1
476,1,8,386,326,152,1,-1,-1
477,1,8,385,324,153,1,-1,-1
478,1,8,385,322,153,1,-1,-1
479,1,8,385,321,153,1,-1,-1
480,1,7,384,322,154,1,-1,-1
481,1,7,384,322,154,1,-1,-1
482,1,7,383,323,155,1,-1,-1
483,1,7,383,323,155,1,-1,-1
484,1,7,382,323,156,1,-1,-1
485,1,7,382,324,157,1,-1,-1
486,1,7,381,321,157,1,-1,-1
487,1,7,381,318,157,1,-1,-1
488,1,7,381,315,156,1,-1,-1
489,1,7,381,313,156,1,-1,-1
490,1,6,380,315,157,1,-1,-1
491,1,6,380,316,157,1,-1,-1
492,1,6,380,317,157,1,-1,-1
493,1,6,379,318,158,1,-1,-1
494,1,6,379,319,158,1,-1,-1
495,1,6,379,321,159,1,-1,-1
496,1,6,378,325,159,1,-1,-1
497,1,6,378,330,159,1,-1,-1
498,1,6,378,335,159,1,-1,-1
499,1,6,375,334,162,1,-1,-1
500,1,6,372,334,165,1,-1,-1
501,1,6,369,333,168,1,-1,-1
502,1,6,366,333,171,1,-1,-1
503,1,6,364,333,173,1,-1,-1
504,1,5,363,333,174,1,-1,-1
505,1,5,362,333,175,1,-1,-1
506,1,5,362,332,175,1,-1,-1
507,1,5,361,332,176,1,-1,-1
508,1,5,361,331,176,1,-1,-1
509,1,5,360,331,177,1,-1,-1
510,1,5,360,330,177,1,-1,-1
511,1,5,359,330,178,1,-1,-1
512,1,5,359,330,178,1,-1,-1
513,1,5,358,329,179,1,-1,-1
514,1,5,358,329,179,1,-1,-1
515,1,5,357,328,180,1,-1,-1
516,1,5,357,328,180,1,-1,-1
517,1,5,356,327,181,1,-1,-1
518,1,5,356,327,181,1,-1,-1
519,1,5,355,326,182,1,-1,-1
520,1,5,355,326,182,1,-1,-1
521,1,5,354,326,183,1,-1,-1
522,1,5,354,325,183,1,-1,-1
523,1,5,353,325,184,1,-1,-1
524,1,4,353,325,184,1,-1,-1
525,1,4,352,325,185,1,-1,-1
526,1,4,352,324,185,1,-1,-1
527,1,4,351,324,186,1,-1,-1
528,1,4,351,324,186,1,-1,-1
529,1,4,350,323,187,1,-1,-1
530,1,4,350,323,187,1,-1,-1
531,1,4,349,322,188,1,-1,-1
532,1,4,349,322,188,1,-1,-1
533,1,4,348,321,189,1,-1,-1
534,1,4,348,321,189,1,-1,-1
535,1,4,347,320,190,1,-1,-1
536,1,4,347,320,190,1,-1,-1
537,1,4,346,320,191,1,-1,-1
538,1,4,346,319,191,1,-1,-1
539,1,4,345,319,192,1,-1,-1
540,1,4,345,318,192,1,-1,-1
541,1,4,344,318,193,1,-1,-1
542,1,4,344,317,193,1,-1,-1
543,1,4,343,317,194,1,-1,-1
544,1,4,343,317,195,1,-1,-1
545,1,4,342,315,196,1,-1,-1
546,1,4,341,314,197,1,-1,-1
547,1,4,341,313,197,1,-1,-1
548,1,4,340,311,198,1,-1,-1
549,1,4,340,310,198,1,-1,-1
550,1,4,339,309,199,1,-1,-1
551,1,4,338,307,200,1,-1,-1
552,1,4,338,306,200,1,-1,-1
553,1,4,337,305,201,1,-1,-1
554,1,4,337,303,201,1,-1,-1
555,1,4,336,302,202,1,-1,-1
556,1,4,336,301,202,1,-1,-1
557,1,4,335,300,202,1,-1,-1
558,1,4,334,299,203,1,-1,-1
559,1,4,334,299,203,1,-1,-1
560,1,4,333,298,204,1,-1,-1
561,1,4,333,298,204,1,-1,-1
562,1,4,332,297,205,1,-1,-1
563,1,4,332,297,204,1,-1,-1
564,1,4,331,296,205,1,-1,-1
565,1,4,331,296,205,1,-1,-1
566,1,4,330,295,206,1,-1,-1
567,1,4,329,294,207,1,-1,-1
568,1,4,329,294,207,1,-1,-1
569,1,4,328,293,208,1,-1,-1
570,1,4,328,293,207,1,-1,-1
571,1,4,327,292,208,1,-1,-1
572,1,4,327,292,208,1,-1,-1
573,1,4,326,291,209,1,-1,-1
574,1,4,326,291,209,1,-1,-1
575,1,4,325,290,210,1,-1,-1
576,1,4,324,289,211,1,-1,-1
577,1,4,324,289,210,1,-1,-1
578,1,4,323,288,211,1,-1,-1
579,1,4,323,288,211,1,-1,-1
580,1,4,322,287,212,1,-1,-1
581,1,4,322,287,212,1,-1,-1
582,1,4,321,286,213,1,-1,-1
583,1,5,321,285,213,1,-1,-1
584,1,5,320,285,213,1,-1,-1
585,1,5,320,285,213,1,-1,-1
586,1,5,320,285,213,1,-1,-1
587,1,5,319,285,213,1,-1,-1
588,1,5,319,285,213,1,-1,-1
589,1,5,319,285,213,1,-1,-1
590,1,5,318,285,213,1,-1,-1
591,1,5,318,285,213,1,-1,-1
592,1,5,318,285,213,1,-1,-1
593,1,5,317,285,213,1,-1,-1
594,1,5,317,285,213,1,-1,-1
595,1,5,317,285,213,1,-1,-1
596,1,5,316,285,213,1,-1,-1
597,1,5,316,285,213,1,-1,-1
598,1,5,316,285,213,1,-1,-1
599,1,5,315,285,213,1,-1,-1
600,1,5,315,285,213,1,-1,-1
601,1,5,315,285,213,1,-1,-1
602,1,5,314,285,213,1,-1,-1
603,1,5,314,285,213,1,-1,-1
604,1,5,314,285,213,1,-1,-1
605,1,5,313,285,213,1,-1,-1
606,1,5,313,285,213,1,-1,-1
607,1,5,313,285,213,1,-1,-1
608,1,5,312,285,213,1,-1,-1
609,1,5,312,285,213,1,-1,-1
610,1,5,312,285,213,1,-1,-1
611,1,5,311,285,213,1,-1,-1
612,1,5,311,285,213,1,-1,-1
613,1,5,311,285,213,1,-1,-1
614,1,5,310,285,213,1,-1,-1
615,1,5,310,285,213,1,-1,-1
616,1,5,310,285,213,1,-1,-1
617,1,5,309,285,213,1,-1,-1
618,1,5,309,285,213,1,-1,-1
619,1,6,309,285,213,1,-1,-1
620,1,6,309,285,213,1,-1,-1
621,1,6,309,285,213,1,-1,-1
622,1,6,309,285,213,1,-1,-1
601,73,3,307,146,125,1,-1,-1
602,73,2,306,146,125,1,-1,-1
603,73,2,305,146,126,1,-1,-1
604,73,2,305,146,126,1,-1,-1
605,73,2,304,146,127,1,-1,-1
606,73,2,304,146,127,1,-1,-1
607,73,2,303,146,127,1,-1,-1
608,73,2,303,146,127,1,-1,-1
609,73,2,302,146,128,1,-1,-1
610,73,2,302,146,128,1,-1,-1
611,73,2,301,145,129,1,-1,-1
612,73,2,301,145,128,1,-1,-1
613,73,2,300,145,129,1,-1,-1
614,73,1,300,146,129,1,-1,-1
615,73,1,299,146,130,1,-1,-1
616,73,1,299,146,130,1,-1,-1
617,73,1,298,146,130,1,-1,-1
618,73,1,298,146,130,1,-1,-1
619,73,1,297,146,131,1,-1,-1
620,73,1,296,145,132,1,-1,-1
621,73,1,296,145,132,1,-1,-1
622,73,1,295,145,132,1,-1,-1
623,73,1,295,145,132,1,-1,-1
624,73,1,294,145,133,1,-1,-1
625,73,1,294,145,133,1,-1,-1
626,73,0,293,146,134,1,-1,-1
627,73,0,293,146,133,1,-1,-1
628,73,0,292,146,134,1,-1,-1
629,73,0,292,145,134,1,-1,-1
630,73,0,291,145,135,1,-1,-1
631,73,0,291,145,135,1,-1,-1
632,73,0,290,145,135,1,-1,-1
633,73,0,290,145,135,1,-1,-1
634,73,0,289,145,136,1,-1,-1
635,73,0,289,145,136,1,-1,-1
636,73,0,288,145,137,1,-1,-1
637,73,0,288,145,137,1,-1,-1
638,73,0,287,145,137,1,-1,-1
639,73,0,287,145,137,1,-1,-1
640,73,0,287,145,137,1,-1,-1
641,73,0,287,145,137,1,-1,-1
642,73,0,287,145,136,1,-1,-1
643,73,0,287,145,136,1,-1,-1
644,73,0,287,145,136,1,-1,-1
645,73,0,287,145,136,1,-1,-1
646,73,0,287,145,136,1,-1,-1
647,73,0,287,145,135,1,-1,-1
648,73,0,287,145,135,1,-1,-1
649,73,0,286,145,136,1,-1,-1
650,73,0,286,145,136,1,-1,-1
651,73,0,286,145,136,1,-1,-1
652,73,0,286,145,135,1,-1,-1
653,73,0,286,145,135,1,-1,-1
654,73,0,286,145,135,1,-1,-1
655,73,0,286,145,135,1,-1,-1
656,73,0,286,145,134,1,-1,-1
657,73,0,286,145,134,1,-1,-1
658,73,0,286,145,134,1,-1,-1
659,73,0,286,145,134,1,-1,-1
660,73,0,286,145,134,1,-1,-1
661,73,0,285,145,134,1,-1,-1
662,73,0,285,145,134,1,-1,-1
663,73,0,285,145,134,1,-1,-1
664,73,0,285,145,134,1,-1,-1
665,73,0,285,145,134,1,-1,-1
666,73,0,285,145,133,1,-1,-1
667,73,0,285,145,133,1,-1,-1
668,73,0,285,145,133,1,-1,-1
669,73,0,285,145,133,1,-1,-1
670,73,0,285,145,133,1,-1,-1
671,73,0,285,145,132,1,-1,-1
672,73,0,284,145,133,1,-1,-1
673,73,0,284,145,133,1,-1,-1
674,73,0,284,145,133,1,-1,-1
675,73,0,284,145,132,1,-1,-1
676,73,0,284,145,132,1,-1,-1
677,73,0,284,145,132,1,-1,-1
678,73,0,284,145,132,1,-1,-1
679,73,0,284,145,132,1,-1,-1
680,73,0,284,145,131,1,-1,-1
681,73,0,284,145,131,1,-1,-1
682,73,0,284,145,131,1,-1,-1
683,73,0,284,145,131,1,-1,-1
684,73,0,283,145,132,1,-1,-1
685,73,0,283,145,131,1,-1,-1
686,73,0,283,145,131,1,-1,-1
687,73,0,283,145,131,1,-1,-1
688,73,0,283,145,131,1,-1,-1
689,73,0,283,146,131,1,-1,-1
690,73,0,283,146,130,1,-1,-1
691,73,0,283,146,130,1,-1,-1
692,73,0,283,146,130,1,-1,-1
693,73,0,283,146,130,1,-1,-1
694,73,0,283,146,129,1,-1,-1
695,73,0,282,146,130,1,-1,-1
696,73,0,282,146,130,1,-1,-1
697,73,0,282,146,130,1,-1,-1
698,73,0,282,146,130,1,-1,-1
699,73,0,282,146,129,1,-1,-1
700,73,0,282,146,129,1,-1,-1
701,73,0,282,146,129,1,-1,-1
702,73,0,282,146,129,1,-1,-1
703,73,0,282,146,129,1,-1,-1
704,73,0,282,146,128,1,-1,-1
705,73,0,282,146,128,1,-1,-1
706,73,0,282,146,128,1,-1,-1
707,73,0,281,146,129,1,-1,-1
708,73,0,281,146,128,1,-1,-1
709,73,0,281,146,128,1,-1,-1
710,73,0,281,146,128,1,-1,-1
711,73,0,281,146,128,1,-1,-1
712,73,0,281,146,128,1,-1,-1
713,73,0,281,146,127,1,-1,-1
714,73,0,281,146,127,1,-1,-1
715,73,0,281,146,127,1,-1,-1
716,73,0,281,146,127,1,-1,-1
717,73,0,281,146,127,1,-1,-1
718,73,0,280,146,127,1,-1,-1
719,73,0,280,146,127,1,-1,-1
720,73,0,280,146,127,1,-1,-1
721,73,0,280,146,127,1,-1,-1
722,73,0,280,146,127,1,-1,-1
723,73,0,280,146,126,1,-1,-1
724,73,0,280,146,126,1,-1,-1
725,73,0,280,146,126,1,-1,-1
726,73,0,280,146,126,1,-1,-1
727,73,0,280,146,125,1,-1,-1
728,73,0,280,146,125,1,-1,-1
729,73,0,280,146,125,1,-1,-1
730,73,0,279,146,126,1,-1,-1
731,73,0,279,146,126,1,-1,-1
732,73,0,279,146,125,1,-1,-1
733,73,0,279,146,125,1,-1,-1
734,73,0,279,146,125,1,-1,-1
735,73,0,279,146,125,1,-1,-1
736,73,0,279,146,125,1,-1,-1
737,73,0,279,146,124,1,-1,-1
738,73,0,279,146,124,1,-1,-1
739,73,0,279,146,124,1,-1,-1
740,73,0,279,146,124,1,-1,-1
741,73,1,279,146,124,1,-1,-1
742,73,0,278,146,124,1,-1,-1
743,73,0,277,146,125,1,-1,-1
744,73,0,276,146,126,1,-1,-1
745,73,0,275,146,127,1,-1,-1
746,73,0,274,146,128,1,-1,-1
747,73,0,274,146,128,1,-1,-1
748,73,0,273,146,129,1,-1,-1
749,73,0,272,146,130,1,-1,-1
750,73,0,271,146,131,1,-1,-1
751,73,0,270,146,132,1,-1,-1
752,73,0,269,146,133,1,-1,-1
753,73,0,269,146,133,1,-1,-1
754,73,0,268,146,134,1,-1,-1
755,73,0,267,146,135,1,-1,-1
756,73,0,266,146,136,1,-1,-1
757,73,0,265,146,137,1,-1,-1
758,73,0,264,146,138,1,-1,-1
759,73,0,264,146,138,1,-1,-1
760,73,0,263,145,139,1,-1,-1
761,73,0,262,145,140,1,-1,-1
762,73,0,261,145,141,1,-1,-1
763,73,0,260,145,142,1,-1,-1
764,73,0,259,145,143,1,-1,-1
765,73,0,259,145,143,1,-1,-1
766,73,0,258,145,144,1,-1,-1
767,73,0,257,145,145,1,-1,-1
768,73,0,256,145,146,1,-1,-1
769,73,0,255,145,147,1,-1,-1
770,73,0,254,145,148,1,-1,-1
771,73,0,254,145,148,1,-1,-1
772,73,0,253,145,149,1,-1,-1
773,73,0,252,145,150,1,-1,-1
774,73,0,251,145,151,1,-1,-1
775,73,0,250,145,152,1,-1,-1
776,73,0,249,145,153,1,-1,-1
777,73,0,249,145,153,1,-1,-1
601,74,33,442,125,78,1,-1,-1
602,74,32,441,125,79,1,-1,-1
603,74,32,441,125,80,1,-1,-1
604,74,32,441,125,80,1,-1,-1
605,74,32,441,125,81,1,-1,-1
606,74,32,440,125,82,1,-1,-1
607,74,32,440,125,83,1,-1,-1
608,74,32,440,125,83,1,-1,-1
609,74,32,440,125,84,1,-1,-1
610,74,32,440,125,84,1,-1,-1
611,74,32,439,125,86,1,-1,-1
612,74,32,439,125,86,1,-1,-1
613,74,32,439,125,87,1,-1,-1
614,74,32,439,124,87,1,-1,-1
615,74,32,438,124,89,1,-1,-1
616,74,32,438,124,89,1,-1,-1
617,74,32,438,124,90,1,-1,-1
618,74,32,438,124,90,1,-1,-1
619,74,32,438,124,91,1,-1,-1
620,74,31,437,125,93,1,-1,-1
621,74,31,437,125,93,1,-1,-1
622,74,31,437,125,94,1,-1,-1
623,74,31,437,125,94,1,-1,-1
624,74,31,436,125,96,1,-1,-1
625,74,31,436,125,96,1,-1,-1
626,74,31,436,124,97,1,-1,-1
627,74,31,436,124,97,1,-1,-1
628,74,31,436,124,98,1,-1,-1
629,74,31,435,124,99,1,-1,-1
630,74,31,435,124,100,1,-1,-1
631,74,31,435,124,100,1,-1,-1
632,74,31,435,124,101,1,-1,-1
633,74,31,434,124,102,1,-1,-1
634,74,31,434,124,103,1,-1,-1
635,74,31,434,124,103,1,-1,-1
636,74,31,434,124,104,1,-1,-1
637,74,31,434,124,105,1,-1,-1
638,74,30,433,125,105,1,-1,-1
639,74,30,433,125,105,1,-1,-1
640,74,30,433,125,105,1,-1,-1
641,74,30,433,125,105,1,-1,-1
642,74,30,433,125,105,1,-1,-1
643,74,30,433,125,105,1,-1,-1
644,74,30,432,125,106,1,-1,-1
645,74,30,432,125,106,1,-1,-1
646,74,30,432,125,106,1,-1,-1
647,74,30,432,125,106,1,-1,-1
648,74,30,432,125,106,1,-1,-1
649,74,30,432,125,106,1,-1,-1
650,74,30,431,125,107,1,-1,-1
651,74,30,431,125,107,1,-1,-1
652,74,30,431,125,107,1,-1,-1
653,74,30,431,125,107,1,-1,-1
654,74,30,431,125,107,1,-1,-1
655,74,30,431,125,107,1,-1,-1
656,74,30,430,125,108,1,-1,-1
657,74,30,430,125,108,1,-1,-1
658,74,30,430,125,108,1,-1,-1
659,74,30,430,125,108,1,-1,-1
660,74,30,430,125,108,1,-1,-1
661,74,30,430,125,108,1,-1,-1
662,74,30,429,125,109,1,-1,-1
663,74,30,429,125,109,1,-1,-1
664,74,30,429,125,109,1,-1,-1
665,74,30,429,125,109,1,-1,-1
666,74,30,429,125,109,1,-1,-1
667,74,30,429,125,109,1,-1,-1
668,74,30,428,125,110,1,-1,-1
669,74,30,428,125,110,1,-1,-1
670,74,30,428,125,110,1,-1,-1
671,74,30,428,125,110,1,-1,-1
672,74,30,428,125,110,1,-1,-1
673,74,30,428,125,110,1,-1,-1
674,74,30,427,125,111,1,-1,-1
675,74,30,427,125,111,1,-1,-1
676,74,30,427,125,111,1,-1,-1
677,74,30,427,125,111,1,-1,-1
678,74,30,427,125,111,1,-1,-1
679,74,30,427,125,111,1,-1,-1
680,74,30,426,125,112,1,-1,-1
681,74,30,426,125,112,1,-1,-1
682,74,30,426,125,112,1,-1,-1
683,74,30,426,125,112,1,-1,-1
684,74,30,426,125,112,1,-1,-1
685,74,30,425,125,113,1,-1,-1
686,74,30,425,125,113,1,-1,-1
687,74,30,425,125,113,1,-1,-1
688,74,30,425,125,113,1,-1,-1
689,74,30,425,125,113,1,-1,-1
690,74,30,424,125,114,1,-1,-1
691,74,30,424,125,114,1,-1,-1
692,74,30,424,125,114,1,-1,-1
693,74,30,424,125,114,1,-1,-1
694,74,30,424,125,114,1,-1,-1
695,74,30,423,125,115,1,-1,-1
696,74,30,423,125,115,1,-1,-1
697,74,30,423,125,115,1,-1,-1
698,74,30,423,125,115,1,-1,-1
699,74,30,423,125,115,1,-1,-1
700,74,30,422,125,116,1,-1,-1
701,74,30,422,125,116,1,-1,-1
702,74,30,422,125,116,1,-1,-1
703,74,30,422,125,116,1,-1,-1
704,74,30,422,125,116,1,-1,-1
705,74,30,422,125,117,1,-1,-1
706,74,30,421,125,118,1,-1,-1
707,74,30,421,125,118,1,-1,-1
708,74,30,421,125,118,1,-1,-1
709,74,30,421,125,118,1,-1,-1
710,74,30,421,125,118,1,-1,-1
711,74,30,421,125,118,1,-1,-1
712,74,30,420,125,119,1,-1,-1
713,74,30,420,125,119,1,-1,-1
714,74,30,420,125,119,1,-1,-1
715,74,30,420,125,119,1,-1,-1
716,74,30,420,125,119,1,-1,-1
717,74,30,420,125,119,1,-1,-1
718,74,30,419,125,120,1,-1,-1
719,74,30,419,125,120,1,-1,-1
720,74,30,419,125,120,1,-1,-1
721,74,30,419,125,120,1,-1,-1
722,74,30,419,125,120,1,-1,-1
723,74,30,419,125,120,1,-1,-1
724,74,30,418,125,121,1,-1,-1
725,74,30,418,125,121,1,-1,-1
726,74,30,418,125,121,1,-1,-1
727,74,30,418,125,121,1,-1,-1
728,74,30,418,125,121,1,-1,-1
729,74,30,418,125,121,1,-1,-1
730,74,27,417,127,121,1,-1,-1
731,74,25,417,129,121,1,-1,-1
732,74,23,417,131,121,1,-1,-1
733,74,21,417,133,121,1,-1,-1
734,74,19,417,135,121,1,-1,-1
735,74,17,417,137,121,1,-1,-1
736,74,15,416,139,121,1,-1,-1
737,74,13,416,141,121,1,-1,-1
738,74,11,416,143,121,1,-1,-1
739,74,9,416,145,121,1,-1,-1
740,74,7,416,147,121,1,-1,-1
741,74,5,416,149,121,1,-1,-1
742,74,3,416,151,121,1,-1,-1
743,74,2,416,152,121,1,-1,-1
744,74,2,416,152,121,1,-1,-1
745,74,2,416,152,121,1,-1,-1
746,74,2,416,152,121,1,-1,-1
747,74,2,416,152,121,1,-1,-1
748,74,2,416,152,121,1,-1,-1
749,74,2,416,152,121,1,-1,-1
750,74,2,416,152,121,1,-1,-1
751,74,2,416,152,121,1,-1,-1
752,74,2,416,152,121,1,-1,-1
753,74,2,416,152,121,1,-1,-1
754,74,1,416,153,121,1,-1,-1
755,74,1,416,153,121,1,-1,-1
756,74,1,416,153,121,1,-1,-1
757,74,1,416,153,121,1,-1,-1
758,74,1,416,153,121,1,-1,-1
759,74,1,416,153,121,1,-1,-1
760,74,1,416,153,121,1,-1,-1
761,74,1,416,153,121,1,-1,-1
762,74,1,416,153,121,1,-1,-1
763,74,1,416,153,121,1,-1,-1
764,74,1,416,153,121,1,-1,-1
765,74,1,416,153,121,1,-1,-1
766,74,0,416,154,121,1,-1,-1
767,74,0,416,154,121,1,-1,-1
768,74,0,416,154,121,1,-1,-1
769,74,0,416,154,121,1,-1,-1
770,74,0,416,154,121,1,-1,-1
771,74,0,416,154,121,1,-1,-1
772,74,0,416,154,121,1,-1,-1
773,74,0,416,154,121,1,-1,-1
774,74,0,416,154,121,1,-1,-1
775,74,0,416,154,121,1,-1,-1
776,74,0,416,154,121,1,-1,-1
777,74,0,416,155,121,1,-1,-1
601,75,160,419,132,111,1,-1,-1
602,75,159,418,132,111,1,-1,-1
603,75,159,418,132,111,1,-1,-1
604,75,159,418,132,111,1,-1,-1
605,75,159,418,132,111,1,-1,-1
606,75,159,418,132,111,1,-1,-1
607,75,159,418,132,111,1,-1,-1
608,75,159,418,132,111,1,-1,-1
609,75,158,418,132,111,1,-1,-1
610,75,158,418,132,110,1,-1,-1
611,75,158,418,132,110,1,-1,-1
612,75,158,417,132,111,1,-1,-1
613,75,158,417,132,111,1,-1,-1
614,75,158,417,132,111,1,-1,-1
615,75,158,417,132,111,1,-1,-1
616,75,158,417,132,111,1,-1,-1
617,75,157,417,132,111,1,-1,-1
618,75,157,417,132,111,1,-1,-1
619,75,157,417,132,110,1,-1,-1
620,75,157,417,132,110,1,-1,-1
621,75,157,417,132,110,1,-1,-1
622,75,157,416,132,111,1,-1,-1
623,75,157,416,132,111,1,-1,-1
624,75,156,416,132,111,1,-1,-1
625,75,156,416,132,111,1,-1,-1
626,75,156,416,132,111,1,-1,-1
627,75,156,416,132,110,1,-1,-1
628,75,156,416,132,110,1,-1,-1
629,75,156,416,132,110,1,-1,-1
630,75,156,416,132,110,1,-1,-1
631,75,156,416,132,110,1,-1,-1
632,75,155,415,132,111,1,-1,-1
633,75,155,415,132,111,1,-1,-1
634,75,155,415,132,111,1,-1,-1
635,75,155,415,132,111,1,-1,-1
636,75,155,415,132,110,1,-1,-1
637,75,155,415,132,110,1,-1,-1
638,75,155,415,132,110,1,-1,-1
639,75,154,415,132,110,1,-1,-1
640,75,154,415,132,110,1,-1,-1
641,75,154,415,132,110,1,-1,-1
642,75,154,414,132,111,1,-1,-1
643,75,154,414,132,111,1,-1,-1
644,75,154,414,132,110,1,-1,-1
645,75,154,414,132,110,1,-1,-1
646,75,154,414,132,110,1,-1,-1
647,75,153,414,132,110,1,-1,-1
648,75,153,414,132,110,1,-1,-1
649,75,153,414,132,110,1,-1,-1
650,75,153,414,132,110,1,-1,-1
651,75,153,414,132,110,1,-1,-1
652,75,153,413,132,111,1,-1,-1
653,75,153,413,132,110,1,-1,-1
654,75,152,413,132,110,1,-1,-1
655,75,152,413,132,110,1,-1,-1
656,75,152,413,132,110,1,-1,-1
657,75,152,413,132,110,1,-1,-1
658,75,152,413,132,110,1,-1,-1
659,75,152,413,132,110,1,-1,-1
660,75,152,413,132,110,1,-1,-1
661,75,152,413,132,110,1,-1,-1
662,75,151,412,132,110,1,-1,-1
663,75,151,412,132,110,1,-1,-1
664,75,151,412,132,110,1,-1,-1
665,75,151,412,132,110,1,-1,-1
666,75,151,412,132,110,1,-1,-1
667,75,151,412,132,110,1,-1,-1
668,75,151,412,132,110,1,-1,-1
669,75,151,412,132,110,1,-1,-1
670,75,151,412,132,110,1,-1,-1
671,75,151,411,132,111,1,-1,-1
672,75,151,411,132,111,1,-1,-1
673,75,151,411,132,111,1,-1,-1
674,75,151,411,132,111,1,-1,-1
675,75,151,411,132,111,1,-1,-1
676,75,151,411,132,111,1,-1,-1
677,75,151,411,132,111,1,-1,-1
678,75,151,411,132,111,1,-1,-1
679,75,151,411,132,111,1,-1,-1
680,75,151,411,132,111,1,-1,-1
681,75,151,410,132,112,1,-1,-1
682,75,151,410,132,112,1,-1,-1
683,75,151,410,132,112,1,-1,-1
684,75,151,410,132,112,1,-1,-1
685,75,151,410,132,112,1,-1,-1
686,75,151,410,132,112,1,-1,-1
687,75,151,410,132,112,1,-1,-1
688,75,151,410,132,112,1,-1,-1
689,75,151,410,132,112,1,-1,-1
690,75,151,410,132,112,1,-1,-1
691,75,151,409,132,113,1,-1,-1
692,75,151,409,132,113,1,-1,-1
693,75,151,409,132,113,1,-1,-1
694,75,151,409,132,113,1,-1,-1
695,75,151,409,132,113,1,-1,-1
696,75,151,409,132,113,1,-1,-1
697,75,151,409,132,113,1,-1,-1
698,75,151,409,132,113,1,-1,-1
699,75,151,409,132,113,1,-1,-1
700,75,151,408,132,114,1,-1,-1
701,75,151,408,132,114,1,-1,-1
702,75,151,408,132,114,1,-1,-1
703,75,151,408,132,114,1,-1,-1
704,75,151,408,132,114,1,-1,-1
705,75,151,408,132,114,1,-1,-1
706,75,151,408,132,114,1,-1,-1
707,75,151,408,132,114,1,-1,-1
708,75,151,408,132,114,1,-1,-1
709,75,151,408,132,114,1,-1,-1
710,75,151,407,132,115,1,-1,-1
711,75,151,407,132,115,1,-1,-1
712,75,151,407,132,115,1,-1,-1
713,75,151,407,132,115,1,-1,-1
714,75,151,407,132,115,1,-1,-1
715,75,151,407,132,115,1,-1,-1
716,75,151,407,132,115,1,-1,-1
717,75,151,407,132,115,1,-1,-1
718,75,151,407,132,115,1,-1,-1
719,75,151,407,132,115,1,-1,-1
720,75,151,406,131,116,1,-1,-1
721,75,151,406,131,116,1,-1,-1
722,75,151,406,131,116,1,-1,-1
723,75,151,406,131,116,1,-1,-1
724,75,151,406,131,116,1,-1,-1
725,75,151,406,131,116,1,-1,-1
726,75,151,406,131,116,1,-1,-1
727,75,151,406,131,116,1,-1,-1
728,75,151,406,131,116,1,-1,-1
729,75,151,405,131,117,1,-1,-1
730,75,151,405,131,117,1,-1,-1
731,75,151,405,131,117,1,-1,-1
732,75,151,405,131,117,1,-1,-1
733,75,151,405,131,117,1,-1,-1
734,75,151,405,131,117,1,-1,-1
735,75,151,405,131,117,1,-1,-1
736,75,151,405,131,117,1,-1,-1
737,75,151,405,131,117,1,-1,-1
738,75,151,405,131,117,1,-1,-1
739,75,151,404,131,118,1,-1,-1
740,75,151,404,131,118,1,-1,-1
741,75,151,404,131,118,1,-1,-1
742,75,151,404,131,118,1,-1,-1
743,75,151,404,131,118,1,-1,-1
744,75,151,404,131,118,1,-1,-1
745,75,151,404,131,118,1,-1,-1
746,75,151,404,131,118,1,-1,-1
747,75,151,404,131,118,1,-1,-1
748,75,151,404,131,118,1,-1,-1
749,75,151,403,131,119,1,-1,-1
750,75,151,403,131,119,1,-1,-1
751,75,151,403,131,119,1,-1,-1
752,75,151,403,131,119,1,-1,-1
753,75,151,403,131,119,1,-1,-1
754,75,151,403,131,119,1,-1,-1
755,75,151,403,131,119,1,-1,-1
756,75,151,403,131,119,1,-1,-1
757,75,151,403,131,119,1,-1,-1
758,75,151,402,131,120,1,-1,-1
759,75,151,402,131,120,1,-1,-1
760,75,151,402,131,120,1,-1,-1
761,75,151,402,131,120,1,-1,-1
762,75,151,402,131,120,1,-1,-1
763,75,151,402,131,120,1,-1,-1
764,75,151,402,131,120,1,-1,-1
765,75,151,402,131,120,1,-1,-1
766,75,151,402,131,120,1,-1,-1
767,75,151,402,131,120,1,-1,-1
768,75,151,401,131,121,1,-1,-1
769,75,151,401,131,121,1,-1,-1
770,75,151,401,131,121,1,-1,-1
771,75,151,401,131,121,1,-1,-1
772,75,151,401,131,121,1,-1,-1
773,75,151,401,131,121,1,-1,-1
774,75,151,401,131,121,1,-1,-1
775,75,151,401,131,121,1,-1,-1
776,75,151,401,131,121,1,-1,-1
777,75,151,401,131,121,1,-1,-1
1,76,902,255,111,123,1,-1,-1
2,76,902,257,111,123,1,-1,-1
3,76,903,260,110,122,1,-1,-1
4,76,903,262,110,123,1,-1,-1
5,76,904,265,110,122,1,-1,-1
6,76,905,267,109,123,1,-1,-1
7,76,905,270,109,122,1,-1,-1
8,76,906,272,109,123,1,-1,-1
9,76,907,275,108,122,1,-1,-1
10,76,907,277,108,123,1,-1,-1
11,76,908,280,108,122,1,-1,-1
12,76,908,282,108,123,1,-1,-1
13,76,909,285,107,122,1,-1,-1
14,76,910,287,106,123,1,-1,-1
15,76,910,290,107,122,1,-1,-1
16,76,911,292,106,123,1,-1,-1
17,76,912,295,105,122,1,-1,-1
18,76,912,297,106,122,1,-1,-1
19,76,913,300,105,122,1,-1,-1
20,76,914,302,104,122,1,-1,-1
21,76,914,305,105,122,1,-1,-1
22,76,915,307,104,122,1,-1,-1
23,76,915,310,104,122,1,-1,-1
24,76,916,312,103,122,1,-1,-1
25,76,917,315,103,122,1,-1,-1
26,76,917,317,103,122,1,-1,-1
27,76,918,320,102,122,1,-1,-1
28,76,919,322,102,122,1,-1,-1
29,76,919,325,102,122,1,-1,-1
30,76,920,327,101,122,1,-1,-1
31,76,921,330,101,122,1,-1,-1
32,76,920,332,102,122,1,-1,-1
33,76,920,334,102,122,1,-1,-1
34,76,919,337,103,122,1,-1,-1
35,76,919,339,103,122,1,-1,-1
36,76,919,342,103,122,1,-1,-1
37,76,918,344,104,122,1,-1,-1
38,76,918,347,104,122,1,-1,-1
39,76,917,349,105,122,1,-1,-1
40,76,917,352,105,122,1,-1,-1
41,76,917,354,105,122,1,-1,-1
42,76,916,356,106,122,1,-1,-1
43,76,916,359,106,122,1,-1,-1
44,76,915,361,107,122,1,-1,-1
45,76,915,364,107,122,1,-1,-1
46,76,915,366,107,122,1,-1,-1
47,76,914,369,108,122,1,-1,-1
48,76,914,371,108,122,1,-1,-1
49,76,913,374,109,122,1,-1,-1
50,76,913,376,109,122,1,-1,-1
51,76,913,379,109,122,1,-1,-1
52,76,912,381,110,122,1,-1,-1
53,76,912,383,110,122,1,-1,-1
54,76,912,385,110,122,1,-1,-1
55,76,912,387,110,122,1,-1,-1
56,76,912,390,110,121,1,-1,-1
57,76,912,392,110,121,1,-1,-1
58,76,912,394,110,121,1,-1,-1
59,76,912,396,110,121,1,-1,-1
60,76,912,398,110,121,1,-1,-1
61,76,912,401,110,121,1,-1,-1
62,76,912,403,110,120,1,-1,-1
63,76,912,405,110,120,1,-1,-1
64,76,913,407,109,120,1,-1,-1
65,76,913,409,109,119,1,-1,-1
66,76,914,411,108,119,1,-1,-1
67,76,914,413,108,119,1,-1,-1
68,76,914,415,108,118,1,-1,-1
69,76,915,417,107,118,1,-1,-1
70,76,915,419,107,118,1,-1,-1
71,76,916,421,106,118,1,-1,-1
72,76,915,420,106,118,1,-1,-1
73,76,915,420,106,118,1,-1,-1
74,76,914,419,107,119,1,-1,-1
75,76,914,419,107,119,1,-1,-1
76,76,913,419,108,119,1,-1,-1
77,76,913,418,108,120,1,-1,-1
78,76,912,418,109,120,1,-1,-1
79,76,912,417,109,121,1,-1,-1
80,76,911,417,110,121,1,-1,-1
81,76,911,417,110,121,1,-1,-1
82,76,909,417,110,121,1,-1,-1
83,76,908,417,110,121,1,-1,-1
84,76,907,417,110,121,1,-1,-1
85,76,906,417,110,121,1,-1,-1
86,76,905,417,110,121,1,-1,-1
87,76,903,417,110,121,1,-1,-1
88,76,902,417,110,121,1,-1,-1
89,76,901,417,110,121,1,-1,-1
90,76,900,417,110,121,1,-1,-1
91,76,899,418,110,121,1,-1,-1
92,76,896,418,110,120,1,-1,-1
93,76,894,418,110,120,1,-1,-1
94,76,892,418,110,120,1,-1,-1
95,76,890,419,110,119,1,-1,-1
96,76,887,419,111,119,1,-1,-1
97,76,885,419,110,119,1,-1,-1
98,76,883,420,110,118,1,-1,-1
99,76,881,420,110,118,1,-1,-1
100,76,878,420,111,118,1,-1,-1
101,76,876,421,111,117,1,-1,-1
102,76,874,421,110,117,1,-1,-1
103,76,872,421,110,117,1,-1,-1
104,76,869,421,111,117,1,-1,-1
105,76,867,422,111,116,1,-1,-1
106,76,865,422,111,116,1,-1,-1
107,76,863,422,110,116,1,-1,-1
108,76,860,423,111,115,1,-1,-1
109,76,858,423,111,115,1,-1,-1
110,76,856,423,111,115,1,-1,-1
111,76,854,424,111,114,1,-1,-1
112,76,853,426,111,112,1,-1,-1
113,76,852,428,111,110,1,-1,-1
114,76,851,430,111,108,1,-1,-1
115,76,850,432,111,106,1,-1,-1
116,76,849,434,111,104,1,-1,-1
117,76,848,436,111,102,1,-1,-1
118,76,848,438,111,100,1,-1,-1
119,76,847,440,111,98,1,-1,-1
120,76,846,442,111,96,1,-1,-1
121,76,845,444,111,94,1,-1,-1
122,76,844,446,111,92,1,-1,-1
123,76,843,448,111,90,1,-1,-1
124,76,842,450,111,88,1,-1,-1
125,76,842,452,111,86,1,-1,-1
126,76,841,454,111,84,1,-1,-1
127,76,840,456,111,82,1,-1,-1
128,76,839,458,111,80,1,-1,-1
129,76,838,460,111,78,1,-1,-1
130,76,837,462,111,76,1,-1,-1
1,77,917,427,103,108,1,-1,-1
2,77,917,428,103,107,1,-1,-1
3,77,917,430,103,105,1,-1,-1
4,77,917,432,103,104,1,-1,-1
5,77,918,434,103,102,1,-1,-1
6,77,918,436,103,101,1,-1,-1
7,77,918,438,103,99,1,-1,-1
8,77,919,440,103,97,1,-1,-1
9,77,919,442,103,96,1,-1,-1
10,77,919,444,103,94,1,-1,-1
11,77,920,446,103,93,1,-1,-1
12,77,920,451,103,88,1,-1,-1
13,77,920,456,103,83,1,-1,-1
14,77,920,461,103,78,1,-1,-1
15,77,920,466,103,73,1,-1,-1
16,77,920,471,103,68,1,-1,-1
17,77,920,476,103,63,1,-1,-1
18,77,920,481,103,58,1,-1,-1
19,77,920,486,103,53,1,-1,-1
20,77,920,491,103,48,1,-1,-1
1,83,630,375,197,163,1,-1,-1
2,83,630,376,197,162,1,-1,-1
3,83,630,378,197,160,1,-1,-1
4,83,630,380,197,158,1,-1,-1
5,83,630,381,197,157,1,-1,-1
6,83,630,383,197,155,1,-1,-1
7,83,630,385,197,153,1,-1,-1
8,83,630,386,197,152,1,-1,-1
9,83,630,388,197,150,1,-1,-1
10,83,630,390,197,148,1,-1,-1
11,83,630,391,197,147,1,-1,-1
12,83,630,393,197,145,1,-1,-1
13,83,630,395,197,143,1,-1,-1
14,83,630,397,197,141,1,-1,-1
15,83,630,398,197,140,1,-1,-1
16,83,630,400,197,138,1,-1,-1
17,83,630,402,197,136,1,-1,-1
18,83,630,403,197,135,1,-1,-1
19,83,630,405,197,133,1,-1,-1
20,83,630,407,197,131,1,-1,-1
21,83,630,408,197,130,1,-1,-1
22,83,630,410,197,128,1,-1,-1
23,83,630,412,197,126,1,-1,-1
24,83,630,413,197,125,1,-1,-1
25,83,630,415,197,123,1,-1,-1
26,83,630,417,197,121,1,-1,-1
27,83,630,419,197,119,1,-1,-1
28,83,630,420,197,118,1,-1,-1
29,83,630,422,197,116,1,-1,-1
30,83,630,424,197,114,1,-1,-1
31,83,630,425,197,113,1,-1,-1
32,83,630,427,197,111,1,-1,-1
33,83,630,429,197,109,1,-1,-1
34,83,630,430,197,108,1,-1,-1
35,83,630,432,197,106,1,-1,-1
36,83,630,434,197,104,1,-1,-1
37,83,630,436,197,102,1,-1,-1
38,83,619,440,197,98,1,-1,-1
39,83,608,444,197,94,1,-1,-1
40,83,598,448,197,90,1,-1,-1
41,83,596,448,197,90,1,-1,-1
42,83,595,448,197,90,1,-1,-1
43,83,594,449,197,89,1,-1,-1
44,83,593,449,197,89,1,-1,-1
45,83,592,449,197,89,1,-1,-1
46,83,591,450,197,88,1,-1,-1
47,83,590,450,197,88,1,-1,-1
48,83,589,450,197,88,1,-1,-1
49,83,588,451,197,87,1,-1,-1
50,83,587,451,197,87,1,-1,-1
51,83,586,452,197,86,1,-1,-1
52,83,584,452,197,86,1,-1,-1
53,83,583,452,197,86,1,-1,-1
54,83,582,453,197,85,1,-1,-1
55,83,581,453,197,85,1,-1,-1
56,83,580,453,197,85,1,-1,-1
57,83,579,454,197,84,1,-1,-1
58,83,578,454,197,84,1,-1,-1
59,83,577,455,197,83,1,-1,-1
60,83,576,455,197,83,1,-1,-1
61,83,575,455,197,83,1,-1,-1
62,83,574,456,197,82,1,-1,-1
63,83,573,456,197,82,1,-1,-1
64,83,571,456,197,82,1,-1,-1
65,83,570,457,197,81,1,-1,-1
66,83,569,457,197,81,1,-1,-1
67,83,568,458,197,80,1,-1,-1
68,83,567,458,197,80,1,-1,-1
69,83,566,458,197,80,1,-1,-1
70,83,565,459,197,79,1,-1,-1
71,83,564,459,197,79,1,-1,-1
72,83,563,459,197,79,1,-1,-1
73,83,562,460,197,78,1,-1,-1
74,83,561,460,197,78,1,-1,-1
75,83,560,461,197,77,1,-1,-1
76,83,559,461,197,77,1,-1,-1
77,83,558,461,197,77,1,-1,-1
78,83,557,461,197,77,1,-1,-1
79,83,556,461,197,77,1,-1,-1
80,83,556,461,197,77,1,-1,-1
81,83,555,461,197,77,1,-1,-1
82,83,554,461,197,77,1,-1,-1
83,83,553,462,197,76,1,-1,-1
84,83,553,462,197,76,1,-1,-1
85,83,552,462,197,76,1,-1,-1
86,83,551,462,197,76,1,-1,-1
87,83,550,462,197,76,1,-1,-1
88,83,550,462,197,76,1,-1,-1
89,83,549,462,197,76,1,-1,-1
90,83,548,463,197,75,1,-1,-1
91,83,547,463,197,75,1,-1,-1
92,83,546,463,197,75,1,-1,-1
93,83,546,463,197,75,1,-1,-1
94,83,545,463,197,75,1,-1,-1
95,83,544,463,197,75,1,-1,-1
96,83,543,463,197,75,1,-1,-1
97,83,543,464,197,74,1,-1,-1
98,83,542,464,197,74,1,-1,-1
99,83,541,464,197,74,1,-1,-1
100,83,540,464,197,74,1,-1,-1
101,83,540,464,197,74,1,-1,-1
102,83,539,464,197,74,1,-1,-1
103,83,538,464,197,74,1,-1,-1
104,83,537,465,197,73,1,-1,-1
105,83,537,465,197,73,1,-1,-1
106,83,536,465,197,73,1,-1,-1
107,83,535,465,197,73,1,-1,-1
108,83,534,465,197,73,1,-1,-1
109,83,533,465,197,73,1,-1,-1
110,83,533,465,197,73,1,-1,-1
111,83,532,466,197,72,1,-1,-1
112,83,531,466,197,72,1,-1,-1
113,83,530,466,197,72,1,-1,-1
114,83,530,466,197,72,1,-1,-1
115,83,529,466,197,72,1,-1,-1
116,83,528,466,197,72,1,-1,-1
117,83,527,466,197,72,1,-1,-1
118,83,527,467,197,71,1,-1,-1
119,83,526,467,197,71,1,-1,-1
120,83,525,467,197,71,1,-1,-1
121,83,524,467,197,71,1,-1,-1
122,83,524,467,197,71,1,-1,-1
123,83,523,467,197,71,1,-1,-1
124,83,522,467,197,71,1,-1,-1
125,83,521,468,197,70,1,-1,-1
126,83,520,468,197,70,1,-1,-1
127,83,520,468,197,70,1,-1,-1
128,83,519,468,197,70,1,-1,-1
129,83,518,468,197,70,1,-1,-1
130,83,517,468,197,70,1,-1,-1
131,83,517,468,197,70,1,-1,-1
132,83,516,469,197,69,1,-1,-1
133,83,515,469,197,69,1,-1,-1
134,83,514,469,197,69,1,-1,-1
135,83,514,469,197,69,1,-1,-1
136,83,513,469,197,69,1,-1,-1
137,83,512,469,197,69,1,-1,-1
138,83,511,469,197,69,1,-1,-1
139,83,511,470,197,69,1,-1,-1
140,83,509,469,197,69,1,-1,-1
141,83,508,469,197,69,1,-1,-1
142,83,506,469,197,69,1,-1,-1
143,83,505,469,197,69,1,-1,-1
144,83,504,469,197,69,1,-1,-1
145,83,502,469,197,69,1,-1,-1
146,83,501,469,197,69,1,-1,-1
147,83,500,469,197,69,1,-1,-1
148,83,498,469,197,69,1,-1,-1
149,83,497,469,197,69,1,-1,-1
150,83,495,469,197,69,1,-1,-1
151,83,494,469,197,69,1,-1,-1
152,83,493,469,197,69,1,-1,-1
153,83,491,469,197,69,1,-1,-1
154,83,490,469,197,69,1,-1,-1
155,83,489,469,197,69,1,-1,-1
156,83,487,469,197,69,1,-1,-1
157,83,486,469,197,69,1,-1,-1
158,83,485,469,197,69,1,-1,-1
159,83,483,469,197,69,1,-1,-1
160,83,482,469,197,69,1,-1,-1
161,83,480,469,197,69,1,-1,-1
162,83,479,469,197,69,1,-1,-1
163,83,478,469,197,69,1,-1,-1
164,83,476,469,197,69,1,-1,-1
165,83,475,469,197,69,1,-1,-1
166,83,474,469,197,69,1,-1,-1
167,83,472,469,197,69,1,-1,-1
168,83,471,469,197,69,1,-1,-1
169,83,470,469,197,69,1,-1,-1
170,83,468,469,197,69,1,-1,-1
171,83,467,469,197,69,1,-1,-1
172,83,465,469,197,69,1,-1,-1
173,83,464,469,197,69,1,-1,-1
174,83,463,469,197,69,1,-1,-1
175,83,461,469,197,69,1,-1,-1
176,83,460,469,197,69,1,-1,-1
177,83,459,469,197,69,1,-1,-1
178,83,457,469,197,69,1,-1,-1
179,83,456,469,197,69,1,-1,-1
180,83,455,469,197,69,1,-1,-1
181,83,453,469,197,69,1,-1,-1
182,83,452,469,197,69,1,-1,-1
183,83,450,469,197,69,1,-1,-1
184,83,449,469,197,69,1,-1,-1
185,83,448,469,197,69,1,-1,-1
186,83,446,469,197,69,1,-1,-1
187,83,445,469,197,69,1,-1,-1
188,83,444,469,197,69,1,-1,-1
189,83,442,469,197,69,1,-1,-1
190,83,441,469,197,69,1,-1,-1
191,83,440,469,197,69,1,-1,-1
192,83,438,469,197,69,1,-1,-1
193,83,437,469,197,69,1,-1,-1
194,83,435,469,197,69,1,-1,-1
195,83,434,469,197,69,1,-1,-1
196,83,433,469,197,69,1,-1,-1
197,83,431,469,197,69,1,-1,-1
198,83,430,469,197,69,1,-1,-1
199,83,429,469,197,69,1,-1,-1
200,83,427,469,197,69,1,-1,-1
201,83,426,469,197,69,1,-1,-1
202,83,425,469,197,69,1,-1,-1
203,83,423,469,197,69,1,-1,-1
204,83,422,469,197,69,1,-1,-1
205,83,420,469,197,69,1,-1,-1
206,83,419,469,197,69,1,-1,-1
207,83,418,469,197,69,1,-1,-1
208,83,416,469,197,69,1,-1,-1
209,83,415,469,197,69,1,-1,-1
210,83,414,469,197,69,1,-1,-1
211,83,412,469,197,69,1,-1,-1
212,83,411,469,197,69,1,-1,-1
213,83,410,469,197,69,1,-1,-1
214,83,408,469,197,69,1,-1,-1
215,83,407,469,197,69,1,-1,-1
216,83,405,469,197,69,1,-1,-1
217,83,404,469,197,69,1,-1,-1
218,83,403,469,197,69,1,-1,-1
219,83,401,469,197,69,1,-1,-1
220,83,400,469,197,69,1,-1,-1
221,83,399,469,197,69,1,-1,-1
222,83,397,469,197,69,1,-1,-1
223,83,396,469,197,69,1,-1,-1
224,83,395,469,197,69,1,-1,-1
225,83,396,468,197,70,1,-1,-1
226,83,398,468,197,70,1,-1,-1
227,83,400,468,197,70,1,-1,-1
228,83,401,468,197,70,1,-1,-1
229,83,403,468,197,70,1,-1,-1
230,83,405,468,197,70,1,-1,-1
231,83,406,468,197,70,1,-1,-1
232,83,408,468,197,70,1,-1,-1
233,83,410,468,197,70,1,-1,-1
234,83,411,468,197,70,1,-1,-1
235,83,413,468,197,70,1,-1,-1
236,83,415,468,197,70,1,-1,-1
237,83,416,467,197,71,1,-1,-1
238,83,418,467,197,71,1,-1,-1
239,83,420,467,197,71,1,-1,-1
240,83,421,467,197,71,1,-1,-1
241,83,423,467,197,71,1,-1,-1
242,83,425,467,197,71,1,-1,-1
243,83,426,467,197,71,1,-1,-1
244,83,428,467,197,71,1,-1,-1
245,83,430,467,197,71,1,-1,-1
246,83,432,467,197,71,1,-1,-1
247,83,433,467,197,71,1,-1,-1
248,83,435,467,197,71,1,-1,-1
249,83,437,466,197,72,1,-1,-1
250,83,438,466,197,72,1,-1,-1
251,83,440,466,197,72,1,-1,-1
252,83,442,466,197,72,1,-1,-1
253,83,443,466,197,72,1,-1,-1
254,83,445,466,197,72,1,-1,-1
255,83,447,466,197,72,1,-1,-1
256,83,448,466,197,72,1,-1,-1
257,83,450,466,197,72,1,-1,-1
258,83,452,466,197,72,1,-1,-1
259,83,453,466,197,72,1,-1,-1
260,83,455,466,197,72,1,-1,-1
261,83,457,465,197,73,1,-1,-1
262,83,458,465,197,73,1,-1,-1
263,83,460,465,197,73,1,-1,-1
264,83,462,465,197,73,1,-1,-1
265,83,464,465,197,73,1,-1,-1
266,83,465,465,197,73,1,-1,-1
267,83,467,465,197,73,1,-1,-1
268,83,469,465,197,73,1,-1,-1
269,83,470,465,197,73,1,-1,-1
270,83,472,465,197,73,1,-1,-1
271,83,474,465,197,73,1,-1,-1
272,83,475,465,197,73,1,-1,-1
273,83,477,465,197,73,1,-1,-1
274,83,479,464,197,74,1,-1,-1
275,83,480,464,197,74,1,-1,-1
276,83,482,464,197,74,1,-1,-1
277,83,484,464,197,74,1,-1,-1
278,83,485,464,197,74,1,-1,-1
279,83,487,464,197,74,1,-1,-1
280,83,489,464,197,74,1,-1,-1
281,83,490,464,197,74,1,-1,-1
282,83,492,464,197,74,1,-1,-1
283,83,494,464,197,74,1,-1,-1
284,83,496,464,197,74,1,-1,-1
285,83,497,464,197,74,1,-1,-1
286,83,499,463,197,75,1,-1,-1
287,83,501,463,197,75,1,-1,-1
288,83,502,463,197,75,1,-1,-1
289,83,504,463,197,75,1,-1,-1
290,83,506,463,197,75,1,-1,-1
291,83,507,463,197,75,1,-1,-1
292,83,509,463,197,75,1,-1,-1
293,83,511,463,197,75,1,-1,-1
294,83,512,463,197,75,1,-1,-1
295,83,514,463,197,75,1,-1,-1
296,83,516,463,197,75,1,-1,-1
297,83,517,463,197,75,1,-1,-1
298,83,519,462,197,76,1,-1,-1
299,83,521,462,197,76,1,-1,-1
300,83,522,462,197,76,1,-1,-1
301,83,524,462,197,76,1,-1,-1
302,83,526,462,197,76,1,-1,-1
303,83,528,462,197,76,1,-1,-1
304,83,529,462,197,76,1,-1,-1
305,83,531,462,197,76,1,-1,-1
306,83,533,462,197,76,1,-1,-1
307,83,534,462,197,76,1,-1,-1
308,83,536,462,197,76,1,-1,-1
309,83,538,462,197,76,1,-1,-1
310,83,539,461,197,77,1,-1,-1
311,83,541,461,197,77,1,-1,-1
312,83,543,461,197,77,1,-1,-1
313,83,544,461,197,77,1,-1,-1
314,83,546,461,197,77,1,-1,-1
315,83,548,461,197,77,1,-1,-1
316,83,549,461,197,77,1,-1,-1
317,83,551,461,197,77,1,-1,-1
318,83,553,461,197,77,1,-1,-1
319,83,554,461,197,77,1,-1,-1
320,83,556,461,197,77,1,-1,-1
321,83,558,461,197,77,1,-1,-1
322,83,560,461,197,77,1,-1,-1
