21,1,540,0,13,12,1,1,1
22,1,539,0,14,12,1,1,1
23,1,539,0,14,12,1,1,1
24,1,539,0,14,13,1,1,1
25,1,539,0,14,13,1,1,1
26,1,539,1,14,13,1,1,1
27,1,539,2,14,13,1,1,1
28,1,539,3,14,13,1,1,1
29,1,539,4,14,14,1,1,1
30,1,538,4,14,14,1,1,1
31,1,538,5,14,14,1,1,1
32,1,538,6,14,14,1,1,1
33,1,537,7,14,14,1,1,1
34,1,537,8,14,14,1,1,1
35,1,537,9,14,14,1,1,1
36,1,536,10,14,14,1,1,1
37,1,536,11,14,14,1,1,1
38,1,536,12,14,14,1,1,1
39,1,536,13,14,14,1,1,1
40,1,536,14,14,14,1,1,1
41,1,536,16,14,14,1,1,1
42,1,535,17,14,14,1,1,1
43,1,535,18,14,14,1,1,1
44,1,535,20,14,14,1,1,1
45,1,534,21,14,14,1,1,1
46,1,534,22,14,14,1,1,1
47,1,534,24,14,14,1,1,1
48,1,533,25,14,14,1,1,1
49,1,533,27,14,14,1,1,1
50,1,533,29,14,14,1,1,1
51,1,532,31,14,14,1,1,1
52,1,532,33,14,14,1,1,1
53,1,532,35,14,14,1,1,1
54,1,531,36,14,14,1,1,1
55,1,531,38,14,14,1,1,1
56,1,531,39,14,14,1,1,1
57,1,531,41,14,14,1,1,1
58,1,531,42,14,14,1,1,1
59,1,531,44,14,14,1,1,1
60,1,531,46,14,14,1,1,1
61,1,530,47,14,14,1,1,1
62,1,530,49,14,14,1,1,1
63,1,529,51,14,14,1,1,1
64,1,529,53,14,14,1,1,1
65,1,528,54,14,14,1,1,1
66,1,528,56,14,14,1,1,1
67,1,528,57,14,14,1,1,1
68,1,528,59,14,14,1,1,1
69,1,527,60,14,14,1,1,1
70,1,527,62,14,14,1,1,1
71,1,527,64,14,14,1,1,1
72,1,527,66,14,14,1,1,1
73,1,526,67,14,14,1,1,1
74,1,526,69,14,14,1,1,1
75,1,526,70,14,14,1,1,1
76,1,526,72,14,14,1,1,1
77,1,525,73,14,14,1,1,1
78,1,525,75,14,14,1,1,1
79,1,524,77,14,14,1,1,1
80,1,524,79,14,14,1,1,1
81,1,524,81,14,14,1,1,1
82,1,524,82,14,14,1,1,1
83,1,524,84,14,14,1,1,1
84,1,524,86,14,14,1,1,1
85,1,523,88,14,14,1,1,1
86,1,523,90,14,14,1,1,1
87,1,522,92,14,14,1,1,1
88,1,522,94,14,14,1,1,1
89,1,521,96,14,14,1,1,1
90,1,521,98,14,14,1,1,1
91,1,520,100,14,14,1,1,1
92,1,520,102,14,14,1,1,1
93,1,519,103,14,14,1,1,1
94,1,519,105,14,14,1,1,1
95,1,519,107,14,14,1,1,1
96,1,518,109,14,14,1,1,1
97,1,517,111,14,14,1,1,1
98,1,517,114,14,14,1,1,1
99,1,516,115,14,14,1,1,1
100,1,516,117,14,14,1,1,1
101,1,516,119,14,14,1,1,1
102,1,515,121,14,14,1,1,1
103,1,515,123,14,14,1,1,1
104,1,515,125,14,14,1,1,1
105,1,515,127,14,14,1,1,1
106,1,514,129,14,14,1,1,1
107,1,514,132,14,14,1,1,1
108,1,513,134,14,14,1,1,1
109,1,513,137,14,14,1,1,1
110,1,512,138,14,15,1,1,1
111,1,511,139,14,16,1,1,1
112,1,510,140,14,17,1,1,1
113,1,510,142,14,17,1,1,1
114,1,508,144,14,17,1,1,1
115,1,507,146,14,17,1,1,1
116,1,505,148,14,17,1,1,1
117,1,504,151,14,17,1,1,1
118,1,502,153,14,17,1,1,1
119,1,500,156,14,16,1,1,1
120,1,498,158,14,16,1,1,1
121,1,496,161,14,16,1,1,1
122,1,494,163,14,15,1,1,1
123,1,492,165,14,15,1,1,1
124,1,490,167,14,14,1,1,1
125,1,489,169,14,14,1,1,1
126,1,487,170,14,15,1,1,1
127,1,485,172,14,16,1,1,1
128,1,483,174,14,17,1,1,1
129,1,481,176,14,18,1,1,1
130,1,480,178,14,18,1,1,1
131,1,480,180,14,18,1,1,1
132,1,479,182,14,18,1,1,1
133,1,479,184,14,19,1,1,1
134,1,478,186,14,19,1,1,1
135,1,477,188,14,19,1,1,1
136,1,476,190,14,19,1,1,1
137,1,476,193,14,19,1,1,1
138,1,475,195,14,19,1,1,1
139,1,475,197,14,20,1,1,1
140,1,474,199,15,20,1,1,1
141,1,474,201,15,21,1,1,1
142,1,473,203,15,21,1,1,1
143,1,472,206,15,21,1,1,1
144,1,471,208,15,21,1,1,1
145,1,471,211,14,21,1,1,1
146,1,470,213,14,21,1,1,1
147,1,469,216,14,21,1,1,1
148,1,468,218,14,21,1,1,1
149,1,468,221,14,21,1,1,1
150,1,467,223,14,21,1,1,1
151,1,466,225,14,21,1,1,1
152,1,465,227,14,21,1,1,1
153,1,464,229,14,21,1,1,1
154,1,464,232,14,21,1,1,1
155,1,462,234,15,22,1,1,1
156,1,461,236,16,23,1,1,1
157,1,460,239,17,23,1,1,1
158,1,459,241,18,24,1,1,1
159,1,458,244,19,24,1,1,1
160,1,457,247,19,24,1,1,1
161,1,456,250,19,24,1,1,1
162,1,455,253,19,24,1,1,1
163,1,455,257,19,24,1,1,1
164,1,454,260,19,24,1,1,1
165,1,453,264,19,24,1,1,1
166,1,452,268,19,24,1,1,1
167,1,451,271,19,24,1,1,1
168,1,450,275,19,24,1,1,1
169,1,449,279,19,24,1,1,1
170,1,448,282,19,24,1,1,1
171,1,447,286,19,24,1,1,1
172,1,446,290,19,24,1,1,1
173,1,446,294,19,24,1,1,1
174,1,445,297,19,25,1,1,1
175,1,444,301,19,25,1,1,1
176,1,443,305,19,25,1,1,1
177,1,442,309,19,25,1,1,1
178,1,441,313,19,26,1,1,1
179,1,440,316,19,27,1,1,1
180,1,439,320,19,27,1,1,1
181,1,438,324,19,27,1,1,1
182,1,437,328,19,27,1,1,1
183,1,437,332,18,28,1,1,1
184,1,435,336,19,28,1,1,1
185,1,434,340,19,29,1,1,1
186,1,432,344,20,30,1,1,1
187,1,431,349,20,30,1,1,1
188,1,430,353,20,31,1,1,1
189,1,428,357,21,32,1,1,1
190,1,427,362,21,32,1,1,1
191,1,425,366,22,33,1,1,1
192,1,424,370,22,34,1,1,1
193,1,423,375,23,34,1,1,1
194,1,421,379,23,34,1,1,1
195,1,420,384,23,34,1,1,1
196,1,419,389,23,34,1,1,1
197,1,417,394,23,34,1,1,1
198,1,416,399,23,34,1,1,1
199,1,415,404,23,34,1,1,1
200,1,413,409,23,34,1,1,1
201,1,412,414,23,34,1,1,1
202,1,411,419,23,34,1,1,1
203,1,410,424,23,34,1,1,1
204,1,408,429,23,35,1,1,1
205,1,406,434,24,36,1,1,1
206,1,404,439,25,37,1,1,1
207,1,402,445,25,38,1,1,1
208,1,401,450,25,39,1,1,1
209,1,399,455,26,40,1,1,1
210,1,397,461,26,41,1,1,1
211,1,395,466,27,42,1,1,1
212,1,393,471,28,43,1,1,1
1,2,584,93,13,16,1,4,1
2,2,587,93,13,15,1,4,1
3,2,590,93,13,15,1,4,1
4,2,593,94,13,14,1,4,1
5,2,594,94,13,14,1,4,1
6,2,596,94,13,14,1,4,1
7,2,597,94,13,14,1,4,1
8,2,599,94,13,14,1,4,1
9,2,601,95,13,14,1,4,1
10,2,602,95,13,14,1,4,1
11,2,603,95,14,14,1,4,1
12,2,604,95,14,14,1,4,1
13,2,606,95,14,14,1,4,1
14,2,606,95,14,14,1,4,1
15,2,607,95,13,14,1,4,1
16,2,607,95,14,14,1,4,1
17,2,608,95,13,15,1,4,1
18,2,608,95,13,15,1,4,1
19,2,609,95,13,15,1,4,1
20,2,609,95,13,15,1,4,1
21,2,610,95,13,16,1,4,1
22,2,610,95,13,16,1,4,1
23,2,610,95,13,16,1,4,1
24,2,610,95,13,16,1,4,1
25,2,611,95,13,16,1,4,1
26,2,611,95,13,16,1,4,1
27,2,611,95,13,16,1,4,1
28,2,612,95,13,16,1,4,1
29,2,612,95,13,16,1,4,1
30,2,612,95,13,16,1,4,1
31,2,613,95,13,16,1,4,1
32,2,613,95,13,16,1,4,1
33,2,613,95,13,16,1,4,1
34,2,613,96,13,15,1,4,1
35,2,613,96,13,15,1,4,1
36,2,614,97,13,15,1,4,1
37,2,614,97,13,15,1,4,1
38,2,614,97,13,15,1,4,1
39,2,614,98,13,14,1,4,1
40,2,614,98,13,14,1,4,1
41,2,615,99,13,14,1,4,1
42,2,615,99,13,14,1,4,1
43,2,615,100,13,14,1,4,1
44,2,615,101,13,14,1,4,1
45,2,615,101,13,14,1,4,1
46,2,615,102,14,14,1,4,1
47,2,615,103,14,14,1,4,1
48,2,615,103,14,14,1,4,1
49,2,615,104,14,14,1,4,1
50,2,615,105,14,14,1,4,1
51,2,616,106,14,14,1,4,1
52,2,616,106,14,14,1,4,1
53,2,616,107,14,14,1,4,1
54,2,616,108,14,14,1,4,1
55,2,616,109,14,14,1,4,1
56,2,616,110,14,14,1,4,1
57,2,616,111,14,14,1,4,1
58,2,616,112,14,14,1,4,1
59,2,616,113,14,14,1,4,1
60,2,616,114,14,14,1,4,1
61,2,616,115,14,14,1,4,1
62,2,616,115,14,14,1,4,1
63,2,616,116,14,14,1,4,1
64,2,616,117,14,14,1,4,1
65,2,616,118,14,14,1,4,1
66,2,616,119,14,14,1,4,1
67,2,616,119,14,14,1,4,1
68,2,616,120,14,14,1,4,1
69,2,616,121,14,14,1,4,1
70,2,616,122,14,14,1,4,1
71,2,617,123,14,14,1,4,1
72,2,617,123,14,14,1,4,1
73,2,617,124,14,14,1,4,1
74,2,617,125,14,14,1,4,1
75,2,617,125,14,14,1,4,1
76,2,617,126,14,14,1,4,1
77,2,617,127,14,14,1,4,1
78,2,617,127,14,14,1,4,1
79,2,617,128,14,14,1,4,1
80,2,617,129,14,14,1,4,1
81,2,617,130,14,14,1,4,1
82,2,617,130,14,15,1,4,1
83,2,617,131,14,15,1,4,1
84,2,617,131,14,16,1,4,1
85,2,617,132,14,16,1,4,1
86,2,617,133,14,17,1,4,1
87,2,617,133,14,18,1,4,1
88,2,617,134,14,18,1,4,1
89,2,617,134,14,19,1,4,1
90,2,617,135,14,19,1,4,1
91,2,617,136,14,20,1,4,1
92,2,617,137,14,20,1,4,1
93,2,617,138,14,20,1,4,1
94,2,617,139,14,20,1,4,1
95,2,617,140,14,20,1,4,1
96,2,618,141,14,20,1,4,1
97,2,618,142,14,20,1,4,1
98,2,618,143,14,20,1,4,1
99,2,618,144,14,20,1,4,1
100,2,618,145,14,20,1,4,1
101,2,619,147,14,19,1,4,1
102,2,619,147,14,20,1,4,1
103,2,619,148,14,20,1,4,1
104,2,619,149,14,20,1,4,1
105,2,619,150,14,20,1,4,1
106,2,619,151,14,20,1,4,1
107,2,619,152,14,20,1,4,1
108,2,619,153,14,20,1,4,1
109,2,619,154,14,20,1,4,1
110,2,619,155,14,20,1,4,1
111,2,619,156,14,20,1,4,1
112,2,618,156,14,20,1,4,1
113,2,617,157,14,20,1,4,1
114,2,616,158,14,20,1,4,1
115,2,615,159,14,20,1,4,1
116,2,614,160,14,20,1,4,1
117,2,613,161,14,20,1,4,1
118,2,612,162,14,20,1,4,1
119,2,611,163,14,20,1,4,1
120,2,610,164,14,20,1,4,1
121,2,609,165,14,20,1,4,1
122,2,607,165,14,20,1,4,1
123,2,606,166,14,20,1,4,1
124,2,605,167,14,20,1,4,1
125,2,604,168,14,20,1,4,1
126,2,603,169,14,20,1,4,1
127,2,602,169,14,20,1,4,1
128,2,601,170,14,20,1,4,1
129,2,600,171,14,20,1,4,1
130,2,599,172,14,20,1,4,1
131,2,598,173,14,20,1,4,1
132,2,598,173,14,20,1,4,1
133,2,598,174,14,20,1,4,1
134,2,598,175,14,20,1,4,1
135,2,598,175,14,20,1,4,1
136,2,598,176,14,20,1,4,1
137,2,598,177,14,20,1,4,1
138,2,598,177,14,20,1,4,1
139,2,598,178,14,20,1,4,1
140,2,598,179,14,20,1,4,1
141,2,598,180,14,20,1,4,1
142,2,598,180,14,20,1,4,1
143,2,598,181,14,20,1,4,1
144,2,598,181,14,20,1,4,1
145,2,598,182,14,20,1,4,1
146,2,598,183,14,20,1,4,1
147,2,598,183,14,20,1,4,1
148,2,598,184,14,20,1,4,1
149,2,598,184,14,20,1,4,1
150,2,598,185,14,20,1,4,1
151,2,598,186,14,20,1,4,1
152,2,598,187,14,19,1,4,1
153,2,598,188,14,19,1,4,1
154,2,598,189,14,19,1,4,1
155,2,598,190,14,19,1,4,1
156,2,598,191,14,19,1,4,1
157,2,598,192,14,19,1,4,1
158,2,598,193,14,19,1,4,1
159,2,598,194,14,19,1,4,1
160,2,598,195,14,19,1,4,1
161,2,598,196,14,19,1,4,1
162,2,598,197,14,19,1,4,1
163,2,598,199,14,19,1,4,1
164,2,598,201,14,19,1,4,1
165,2,598,202,14,19,1,4,1
166,2,598,204,14,19,1,4,1
167,2,598,206,14,19,1,4,1
168,2,598,207,14,19,1,4,1
169,2,598,209,14,19,1,4,1
170,2,598,211,14,19,1,4,1
171,2,599,213,14,19,1,4,1
172,2,599,214,14,19,1,4,1
173,2,599,216,14,19,1,4,1
174,2,599,217,14,19,1,4,1
175,2,599,219,14,19,1,4,1
176,2,599,221,14,19,1,4,1
177,2,599,222,14,19,1,4,1
178,2,599,224,14,19,1,4,1
179,2,599,225,14,19,1,4,1
180,2,599,227,14,19,1,4,1
181,2,599,229,14,19,1,4,1
182,2,599,230,14,19,1,4,1
183,2,599,232,14,19,1,4,1
184,2,599,234,14,19,1,4,1
185,2,599,235,14,19,1,4,1
186,2,599,237,14,19,1,4,1
187,2,599,239,14,19,1,4,1
188,2,599,240,14,19,1,4,1
189,2,599,242,14,19,1,4,1
190,2,599,244,14,19,1,4,1
191,2,600,246,14,19,1,4,1
192,2,600,247,14,19,1,4,1
193,2,600,249,14,19,1,4,1
194,2,600,250,14,19,1,4,1
195,2,600,252,14,19,1,4,1
196,2,600,254,14,19,1,4,1
197,2,600,255,14,19,1,4,1
198,2,600,257,14,19,1,4,1
199,2,600,258,14,19,1,4,1
200,2,600,260,14,19,1,4,1
201,2,600,262,14,19,1,4,1
202,2,600,263,14,19,1,4,1
203,2,600,265,14,19,1,4,1
204,2,600,267,14,19,1,4,1
205,2,600,268,14,19,1,4,1
206,2,600,270,14,19,1,4,1
207,2,600,272,14,19,1,4,1
208,2,600,273,14,19,1,4,1
209,2,600,275,14,19,1,4,1
210,2,600,277,14,19,1,4,1
211,2,601,279,14,19,1,4,1
212,2,601,280,14,19,1,4,1
213,2,601,282,14,19,1,4,1
214,2,601,283,14,19,1,4,1
215,2,601,285,14,19,1,4,1
216,2,601,286,14,19,1,4,1
217,2,601,288,14,19,1,4,1
218,2,601,289,14,19,1,4,1
219,2,601,291,14,19,1,4,1
220,2,601,292,14,19,1,4,1
221,2,601,294,14,19,1,4,1
222,2,601,295,14,19,1,4,1
223,2,601,297,14,19,1,4,1
224,2,601,298,14,19,1,4,1
225,2,601,300,14,19,1,4,1
226,2,602,301,14,19,1,4,1
227,2,602,303,14,19,1,4,1
228,2,602,304,14,19,1,4,1
229,2,602,306,14,19,1,4,1
230,2,602,307,14,19,1,4,1
231,2,603,309,14,19,1,4,1
232,2,603,310,14,19,1,4,1
233,2,603,312,14,19,1,4,1
234,2,603,313,14,19,1,4,1
235,2,603,315,14,19,1,4,1
236,2,603,316,14,19,1,4,1
237,2,603,318,14,19,1,4,1
238,2,603,319,14,19,1,4,1
239,2,603,321,14,19,1,4,1
240,2,603,322,14,19,1,4,1
241,2,603,324,14,19,1,4,1
242,2,603,325,14,19,1,4,1
243,2,603,326,14,19,1,4,1
244,2,603,327,14,19,1,4,1
245,2,603,328,14,19,1,4,1
246,2,604,330,14,19,1,4,1
247,2,604,331,14,19,1,4,1
248,2,604,332,14,19,1,4,1
249,2,604,333,14,19,1,4,1
250,2,604,334,14,19,1,4,1
251,2,605,336,14,19,1,4,1
252,2,605,336,14,19,1,4,1
253,2,605,337,14,19,1,4,1
254,2,605,338,14,19,1,4,1
255,2,605,338,14,19,1,4,1
256,2,605,339,14,19,1,4,1
257,2,605,340,14,19,1,4,1
258,2,605,340,14,19,1,4,1
259,2,605,341,14,19,1,4,1
260,2,605,342,14,19,1,4,1
261,2,606,343,14,19,1,4,1
262,2,606,343,14,19,1,4,1
263,2,606,343,14,19,1,4,1
264,2,606,343,14,19,1,4,1
265,2,606,343,14,19,1,4,1
266,2,606,344,14,19,1,4,1
267,2,606,344,14,19,1,4,1
268,2,606,344,14,19,1,4,1
269,2,606,344,14,19,1,4,1
270,2,606,344,14,19,1,4,1
271,2,607,345,14,19,1,4,1
272,2,607,345,14,19,1,4,1
273,2,607,345,14,19,1,4,1
274,2,607,345,14,19,1,4,1
275,2,607,346,14,19,1,4,1
276,2,608,346,14,19,1,4,1
277,2,608,346,14,19,1,4,1
278,2,608,347,14,19,1,4,1
279,2,608,347,14,19,1,4,1
280,2,608,347,14,19,1,4,1
281,2,609,348,14,19,1,4,1
282,2,609,348,14,19,1,4,1
283,2,609,348,14,19,1,4,1
284,2,609,348,14,19,1,4,1
285,2,609,349,14,19,1,4,1
286,2,610,349,14,19,1,4,1
287,2,610,349,14,19,1,4,1
288,2,610,350,14,19,1,4,1
289,2,610,350,14,19,1,4,1
290,2,610,350,14,19,1,4,1
291,2,611,351,14,19,1,4,1
292,2,611,351,14,19,1,4,1
293,2,611,351,14,19,1,4,1
294,2,611,351,14,19,1,4,1
295,2,611,351,14,20,1,4,1
296,2,611,351,14,20,1,4,1
297,2,611,351,14,20,1,4,1
298,2,611,351,14,21,1,4,1
299,2,611,351,14,21,1,4,1
300,2,611,351,14,21,1,4,1
301,2,611,352,14,21,1,4,1
302,2,611,352,14,21,1,4,1
303,2,611,352,14,21,1,4,1
304,2,611,353,14,20,1,4,1
305,2,611,353,14,21,1,4,1
306,2,612,354,14,20,1,4,1
307,2,612,354,14,20,1,4,1
308,2,612,354,14,21,1,4,1
309,2,612,355,14,20,1,4,1
310,2,612,355,14,20,1,4,1
311,2,613,356,14,20,1,4,1
312,2,613,356,14,20,1,4,1
313,2,613,356,14,20,1,4,1
314,2,613,356,14,20,1,4,1
315,2,613,357,14,20,1,4,1
316,2,614,357,14,20,1,4,1
317,2,614,357,14,20,1,4,1
318,2,614,358,14,20,1,4,1
319,2,614,358,14,20,1,4,1
320,2,614,358,14,20,1,4,1
321,2,615,359,14,20,1,4,1
322,2,614,359,14,20,1,4,1
323,2,614,359,14,20,1,4,1
324,2,614,359,14,20,1,4,1
325,2,613,360,14,20,1,4,1
326,2,613,360,14,20,1,4,1
327,2,613,360,14,20,1,4,1
328,2,612,361,14,20,1,4,1
329,2,612,361,14,20,1,4,1
330,2,612,361,14,20,1,4,1
331,2,612,362,14,20,1,4,1
332,2,610,362,14,20,1,4,1
333,2,609,362,14,20,1,4,1
334,2,608,362,14,20,1,4,1
335,2,607,362,14,20,1,4,1
336,2,606,363,14,20,1,4,1
337,2,605,363,14,20,1,4,1
338,2,604,363,14,20,1,4,1
339,2,603,363,14,20,1,4,1
340,2,602,363,14,20,1,4,1
341,2,601,364,14,20,1,4,1
342,2,600,364,14,20,1,4,1
343,2,600,365,14,20,1,4,1
344,2,599,365,14,20,1,4,1
345,2,599,366,14,20,1,4,1
346,2,599,366,14,20,1,4,1
347,2,598,367,14,20,1,4,1
348,2,598,367,14,20,1,4,1
349,2,597,368,14,20,1,4,1
350,2,597,368,14,20,1,4,1
351,2,597,369,14,20,1,4,1
352,2,596,369,14,20,1,4,1
353,2,596,370,14,20,1,4,1
354,2,596,370,14,20,1,4,1
355,2,596,371,14,20,1,4,1
356,2,596,371,14,20,1,4,1
357,2,596,372,14,20,1,4,1
358,2,596,372,14,20,1,4,1
359,2,596,373,14,20,1,4,1
360,2,596,373,14,20,1,4,1
361,2,596,374,14,20,1,4,1
362,2,596,374,14,20,1,4,1
363,2,596,375,14,20,1,4,1
364,2,596,375,14,20,1,4,1
365,2,596,376,14,20,1,4,1
366,2,596,376,14,20,1,4,1
367,2,596,377,14,20,1,4,1
368,2,596,377,14,20,1,4,1
369,2,596,378,14,20,1,4,1
370,2,596,378,14,20,1,4,1
371,2,596,379,14,20,1,4,1
372,2,596,379,14,20,1,4,1
373,2,596,379,14,20,1,4,1
374,2,596,379,14,20,1,4,1
375,2,596,379,14,20,1,4,1
376,2,596,380,14,20,1,4,1
377,2,596,380,14,20,1,4,1
378,2,596,380,14,20,1,4,1
379,2,596,380,14,20,1,4,1
380,2,596,380,14,20,1,4,1
381,2,596,381,14,20,1,4,1
382,2,595,382,14,20,1,4,1
383,2,595,383,14,20,1,4,1
384,2,595,385,14,20,1,4,1
76,3,472,510,27,28,1,1,1
77,3,472,506,27,31,1,1,1
78,3,472,502,28,34,1,1,1
79,3,473,498,28,38,1,1,1
80,3,473,494,29,41,1,1,1
81,3,474,491,29,44,1,1,1
82,3,476,487,29,44,1,1,1
83,3,478,483,29,44,1,1,1
84,3,480,480,29,44,1,1,1
85,3,480,477,29,44,1,1,1
86,3,481,474,29,44,1,1,1
87,3,482,471,29,44,1,1,1
88,3,483,468,29,44,1,1,1
89,3,484,464,29,44,1,1,1
90,3,485,461,29,44,1,1,1
91,3,486,457,29,44,1,1,1
92,3,488,454,29,44,1,1,1
93,3,489,451,29,44,1,1,1
94,3,490,448,29,44,1,1,1
95,3,492,446,29,44,1,1,1
96,3,493,444,28,43,1,1,1
97,3,494,443,28,41,1,1,1
98,3,495,442,28,40,1,1,1
99,3,495,439,28,39,1,1,1
100,3,496,436,27,38,1,1,1
101,3,497,434,27,37,1,1,1
102,3,498,432,26,37,1,1,1
103,3,499,430,26,37,1,1,1
104,3,500,428,25,37,1,1,1
105,3,501,426,25,37,1,1,1
106,3,502,424,25,36,1,1,1
107,3,503,422,25,35,1,1,1
108,3,504,420,25,34,1,1,1
109,3,506,418,25,34,1,1,1
110,3,506,416,25,34,1,1,1
111,3,507,414,25,34,1,1,1
112,3,507,412,25,34,1,1,1
113,3,508,410,25,34,1,1,1
114,3,508,407,25,34,1,1,1
115,3,508,405,25,34,1,1,1
116,3,508,403,25,34,1,1,1
117,3,508,401,25,34,1,1,1
118,3,507,399,25,34,1,1,1
119,3,507,397,25,34,1,1,1
120,3,506,395,25,34,1,1,1
121,3,506,393,25,34,1,1,1
122,3,505,391,25,34,1,1,1
123,3,505,389,25,34,1,1,1
124,3,505,387,25,34,1,1,1
125,3,505,386,25,34,1,1,1
126,3,504,384,25,34,1,1,1
127,3,504,382,25,34,1,1,1
128,3,504,380,24,34,1,1,1
129,3,504,379,24,34,1,1,1
130,3,504,376,24,34,1,1,1
131,3,505,374,24,34,1,1,1
132,3,505,372,24,34,1,1,1
133,3,506,370,24,34,1,1,1
134,3,506,369,24,33,1,1,1
135,3,507,368,24,33,1,1,1
136,3,507,367,24,33,1,1,1
137,3,508,367,24,32,1,1,1
138,3,508,365,24,31,1,1,1
139,3,508,364,24,30,1,1,1
140,3,508,362,24,30,1,1,1
141,3,509,361,24,29,1,1,1
142,3,509,359,24,29,1,1,1
143,3,510,357,24,29,1,1,1
144,3,511,355,24,29,1,1,1
145,3,512,353,24,29,1,1,1
146,3,512,352,24,27,1,1,1
147,3,513,351,23,26,1,1,1
148,3,513,350,23,25,1,1,1
149,3,514,349,23,24,1,1,1
150,3,514,347,23,24,1,1,1
151,3,514,346,24,24,1,1,1
152,3,515,344,23,24,1,1,1
153,3,515,343,24,24,1,1,1
154,3,516,342,24,24,1,1,1
155,3,516,340,24,24,1,1,1
156,3,516,339,24,24,1,1,1
157,3,517,338,24,24,1,1,1
158,3,517,337,24,24,1,1,1
159,3,518,336,24,24,1,1,1
160,3,519,335,23,24,1,1,1
161,3,520,334,22,24,1,1,1
162,3,521,333,21,24,1,1,1
163,3,522,333,20,23,1,1,1
164,3,522,332,20,23,1,1,1
165,3,522,332,20,23,1,1,1
166,3,523,331,20,23,1,1,1
167,3,523,331,20,23,1,1,1
168,3,524,331,20,23,1,1,1
169,3,524,330,20,23,1,1,1
170,3,524,330,20,23,1,1,1
171,3,525,329,20,23,1,1,1
172,3,525,329,20,23,1,1,1
173,3,526,329,20,23,1,1,1
174,3,526,328,20,23,1,1,1
175,3,526,328,20,23,1,1,1
176,3,527,328,20,23,1,1,1
177,3,527,327,20,24,1,1,1
178,3,528,327,20,24,1,1,1
179,3,528,327,20,23,1,1,1
180,3,528,326,20,24,1,1,1
181,3,529,326,20,24,1,1,1
182,3,529,326,20,24,1,1,1
183,3,530,326,20,24,1,1,1
184,3,530,325,20,24,1,1,1
185,3,530,325,20,24,1,1,1
186,3,530,325,20,24,1,1,1
187,3,531,324,20,24,1,1,1
188,3,531,324,20,24,1,1,1
189,3,531,324,20,24,1,1,1
190,3,532,323,20,24,1,1,1
191,3,532,323,20,24,1,1,1
192,3,532,323,20,24,1,1,1
193,3,533,323,20,24,1,1,1
194,3,533,322,20,24,1,1,1
195,3,533,322,20,24,1,1,1
196,3,534,322,20,24,1,1,1
197,3,534,321,20,24,1,1,1
198,3,535,321,20,24,1,1,1
199,3,535,321,20,24,1,1,1
200,3,535,320,20,24,1,1,1
201,3,536,320,20,24,1,1,1
202,3,536,320,20,24,1,1,1
203,3,537,320,20,24,1,1,1
204,3,537,320,20,23,1,1,1
205,3,537,320,20,23,1,1,1
206,3,537,321,20,22,1,1,1
207,3,538,321,19,22,1,1,1
208,3,538,322,20,21,1,1,1
209,3,538,322,20,21,1,1,1
210,3,539,322,19,21,1,1,1
211,3,539,323,19,20,1,1,1
212,3,539,323,19,20,1,1,1
213,3,540,324,19,19,1,1,1
214,3,540,323,19,19,1,1,1
215,3,540,323,19,19,1,1,1
216,3,540,323,19,19,1,1,1
217,3,540,323,19,19,1,1,1
218,3,541,323,19,19,1,1,1
219,3,541,322,19,19,1,1,1
220,3,541,322,19,19,1,1,1
221,3,541,322,19,19,1,1,1
222,3,542,322,19,19,1,1,1
223,3,542,321,19,19,1,1,1
224,3,542,321,19,19,1,1,1
225,3,542,321,19,19,1,1,1
226,3,543,321,19,19,1,1,1
227,3,543,320,19,19,1,1,1
228,3,543,320,19,19,1,1,1
229,3,543,320,19,19,1,1,1
230,3,544,320,19,19,1,1,1
231,3,544,320,19,19,1,1,1
232,3,544,320,19,19,1,1,1
233,3,544,320,19,19,1,1,1
234,3,545,320,19,19,1,1,1
235,3,545,320,19,19,1,1,1
236,3,545,320,19,19,1,1,1
237,3,546,320,19,19,1,1,1
238,3,546,320,19,19,1,1,1
239,3,546,320,19,19,1,1,1
240,3,547,320,19,19,1,1,1
241,3,547,319,19,19,1,1,1
242,3,547,319,19,19,1,1,1
243,3,548,319,19,19,1,1,1
244,3,548,319,19,19,1,1,1
245,3,549,319,19,19,1,1,1
246,3,549,319,19,19,1,1,1
247,3,549,319,19,19,1,1,1
248,3,550,319,19,19,1,1,1
249,3,550,319,19,19,1,1,1
250,3,551,319,19,19,1,1,1
251,3,551,318,19,19,1,1,1
252,3,551,317,19,19,1,1,1
253,3,551,317,19,18,1,1,1
254,3,551,316,19,18,1,1,1
255,3,551,316,19,18,1,1,1
256,3,551,315,19,18,1,1,1
257,3,551,314,19,18,1,1,1
258,3,551,314,19,17,1,1,1
259,3,551,313,19,17,1,1,1
260,3,552,313,18,17,1,1,1
261,3,552,311,18,17,1,1,1
262,3,552,310,18,17,1,1,1
263,3,552,309,18,17,1,1,1
264,3,553,308,18,17,1,1,1
265,3,553,307,18,17,1,1,1
266,3,553,306,18,17,1,1,1
267,3,554,305,18,17,1,1,1
268,3,554,304,18,17,1,1,1
269,3,554,303,18,17,1,1,1
270,3,555,302,18,17,1,1,1
271,3,555,301,18,17,1,1,1
272,3,555,300,18,17,1,1,1
273,3,555,299,18,17,1,1,1
274,3,555,298,18,17,1,1,1
275,3,556,297,18,17,1,1,1
276,3,556,296,18,17,1,1,1
277,3,556,295,18,17,1,1,1
278,3,556,294,18,17,1,1,1
279,3,556,293,18,17,1,1,1
280,3,557,292,18,17,1,1,1
281,3,557,291,18,17,1,1,1
282,3,557,290,18,17,1,1,1
283,3,557,289,18,17,1,1,1
284,3,557,288,18,17,1,1,1
285,3,557,287,18,17,1,1,1
286,3,557,286,18,17,1,1,1
287,3,557,285,18,17,1,1,1
288,3,557,284,18,17,1,1,1
289,3,557,283,18,17,1,1,1
290,3,558,282,18,17,1,1,1
291,3,558,281,18,17,1,1,1
292,3,558,280,18,17,1,1,1
293,3,558,279,18,17,1,1,1
294,3,558,278,18,17,1,1,1
295,3,559,277,17,17,1,1,1
296,3,559,276,17,17,1,1,1
297,3,559,275,17,17,1,1,1
298,3,559,274,17,17,1,1,1
299,3,559,273,17,17,1,1,1
300,3,560,273,16,17,1,1,1
301,3,560,272,16,17,1,1,1
302,3,560,271,16,17,1,1,1
303,3,561,270,15,17,1,1,1
304,3,561,270,15,16,1,1,1
305,3,562,269,15,16,1,1,1
306,3,562,269,15,15,1,1,1
307,3,563,268,14,15,1,1,1
308,3,563,267,15,15,1,1,1
309,3,564,267,14,14,1,1,1
310,3,564,266,14,14,1,1,1
311,3,565,266,14,14,1,1,1
312,3,565,265,14,14,1,1,1
313,3,565,264,14,14,1,1,1
314,3,565,263,14,14,1,1,1
315,3,565,262,14,14,1,1,1
316,3,566,261,13,14,1,1,1
317,3,566,260,13,14,1,1,1
318,3,566,259,13,14,1,1,1
319,3,566,258,13,14,1,1,1
320,3,566,257,13,14,1,1,1
321,3,567,256,12,14,1,1,1
322,3,566,255,12,14,1,1,1
323,3,565,254,12,14,1,1,1
324,3,565,253,12,14,1,1,1
325,3,564,253,12,14,1,1,1
326,3,564,252,12,14,1,1,1
327,3,563,251,12,14,1,1,1
328,3,562,251,12,14,1,1,1
329,3,562,250,12,14,1,1,1
330,3,561,249,12,14,1,1,1
331,3,561,249,12,14,1,1,1
332,3,559,248,12,14,1,1,1
333,3,558,247,12,14,1,1,1
334,3,557,246,12,14,1,1,1
335,3,556,245,12,14,1,1,1
336,3,555,245,12,14,1,1,1
337,3,553,244,12,14,1,1,1
338,3,552,243,12,14,1,1,1
339,3,551,242,12,14,1,1,1
340,3,550,241,12,14,1,1,1
341,3,549,241,12,14,1,1,1
342,3,548,240,12,14,1,1,1
343,3,548,239,12,14,1,1,1
344,3,547,238,12,14,1,1,1
345,3,547,238,12,14,1,1,1
346,3,546,237,12,14,1,1,1
347,3,546,236,12,14,1,1,1
348,3,545,236,12,14,1,1,1
349,3,545,235,12,14,1,1,1
350,3,544,234,12,14,1,1,1
351,3,544,234,12,14,1,1,1
352,3,543,233,12,14,1,1,1
353,3,543,233,12,13,1,1,1
354,3,543,232,11,13,1,1,1
355,3,542,232,12,12,1,1,1
356,3,542,231,12,13,1,1,1
357,3,542,231,11,12,1,1,1
358,3,541,230,12,12,1,1,1
359,3,541,230,11,11,1,1,1
360,3,541,229,11,11,1,1,1
361,3,541,229,11,11,1,1,1
362,3,540,228,11,11,1,1,1
363,3,540,228,11,11,1,1,1
364,3,540,227,11,11,1,1,1
365,3,540,227,11,11,1,1,1
366,3,540,226,11,11,1,1,1
367,3,539,226,11,11,1,1,1
368,3,539,225,11,11,1,1,1
369,3,539,225,11,11,1,1,1
370,3,539,224,11,11,1,1,1
371,3,539,224,11,11,1,1,1
372,3,539,223,11,11,1,1,1
373,3,539,223,11,11,1,1,1
374,3,539,222,11,11,1,1,1
375,3,539,222,11,11,1,1,1
376,3,539,221,11,11,1,1,1
377,3,539,221,11,11,1,1,1
378,3,539,220,11,11,1,1,1
379,3,539,220,11,11,1,1,1
380,3,539,219,11,11,1,1,1
381,3,539,219,11,11,1,1,1
382,3,538,218,11,11,1,1,1
383,3,538,217,11,12,1,1,1
384,3,538,216,11,13,1,1,1
11,4,442,491,34,46,3,1,1
12,4,443,486,34,49,3,1,1
13,4,444,482,34,51,3,1,1
14,4,446,478,34,54,3,1,1
15,4,447,472,34,54,3,1,1
16,4,449,467,34,54,3,1,1
17,4,451,462,34,54,3,1,1
18,4,452,457,34,54,3,1,1
19,4,454,453,34,54,3,1,1
20,4,456,449,34,54,3,1,1
21,4,457,444,34,54,3,1,1
22,4,459,440,33,53,3,1,1
23,4,460,436,34,52,3,1,1
24,4,462,432,33,51,3,1,1
25,4,463,428,33,50,3,1,1
26,4,465,424,33,49,3,1,1
27,4,466,420,33,49,3,1,1
28,4,467,417,33,48,3,1,1
29,4,469,414,32,48,3,1,1
30,4,470,410,31,48,3,1,1
31,4,471,407,31,48,3,1,1
32,4,472,404,31,48,3,1,1
33,4,473,401,31,47,3,1,1
34,4,474,398,31,47,3,1,1
35,4,475,395,31,47,3,1,1
36,4,476,392,31,46,3,1,1
37,4,478,389,29,46,3,1,1
38,4,479,386,29,46,3,1,1
39,4,480,383,29,45,3,1,1
40,4,481,380,29,45,3,1,1
41,4,482,377,29,45,3,1,1
42,4,483,374,29,44,3,1,1
43,4,484,371,29,44,3,1,1
44,4,486,368,28,44,3,1,1
45,4,488,364,28,44,3,1,1
46,4,490,361,28,44,3,1,1
47,4,492,358,28,44,3,1,1
48,4,492,355,28,44,3,1,1
49,4,493,352,28,44,3,1,1
50,4,494,350,28,44,3,1,1
51,4,495,348,27,42,3,1,1
52,4,496,347,27,40,3,1,1
53,4,497,346,27,38,3,1,1
54,4,498,343,26,38,3,1,1
55,4,499,341,26,38,3,1,1
56,4,500,338,26,38,3,1,1
57,4,501,336,25,38,3,1,1
58,4,502,333,25,38,3,1,1
59,4,503,331,25,38,3,1,1
60,4,505,329,24,38,3,1,1
61,4,505,328,24,37,3,1,1
62,4,506,327,24,36,3,1,1
63,4,506,326,24,35,3,1,1
64,4,507,326,24,34,3,1,1
65,4,508,323,24,34,3,1,1
66,4,509,321,24,34,3,1,1
67,4,510,319,24,34,3,1,1
68,4,511,317,24,34,3,1,1
69,4,511,315,24,34,3,1,1
70,4,512,313,24,34,3,1,1
71,4,513,311,24,34,3,1,1
72,4,514,309,24,34,3,1,1
73,4,514,307,24,34,3,1,1
74,4,515,305,24,34,3,1,1
75,4,516,303,24,34,3,1,1
76,4,517,301,24,34,3,1,1
77,4,517,299,24,34,3,1,1
78,4,517,298,24,34,3,1,1
79,4,518,297,24,34,3,1,1
80,4,518,296,24,34,3,1,1
81,4,519,295,24,34,3,1,1
82,4,519,293,24,34,3,1,1
83,4,520,291,24,34,3,1,1
84,4,521,290,24,34,3,1,1
85,4,522,289,23,33,3,1,1
86,4,523,288,23,32,3,1,1
87,4,524,287,23,31,3,1,1
88,4,525,287,23,29,3,1,1
89,4,525,285,23,29,3,1,1
90,4,526,284,23,29,3,1,1
91,4,527,283,23,28,3,1,1
92,4,528,282,23,28,3,1,1
93,4,528,280,23,28,3,1,1
94,4,528,279,24,27,3,1,1
95,4,529,278,24,26,3,1,1
96,4,529,277,24,26,3,1,1
97,4,529,276,24,26,3,1,1
98,4,530,276,24,26,3,1,1
99,4,530,275,24,26,3,1,1
100,4,531,274,24,26,3,1,1
101,4,532,273,24,26,3,1,1
102,4,533,272,24,25,3,1,1
103,4,534,271,24,25,3,1,1
104,4,535,270,24,24,3,1,1
105,4,537,269,24,24,3,1,1
106,4,537,268,24,24,3,1,1
107,4,538,267,23,25,3,1,1
108,4,538,266,23,25,3,1,1
109,4,539,265,22,26,3,1,1
110,4,539,264,21,25,3,1,1
111,4,540,263,20,25,3,1,1
112,4,540,262,19,24,3,1,1
113,4,541,261,18,24,3,1,1
114,4,540,260,18,24,3,1,1
115,4,540,259,17,24,3,1,1
116,4,540,258,16,24,3,1,1
117,4,540,258,16,24,3,1,1
118,4,539,257,16,24,3,1,1
119,4,538,256,16,24,3,1,1
120,4,537,255,16,24,3,1,1
121,4,537,255,16,24,3,1,1
122,4,536,254,16,24,3,1,1
123,4,535,253,16,24,3,1,1
124,4,534,252,16,24,3,1,1
125,4,533,252,16,24,3,1,1
126,4,532,251,16,24,3,1,1
127,4,532,250,15,24,3,1,1
128,4,531,249,15,24,3,1,1
129,4,531,248,14,24,3,1,1
130,4,531,247,14,24,3,1,1
131,4,531,246,14,24,3,1,1
132,4,531,245,14,24,3,1,1
133,4,531,244,15,24,3,1,1
134,4,531,243,15,24,3,1,1
135,4,531,243,15,24,3,1,1
136,4,531,242,15,24,3,1,1
137,4,532,242,14,24,3,1,1
138,4,531,241,16,23,3,1,1
139,4,531,240,17,23,3,1,1
140,4,531,239,18,23,3,1,1
141,4,531,239,19,22,3,1,1
142,4,531,238,19,22,3,1,1
143,4,531,237,19,23,3,1,1
144,4,531,236,19,23,3,1,1
145,4,532,235,19,24,3,1,1
146,4,532,234,19,24,3,1,1
147,4,532,233,19,24,3,1,1
148,4,532,232,19,24,3,1,1
149,4,533,232,19,24,3,1,1
150,4,533,231,19,24,3,1,1
151,4,533,230,19,24,3,1,1
152,4,533,229,19,24,3,1,1
153,4,533,228,19,24,3,1,1
154,4,534,228,19,24,3,1,1
155,4,534,227,19,24,3,1,1
156,4,534,226,19,24,3,1,1
157,4,534,226,19,24,3,1,1
158,4,534,225,19,24,3,1,1
159,4,535,225,19,24,3,1,1
160,4,535,224,19,24,3,1,1
161,4,536,224,19,24,3,1,1
162,4,536,224,19,24,3,1,1
163,4,537,224,19,24,3,1,1
164,4,537,224,19,24,3,1,1
165,4,537,224,19,24,3,1,1
166,4,537,224,19,24,3,1,1
167,4,538,224,19,24,3,1,1
168,4,538,224,19,24,3,1,1
169,4,538,224,19,24,3,1,1
170,4,539,224,19,24,3,1,1
171,4,539,224,19,24,3,1,1
172,4,539,224,19,24,3,1,1
173,4,540,225,19,24,3,1,1
174,4,540,226,18,23,3,1,1
175,4,540,227,18,22,3,1,1
176,4,540,228,18,21,3,1,1
177,4,540,229,17,20,3,1,1
178,4,541,230,16,20,3,1,1
179,4,541,231,16,19,3,1,1
180,4,541,232,15,18,3,1,1
181,4,541,233,15,17,3,1,1
182,4,541,234,15,16,3,1,1
183,4,542,236,14,15,3,1,1
184,4,542,236,14,15,3,1,1
185,4,542,236,14,15,3,1,1
186,4,542,236,14,15,3,1,1
187,4,542,237,14,14,3,1,1
188,4,543,237,14,15,3,1,1
189,4,543,237,14,15,3,1,1
190,4,543,238,14,14,3,1,1
191,4,543,238,14,14,3,1,1
192,4,543,238,14,14,3,1,1
193,4,544,239,14,14,3,1,1
194,4,544,239,14,14,3,1,1
195,4,544,240,14,14,3,1,1
196,4,544,240,14,14,3,1,1
197,4,544,241,14,14,3,1,1
198,4,545,242,14,14,3,1,1
199,4,545,242,14,14,3,1,1
200,4,545,243,14,14,3,1,1
201,4,545,243,14,14,3,1,1
202,4,545,244,14,14,3,1,1
203,4,546,245,14,14,3,1,1
204,4,546,245,14,14,3,1,1
205,4,546,245,14,14,3,1,1
206,4,546,245,14,14,3,1,1
207,4,546,245,14,14,3,1,1
208,4,546,246,14,14,3,1,1
209,4,546,246,14,14,3,1,1
210,4,546,246,14,14,3,1,1
211,4,546,246,14,14,3,1,1
212,4,546,246,14,14,3,1,1
213,4,547,247,14,14,3,1,1
214,4,547,247,14,14,3,1,1
215,4,547,248,14,14,3,1,1
216,4,548,249,14,14,3,1,1
217,4,548,250,14,14,3,1,1
218,4,549,251,14,14,3,1,1
219,4,549,251,14,14,3,1,1
220,4,549,251,14,14,3,1,1
221,4,549,251,14,14,3,1,1
222,4,549,252,14,14,3,1,1
223,4,549,252,14,14,3,1,1
224,4,549,252,14,14,3,1,1
225,4,549,252,14,14,3,1,1
226,4,549,253,14,14,3,1,1
227,4,549,253,14,14,3,1,1
228,4,549,253,14,14,3,1,1
229,4,549,253,14,14,3,1,1
230,4,550,254,14,14,3,1,1
231,4,550,254,14,14,3,1,1
232,4,550,255,14,14,3,1,1
233,4,550,255,14,14,3,1,1
234,4,550,256,14,14,3,1,1
235,4,550,256,14,14,3,1,1
236,4,550,257,14,14,3,1,1
237,4,550,257,14,14,3,1,1
238,4,550,258,14,14,3,1,1
239,4,550,258,14,14,3,1,1
240,4,551,259,14,14,3,1,1
241,4,551,259,14,14,3,1,1
242,4,551,259,14,14,3,1,1
243,4,551,259,14,14,3,1,1
244,4,551,260,14,14,3,1,1
245,4,551,260,14,14,3,1,1
246,4,551,260,14,14,3,1,1
247,4,551,261,14,14,3,1,1
248,4,551,261,14,14,3,1,1
249,4,551,261,14,14,3,1,1
250,4,552,262,14,14,3,1,1
251,4,552,261,14,14,3,1,1
252,4,552,261,14,14,3,1,1
253,4,552,260,14,14,3,1,1
254,4,552,260,14,14,3,1,1
255,4,553,259,14,14,3,1,1
256,4,553,259,14,14,3,1,1
257,4,553,258,14,14,3,1,1
258,4,553,258,14,14,3,1,1
259,4,553,257,14,14,3,1,1
260,4,554,257,14,14,3,1,1
261,4,554,256,14,14,3,1,1
262,4,554,255,14,14,3,1,1
263,4,554,254,14,14,3,1,1
264,4,554,254,14,14,3,1,1
265,4,554,253,14,14,3,1,1
266,4,554,252,14,14,3,1,1
267,4,554,252,14,14,3,1,1
268,4,554,251,14,14,3,1,1
269,4,554,250,14,14,3,1,1
270,4,555,250,14,14,3,1,1
271,4,555,249,14,14,3,1,1
272,4,555,248,14,14,3,1,1
273,4,555,248,14,14,3,1,1
274,4,555,247,14,14,3,1,1
275,4,556,247,14,14,3,1,1
276,4,556,246,14,14,3,1,1
277,4,556,245,14,14,3,1,1
278,4,556,245,14,14,3,1,1
279,4,556,244,14,14,3,1,1
280,4,557,244,14,14,3,1,1
281,4,557,243,14,14,3,1,1
282,4,557,242,14,14,3,1,1
283,4,557,241,14,14,3,1,1
284,4,557,240,14,14,3,1,1
285,4,557,240,14,14,3,1,1
286,4,557,239,14,14,3,1,1
287,4,557,238,14,14,3,1,1
288,4,557,237,14,14,3,1,1
289,4,557,236,14,14,3,1,1
290,4,558,236,14,14,3,1,1
291,4,558,235,14,14,3,1,1
292,4,558,234,14,14,3,1,1
293,4,558,234,14,14,3,1,1
294,4,558,233,14,14,3,1,1
295,4,558,233,14,14,3,1,1
296,4,558,232,14,14,3,1,1
297,4,558,231,14,14,3,1,1
298,4,558,231,14,14,3,1,1
299,4,558,230,14,14,3,1,1
300,4,559,230,14,14,3,1,1
301,4,559,229,14,14,3,1,1
302,4,559,228,13,14,3,1,1
303,4,559,227,13,14,3,1,1
304,4,559,226,13,14,3,1,1
305,4,559,226,13,14,3,1,1
306,4,559,225,13,14,3,1,1
307,4,559,224,13,14,3,1,1
308,4,559,224,13,14,3,1,1
309,4,559,223,13,14,3,1,1
310,4,559,222,13,14,3,1,1
311,4,560,222,12,14,3,1,1
312,4,560,221,12,14,3,1,1
313,4,560,220,12,14,3,1,1
314,4,560,219,12,14,3,1,1
315,4,560,219,12,14,3,1,1
316,4,561,218,12,14,3,1,1
317,4,561,217,12,14,3,1,1
318,4,561,217,12,14,3,1,1
319,4,561,216,12,14,3,1,1
320,4,561,215,12,14,3,1,1
321,4,562,215,12,14,3,1,1
322,4,561,214,12,14,3,1,1
323,4,561,214,12,14,3,1,1
324,4,560,214,12,14,3,1,1
325,4,560,213,12,14,3,1,1
326,4,560,213,12,14,3,1,1
327,4,559,213,12,14,3,1,1
328,4,559,212,12,14,3,1,1
329,4,558,212,12,14,3,1,1
330,4,558,212,12,14,3,1,1
331,4,558,212,12,14,3,1,1
332,4,556,211,13,14,3,1,1
333,4,555,211,13,14,3,1,1
334,4,554,210,13,14,3,1,1
335,4,553,210,13,14,3,1,1
336,4,552,209,13,14,3,1,1
337,4,550,209,14,14,3,1,1
338,4,549,208,14,14,3,1,1
339,4,548,208,14,14,3,1,1
340,4,547,207,14,14,3,1,1
341,4,546,207,14,14,3,1,1
342,4,545,206,14,14,3,1,1
343,4,544,206,14,13,3,1,1
344,4,543,205,14,14,3,1,1
345,4,543,205,13,13,3,1,1
346,4,542,204,13,14,3,1,1
347,4,541,204,13,13,3,1,1
348,4,541,203,12,13,3,1,1
349,4,540,203,12,13,3,1,1
350,4,539,202,12,13,3,1,1
351,4,539,202,11,13,3,1,1
352,4,538,201,12,13,3,1,1
353,4,538,201,12,13,3,1,1
354,4,538,201,12,13,3,1,1
355,4,538,200,12,13,3,1,1
356,4,538,200,12,13,3,1,1
357,4,537,200,13,13,3,1,1
358,4,537,199,13,13,3,1,1
359,4,537,199,13,13,3,1,1
360,4,537,199,13,13,3,1,1
361,4,537,199,13,13,3,1,1
362,4,537,198,12,13,3,1,1
363,4,537,198,12,12,3,1,1
364,4,537,197,11,13,3,1,1
365,4,537,197,11,12,3,1,1
366,4,537,196,11,13,3,1,1
367,4,537,196,10,12,3,1,1
368,4,537,195,10,12,3,1,1
369,4,537,195,9,12,3,1,1
370,4,537,194,9,12,3,1,1
371,4,537,194,9,12,3,1,1
372,4,536,193,9,12,3,1,1
373,4,536,193,9,12,3,1,1
374,4,536,193,9,12,3,1,1
375,4,536,193,9,12,3,1,1
376,4,536,193,9,12,3,1,1
377,4,535,192,9,12,3,1,1
378,4,535,192,9,12,3,1,1
379,4,535,192,9,12,3,1,1
380,4,535,192,9,12,3,1,1
381,4,535,192,9,12,3,1,1
382,4,535,191,9,12,3,1,1
383,4,535,190,9,12,3,1,1
384,4,535,189,9,12,3,1,1
1,5,510,306,15,26,1,1,1
2,5,512,304,16,25,1,1,1
3,5,515,302,16,25,1,1,1
4,5,518,301,16,24,1,1,1
5,5,519,299,16,24,1,1,1
6,5,521,297,16,24,1,1,1
7,5,522,295,17,24,1,1,1
8,5,524,293,17,24,1,1,1
9,5,526,292,17,24,1,1,1
10,5,527,289,17,25,1,1,1
11,5,528,287,17,25,1,1,1
12,5,530,285,16,25,1,1,1
13,5,531,283,16,25,1,1,1
14,5,533,281,16,26,1,1,1
15,5,534,279,16,26,1,1,1
16,5,535,277,16,26,1,1,1
17,5,536,276,16,26,1,1,1
18,5,536,274,16,25,1,1,1
19,5,537,272,16,24,1,1,1
20,5,538,270,16,24,1,1,1
21,5,539,268,15,24,1,1,1
22,5,540,266,15,24,1,1,1
23,5,541,265,15,24,1,1,1
24,5,542,263,14,24,1,1,1
25,5,543,261,14,24,1,1,1
26,5,544,260,14,24,1,1,1
27,5,544,258,14,24,1,1,1
28,5,545,256,14,24,1,1,1
29,5,546,255,14,24,1,1,1
30,5,546,253,14,24,1,1,1
31,5,547,252,14,24,1,1,1
32,5,547,251,14,24,1,1,1
33,5,548,249,14,24,1,1,1
34,5,548,248,14,24,1,1,1
35,5,549,247,14,24,1,1,1
36,5,549,246,14,24,1,1,1
37,5,550,244,14,24,1,1,1
38,5,550,243,14,24,1,1,1
39,5,551,242,14,24,1,1,1
40,5,551,241,14,24,1,1,1
41,5,552,239,14,24,1,1,1
42,5,552,238,14,24,1,1,1
43,5,553,237,14,24,1,1,1
44,5,554,236,14,24,1,1,1
45,5,554,235,14,24,1,1,1
46,5,554,234,14,24,1,1,1
47,5,555,233,14,24,1,1,1
48,5,555,232,14,24,1,1,1
49,5,556,231,14,24,1,1,1
50,5,557,231,14,24,1,1,1
51,5,557,230,14,24,1,1,1
52,5,557,229,14,24,1,1,1
53,5,558,229,14,24,1,1,1
54,5,558,228,14,24,1,1,1
55,5,558,227,14,24,1,1,1
56,5,559,226,14,24,1,1,1
57,5,559,226,14,24,1,1,1
58,5,560,225,14,24,1,1,1
59,5,560,224,14,24,1,1,1
60,5,561,224,14,24,1,1,1
61,5,561,223,14,24,1,1,1
62,5,562,223,14,24,1,1,1
63,5,562,222,14,24,1,1,1
64,5,563,222,14,24,1,1,1
65,5,563,221,14,23,1,1,1
66,5,563,221,14,22,1,1,1
67,5,563,220,14,22,1,1,1
68,5,564,220,14,21,1,1,1
69,5,564,219,14,21,1,1,1
70,5,565,219,14,21,1,1,1
71,5,565,218,14,21,1,1,1
72,5,566,218,14,21,1,1,1
73,5,566,217,14,22,1,1,1
74,5,566,217,14,22,1,1,1
75,5,566,216,14,23,1,1,1
76,5,567,216,14,23,1,1,1
77,5,567,215,14,23,1,1,1
78,5,568,214,14,23,1,1,1
79,5,569,213,14,23,1,1,1
80,5,569,212,14,23,1,1,1
81,5,569,212,14,23,1,1,1
82,5,569,211,14,23,1,1,1
83,5,569,211,14,23,1,1,1
84,5,570,211,14,23,1,1,1
85,5,570,210,14,23,1,1,1
86,5,571,210,14,23,1,1,1
87,5,571,210,14,23,1,1,1
88,5,572,210,14,23,1,1,1
89,5,572,209,14,23,1,1,1
90,5,572,209,14,23,1,1,1
91,5,572,208,14,24,1,1,1
92,5,573,208,14,24,1,1,1
93,5,573,208,14,23,1,1,1
94,5,573,208,14,22,1,1,1
95,5,574,209,13,20,1,1,1
96,5,574,208,13,20,1,1,1
97,5,574,208,13,20,1,1,1
98,5,575,208,13,20,1,1,1
99,5,575,208,13,20,1,1,1
100,5,575,208,14,20,1,1,1
101,5,576,208,14,20,1,1,1
102,5,576,207,14,21,1,1,1
103,5,576,207,14,21,1,1,1
104,5,576,207,14,21,1,1,1
105,5,577,207,14,22,1,1,1
106,5,577,206,14,23,1,1,1
107,5,577,206,14,23,1,1,1
108,5,577,206,14,23,1,1,1
109,5,578,206,14,23,1,1,1
110,5,578,206,14,22,1,1,1
111,5,578,206,14,21,1,1,1
112,5,578,206,14,20,1,1,1
113,5,578,206,14,20,1,1,1
114,5,577,205,14,20,1,1,1
115,5,576,205,14,20,1,1,1
116,5,575,205,14,20,1,1,1
117,5,575,205,14,20,1,1,1
118,5,574,205,14,20,1,1,1
119,5,573,205,14,20,1,1,1
120,5,572,205,14,20,1,1,1
121,5,571,205,14,20,1,1,1
122,5,569,204,14,20,1,1,1
123,5,568,204,14,20,1,1,1
124,5,567,203,14,20,1,1,1
125,5,566,203,14,20,1,1,1
126,5,565,202,14,20,1,1,1
127,5,564,202,14,20,1,1,1
128,5,563,201,14,20,1,1,1
129,5,562,201,14,20,1,1,1
130,5,562,200,14,20,1,1,1
131,5,562,200,14,20,1,1,1
132,5,562,200,14,20,1,1,1
133,5,563,200,14,20,1,1,1
134,5,563,199,14,20,1,1,1
135,5,563,199,14,20,1,1,1
136,5,563,199,14,20,1,1,1
137,5,563,199,14,20,1,1,1
138,5,563,198,14,21,1,1,1
139,5,563,198,14,21,1,1,1
140,5,563,198,14,21,1,1,1
141,5,563,198,14,22,1,1,1
142,5,563,197,14,23,1,1,1
143,5,563,197,14,23,1,1,1
144,5,563,197,14,23,1,1,1
145,5,564,197,14,24,1,1,1
146,5,564,197,14,23,1,1,1
147,5,564,197,14,23,1,1,1
148,5,564,197,14,23,1,1,1
149,5,565,197,13,23,1,1,1
150,5,565,196,13,23,1,1,1
151,5,565,196,13,22,1,1,1
152,5,565,196,13,21,1,1,1
153,5,565,196,13,20,1,1,1
154,5,566,196,12,20,1,1,1
155,5,566,195,12,20,1,1,1
156,5,566,195,12,20,1,1,1
157,5,566,195,13,20,1,1,1
158,5,566,195,13,20,1,1,1
159,5,566,195,14,20,1,1,1
160,5,566,195,14,21,1,1,1
161,5,566,196,14,21,1,1,1
162,5,566,196,14,22,1,1,1
163,5,566,197,14,22,1,1,1
164,5,566,197,14,22,1,1,1
165,5,566,198,14,22,1,1,1
166,5,566,198,14,22,1,1,1
167,5,566,199,14,22,1,1,1
168,5,566,199,14,22,1,1,1
169,5,566,200,14,22,1,1,1
170,5,566,200,14,22,1,1,1
171,5,566,201,14,22,1,1,1
172,5,566,201,14,22,1,1,1
173,5,567,202,14,22,1,1,1
174,5,567,203,14,21,1,1,1
175,5,567,204,14,21,1,1,1
176,5,567,205,14,20,1,1,1
177,5,567,206,14,20,1,1,1
178,5,567,207,14,19,1,1,1
179,5,567,208,14,19,1,1,1
180,5,567,209,14,18,1,1,1
181,5,567,210,14,18,1,1,1
182,5,567,211,14,17,1,1,1
183,5,568,212,14,17,1,1,1
184,5,568,212,14,17,1,1,1
185,5,568,213,14,17,1,1,1
186,5,568,214,14,16,1,1,1
187,5,568,215,14,16,1,1,1
188,5,568,216,14,15,1,1,1
189,5,568,216,14,16,1,1,1
190,5,568,217,14,15,1,1,1
191,5,568,218,14,15,1,1,1
192,5,568,219,14,14,1,1,1
193,5,569,220,14,14,1,1,1
194,5,569,221,14,14,1,1,1
195,5,569,222,14,14,1,1,1
196,5,569,223,14,14,1,1,1
197,5,569,224,14,14,1,1,1
198,5,569,225,14,14,1,1,1
199,5,569,226,14,14,1,1,1
200,5,569,227,14,14,1,1,1
201,5,569,228,14,14,1,1,1
202,5,569,229,14,14,1,1,1
203,5,570,230,14,14,1,1,1
204,5,570,230,14,14,1,1,1
205,5,570,231,14,14,1,1,1
206,5,570,231,14,15,1,1,1
207,5,570,232,14,15,1,1,1
208,5,570,232,14,16,1,1,1
209,5,570,233,14,15,1,1,1
210,5,570,233,14,16,1,1,1
211,5,570,234,14,16,1,1,1
212,5,570,234,14,17,1,1,1
213,5,571,235,14,17,1,1,1
214,5,571,236,14,17,1,1,1
215,5,571,237,14,17,1,1,1
216,5,571,238,14,17,1,1,1
217,5,571,239,14,17,1,1,1
218,5,572,240,14,17,1,1,1
219,5,572,240,14,17,1,1,1
220,5,572,241,14,17,1,1,1
221,5,572,241,14,17,1,1,1
222,5,572,242,14,17,1,1,1
223,5,572,242,14,17,1,1,1
224,5,572,243,14,17,1,1,1
225,5,572,243,14,17,1,1,1
226,5,572,244,14,17,1,1,1
227,5,572,244,14,17,1,1,1
228,5,572,245,14,17,1,1,1
229,5,572,245,14,17,1,1,1
230,5,573,246,14,17,1,1,1
231,5,573,246,14,17,1,1,1
232,5,573,247,14,17,1,1,1
233,5,573,248,14,17,1,1,1
234,5,573,248,14,17,1,1,1
235,5,573,249,14,17,1,1,1
236,5,573,250,14,17,1,1,1
237,5,573,250,14,17,1,1,1
238,5,573,251,14,17,1,1,1
239,5,573,252,14,17,1,1,1
240,5,574,253,14,17,1,1,1
241,5,574,253,14,17,1,1,1
242,5,574,254,14,16,1,1,1
243,5,574,254,14,17,1,1,1
244,5,574,255,14,16,1,1,1
245,5,574,256,14,16,1,1,1
246,5,574,256,14,16,1,1,1
247,5,574,257,14,15,1,1,1
248,5,574,257,14,16,1,1,1
249,5,574,258,14,15,1,1,1
250,5,575,259,14,15,1,1,1
251,5,575,258,14,15,1,1,1
252,5,575,258,14,15,1,1,1
253,5,575,258,14,15,1,1,1
254,5,575,258,14,15,1,1,1
255,5,575,258,14,15,1,1,1
256,5,575,258,14,15,1,1,1
257,5,575,258,14,15,1,1,1
258,5,575,258,14,15,1,1,1
259,5,575,258,14,15,1,1,1
260,5,576,258,14,15,1,1,1
261,5,576,257,14,15,1,1,1
262,5,576,257,14,15,1,1,1
263,5,576,256,14,15,1,1,1
264,5,576,256,14,15,1,1,1
265,5,576,255,14,15,1,1,1
266,5,576,255,14,15,1,1,1
267,5,576,254,14,15,1,1,1
268,5,576,254,14,15,1,1,1
269,5,576,253,14,15,1,1,1
270,5,577,253,14,15,1,1,1
271,5,577,252,14,15,1,1,1
272,5,577,251,14,15,1,1,1
273,5,577,251,14,15,1,1,1
274,5,577,250,14,15,1,1,1
275,5,577,250,14,15,1,1,1
276,5,577,249,14,15,1,1,1
277,5,577,248,14,15,1,1,1
278,5,577,248,14,15,1,1,1
279,5,577,247,14,15,1,1,1
280,5,577,247,14,15,1,1,1
281,5,577,246,14,15,1,1,1
282,5,577,246,14,15,1,1,1
283,5,577,245,14,15,1,1,1
284,5,577,245,14,15,1,1,1
285,5,577,245,14,14,1,1,1
286,5,577,244,14,15,1,1,1
287,5,577,244,14,14,1,1,1
288,5,577,243,14,15,1,1,1
289,5,577,243,14,14,1,1,1
290,5,577,243,14,14,1,1,1
291,5,577,242,14,14,1,1,1
292,5,577,242,14,14,1,1,1
293,5,577,241,14,14,1,1,1
294,5,577,241,14,14,1,1,1
295,5,578,240,14,14,1,1,1
296,5,578,240,14,14,1,1,1
297,5,578,239,14,14,1,1,1
298,5,578,239,14,14,1,1,1
299,5,578,238,14,14,1,1,1
300,5,579,238,14,14,1,1,1
301,5,579,237,14,14,1,1,1
302,5,579,236,13,14,1,1,1
303,5,579,236,13,14,1,1,1
304,5,579,235,13,14,1,1,1
305,5,580,235,12,14,1,1,1
306,5,580,235,12,13,1,1,1
307,5,580,234,12,14,1,1,1
308,5,581,234,11,13,1,1,1
309,5,581,233,11,14,1,1,1
310,5,581,233,11,13,1,1,1
311,5,582,233,10,13,1,1,1
312,5,582,232,10,13,1,1,1
313,5,582,232,10,13,1,1,1
314,5,582,231,10,13,1,1,1
315,5,582,231,10,13,1,1,1
316,5,582,231,10,13,1,1,1
317,5,582,230,10,13,1,1,1
318,5,582,230,10,13,1,1,1
319,5,582,229,10,13,1,1,1
320,5,582,229,10,13,1,1,1
321,5,582,229,10,13,1,1,1
322,5,581,228,10,13,1,1,1
323,5,581,228,10,13,1,1,1
324,5,580,227,11,13,1,1,1
325,5,580,227,10,13,1,1,1
326,5,579,226,11,14,1,1,1
327,5,579,226,11,13,1,1,1
328,5,578,225,11,14,1,1,1
329,5,578,225,11,13,1,1,1
330,5,577,224,12,14,1,1,1
331,5,577,224,12,14,1,1,1
332,5,575,223,12,14,1,1,1
333,5,574,223,12,13,1,1,1
334,5,573,222,11,14,1,1,1
335,5,571,222,12,13,1,1,1
336,5,570,221,12,14,1,1,1
337,5,569,221,11,13,1,1,1
338,5,567,220,12,13,1,1,1
339,5,566,220,11,13,1,1,1
340,5,565,219,11,13,1,1,1
341,5,564,219,11,13,1,1,1
342,5,563,218,11,13,1,1,1
343,5,563,218,10,13,1,1,1
344,5,562,218,11,13,1,1,1
345,5,562,217,10,14,1,1,1
346,5,561,217,11,14,1,1,1
347,5,561,217,10,13,1,1,1
348,5,560,216,10,14,1,1,1
349,5,560,216,10,14,1,1,1
350,5,559,216,10,14,1,1,1
351,5,559,216,10,14,1,1,1
352,5,558,215,10,14,1,1,1
353,5,558,215,10,14,1,1,1
354,5,558,215,10,14,1,1,1
355,5,557,214,10,14,1,1,1
356,5,557,214,10,14,1,1,1
357,5,557,214,10,14,1,1,1
358,5,556,213,10,14,1,1,1
359,5,556,213,10,14,1,1,1
360,5,556,213,10,14,1,1,1
361,5,556,213,10,14,1,1,1
362,5,555,212,10,14,1,1,1
363,5,555,212,10,14,1,1,1
364,5,555,211,10,14,1,1,1
365,5,555,211,10,14,1,1,1
366,5,555,211,10,14,1,1,1
367,5,554,210,10,14,1,1,1
368,5,554,210,10,14,1,1,1
369,5,554,209,10,14,1,1,1
370,5,554,209,10,14,1,1,1
371,5,554,209,10,14,1,1,1
372,5,553,208,10,14,1,1,1
373,5,553,208,10,14,1,1,1
374,5,553,208,10,14,1,1,1
375,5,553,207,10,14,1,1,1
376,5,553,207,10,14,1,1,1
377,5,553,207,10,14,1,1,1
378,5,553,206,10,14,1,1,1
379,5,553,206,10,14,1,1,1
380,5,553,206,10,14,1,1,1
381,5,553,206,10,14,1,1,1
382,5,552,205,10,14,1,1,1
383,5,552,205,10,14,1,1,1
384,5,552,205,10,14,1,1,1
1,6,526,246,15,24,1,1,1
2,6,529,244,15,24,1,1,1
3,6,532,243,15,24,1,1,1
4,6,535,242,15,24,1,1,1
5,6,536,240,15,24,1,1,1
6,6,538,238,15,24,1,1,1
7,6,539,237,16,24,1,1,1
8,6,541,235,16,24,1,1,1
9,6,543,234,16,24,1,1,1
10,6,544,232,16,24,1,1,1
11,6,545,230,16,24,1,1,1
12,6,546,229,16,24,1,1,1
13,6,547,227,16,24,1,1,1
14,6,548,226,16,24,1,1,1
15,6,549,224,15,24,1,1,1
16,6,550,223,15,24,1,1,1
17,6,552,222,14,24,1,1,1
18,6,552,221,14,24,1,1,1
19,6,553,220,14,24,1,1,1
20,6,554,219,14,24,1,1,1
21,6,554,217,15,24,1,1,1
22,6,555,215,15,24,1,1,1
23,6,555,213,16,24,1,1,1
24,6,556,211,16,24,1,1,1
25,6,556,209,17,24,1,1,1
26,6,557,208,17,23,1,1,1
27,6,557,207,17,23,1,1,1
28,6,558,206,17,23,1,1,1
29,6,559,205,17,24,1,1,1
30,6,559,204,17,23,1,1,1
31,6,560,203,16,23,1,1,1
32,6,560,202,16,22,1,1,1
33,6,561,201,15,22,1,1,1
34,6,561,200,15,22,1,1,1
35,6,562,199,14,21,1,1,1
36,6,562,198,14,21,1,1,1
37,6,563,198,14,20,1,1,1
38,6,563,197,14,20,1,1,1
39,6,563,196,14,20,1,1,1
40,6,564,196,14,20,1,1,1
41,6,564,195,14,20,1,1,1
42,6,565,195,14,20,1,1,1
43,6,565,194,14,20,1,1,1
44,6,566,194,14,20,1,1,1
45,6,566,193,14,20,1,1,1
46,6,566,192,14,20,1,1,1
47,6,567,191,14,20,1,1,1
48,6,567,190,14,20,1,1,1
49,6,567,190,14,20,1,1,1
50,6,568,189,14,20,1,1,1
51,6,568,189,14,20,1,1,1
52,6,568,188,14,20,1,1,1
53,6,569,188,14,20,1,1,1
54,6,569,187,14,20,1,1,1
55,6,569,187,14,20,1,1,1
56,6,570,187,14,20,1,1,1
57,6,570,186,14,20,1,1,1
58,6,571,186,14,20,1,1,1
59,6,571,186,14,20,1,1,1
60,6,572,186,14,20,1,1,1
61,6,572,185,14,20,1,1,1
62,6,572,185,14,20,1,1,1
63,6,572,184,14,20,1,1,1
64,6,573,184,14,20,1,1,1
65,6,573,183,14,20,1,1,1
66,6,574,183,14,20,1,1,1
67,6,574,182,14,20,1,1,1
68,6,575,182,14,20,1,1,1
69,6,575,181,14,20,1,1,1
70,6,575,181,14,20,1,1,1
71,6,575,180,14,20,1,1,1
72,6,576,180,14,20,1,1,1
73,6,576,179,14,20,1,1,1
74,6,576,179,14,20,1,1,1
75,6,576,179,14,20,1,1,1
76,6,576,179,14,20,1,1,1
77,6,576,178,14,20,1,1,1
78,6,576,178,15,20,1,1,1
79,6,577,178,15,20,1,1,1
80,6,577,178,15,19,1,1,1
81,6,577,178,16,18,1,1,1
82,6,578,178,15,17,1,1,1
83,6,578,178,16,16,1,1,1
84,6,579,178,16,16,1,1,1
85,6,579,177,16,16,1,1,1
86,6,579,177,16,16,1,1,1
87,6,579,177,16,16,1,1,1
88,6,580,177,15,16,1,1,1
89,6,580,177,15,16,1,1,1
90,6,580,177,15,16,1,1,1
91,6,580,177,15,16,1,1,1
92,6,581,177,14,16,1,1,1
93,6,581,177,14,15,1,1,1
94,6,582,177,14,15,1,1,1
95,6,583,178,14,14,1,1,1
96,6,583,178,14,14,1,1,1
97,6,583,178,14,14,1,1,1
98,6,583,178,14,14,1,1,1
99,6,583,178,14,14,1,1,1
100,6,583,178,14,14,1,1,1
101,6,584,178,14,14,1,1,1
102,6,584,178,14,14,1,1,1
103,6,585,178,14,14,1,1,1
104,6,585,178,14,14,1,1,1
105,6,586,179,14,14,1,1,1
106,6,585,178,14,14,1,1,1
107,6,585,178,14,14,1,1,1
108,6,585,178,14,14,1,1,1
109,6,585,178,14,14,1,1,1
110,6,584,178,14,14,1,1,1
111,6,584,178,14,14,1,1,1
112,6,584,178,14,14,1,1,1
113,6,584,178,14,14,1,1,1
114,6,583,178,14,14,1,1,1
115,6,583,178,14,14,1,1,1
116,6,583,178,14,14,1,1,1
117,6,583,178,14,14,1,1,1
118,6,581,177,14,14,1,1,1
119,6,580,177,14,14,1,1,1
120,6,579,176,14,14,1,1,1
121,6,578,176,14,14,1,1,1
122,6,577,176,14,14,1,1,1
123,6,576,176,14,14,1,1,1
124,6,575,176,14,14,1,1,1
125,6,574,176,14,14,1,1,1
126,6,573,176,14,14,1,1,1
127,6,572,176,14,14,1,1,1
128,6,571,176,14,14,1,1,1
129,6,570,176,14,14,1,1,1
130,6,570,175,14,14,1,1,1
131,6,570,175,14,14,1,1,1
132,6,570,175,14,14,1,1,1
133,6,570,175,14,14,1,1,1
134,6,570,175,14,14,1,1,1
135,6,570,175,14,14,1,1,1
136,6,570,175,14,14,1,1,1
137,6,570,175,14,14,1,1,1
138,6,570,175,14,14,1,1,1
139,6,570,175,14,14,1,1,1
140,6,570,175,14,14,1,1,1
141,6,570,175,14,14,1,1,1
142,6,570,175,14,14,1,1,1
143,6,570,175,14,14,1,1,1
144,6,570,175,14,14,1,1,1
145,6,570,175,14,14,1,1,1
146,6,570,174,14,14,1,1,1
147,6,570,174,14,14,1,1,1
148,6,570,174,14,14,1,1,1
149,6,571,174,14,14,1,1,1
150,6,571,173,14,14,1,1,1
151,6,571,173,14,14,1,1,1
152,6,571,173,14,14,1,1,1
153,6,571,173,14,14,1,1,1
154,6,571,173,14,14,1,1,1
155,6,571,172,14,14,1,1,1
156,6,571,172,14,14,1,1,1
157,6,571,172,14,14,1,1,1
158,6,571,172,14,14,1,1,1
159,6,571,172,14,14,1,1,1
160,6,571,172,14,14,1,1,1
161,6,571,173,14,14,1,1,1
162,6,571,174,14,14,1,1,1
163,6,572,175,14,14,1,1,1
164,6,572,175,14,14,1,1,1
165,6,572,176,14,14,1,1,1
166,6,572,177,14,14,1,1,1
167,6,572,178,14,14,1,1,1
168,6,572,179,14,14,1,1,1
169,6,572,179,14,14,1,1,1
170,6,572,180,14,14,1,1,1
171,6,572,181,14,14,1,1,1
172,6,572,182,14,14,1,1,1
173,6,572,183,14,14,1,1,1
174,6,572,183,14,14,1,1,1
175,6,572,184,14,14,1,1,1
176,6,572,185,14,14,1,1,1
177,6,572,186,14,14,1,1,1
178,6,572,187,14,14,1,1,1
179,6,572,188,14,14,1,1,1
180,6,572,189,14,14,1,1,1
181,6,572,190,14,14,1,1,1
182,6,572,191,14,14,1,1,1
183,6,573,192,14,14,1,1,1
184,6,573,192,14,14,1,1,1
185,6,573,193,14,14,1,1,1
186,6,573,194,14,14,1,1,1
187,6,573,194,14,14,1,1,1
188,6,573,195,14,14,1,1,1
189,6,573,196,14,14,1,1,1
190,6,573,196,14,14,1,1,1
191,6,573,197,14,14,1,1,1
192,6,573,198,14,14,1,1,1
193,6,573,199,14,14,1,1,1
194,6,573,200,14,14,1,1,1
195,6,573,201,14,14,1,1,1
196,6,573,202,14,14,1,1,1
197,6,573,203,14,14,1,1,1
198,6,573,204,14,14,1,1,1
199,6,573,205,14,14,1,1,1
200,6,573,206,14,14,1,1,1
201,6,573,207,14,14,1,1,1
202,6,573,208,14,14,1,1,1
203,6,573,209,14,14,1,1,1
204,6,573,209,14,14,1,1,1
205,6,573,210,14,14,1,1,1
206,6,573,211,14,14,1,1,1
207,6,573,211,14,14,1,1,1
208,6,573,212,14,14,1,1,1
209,6,573,213,14,14,1,1,1
210,6,573,213,14,14,1,1,1
211,6,573,214,14,14,1,1,1
212,6,573,215,14,14,1,1,1
213,6,574,216,14,14,1,1,1
214,6,574,217,14,14,1,1,1
215,6,574,218,14,14,1,1,1
216,6,574,219,14,14,1,1,1
217,6,574,220,14,14,1,1,1
218,6,574,221,14,14,1,1,1
219,6,574,221,14,14,1,1,1
220,6,574,222,14,14,1,1,1
221,6,574,223,14,14,1,1,1
222,6,574,223,14,14,1,1,1
223,6,574,224,14,14,1,1,1
224,6,574,225,14,14,1,1,1
225,6,574,225,14,14,1,1,1
226,6,574,226,14,14,1,1,1
227,6,574,227,14,14,1,1,1
228,6,574,227,14,14,1,1,1
229,6,574,228,14,14,1,1,1
230,6,575,229,14,14,1,1,1
231,6,575,229,14,14,1,1,1
232,6,575,230,14,14,1,1,1
233,6,575,231,14,14,1,1,1
234,6,575,231,14,14,1,1,1
235,6,575,232,14,14,1,1,1
236,6,575,233,14,14,1,1,1
237,6,575,233,14,14,1,1,1
238,6,575,234,14,14,1,1,1
239,6,575,235,14,14,1,1,1
240,6,576,236,14,14,1,1,1
241,6,576,236,14,14,1,1,1
242,6,576,237,14,14,1,1,1
243,6,576,237,14,14,1,1,1
244,6,576,238,14,14,1,1,1
245,6,577,239,14,14,1,1,1
246,6,577,239,14,14,1,1,1
247,6,577,240,14,14,1,1,1
248,6,577,240,14,14,1,1,1
249,6,577,241,14,14,1,1,1
250,6,578,242,14,14,1,1,1
251,6,578,241,14,14,1,1,1
252,6,578,241,14,14,1,1,1
253,6,578,241,14,14,1,1,1
254,6,578,241,14,14,1,1,1
255,6,578,240,14,14,1,1,1
256,6,578,240,14,14,1,1,1
257,6,578,240,14,14,1,1,1
258,6,578,240,14,14,1,1,1
259,6,578,239,14,14,1,1,1
260,6,578,239,14,14,1,1,1
261,6,578,239,14,14,1,1,1
262,6,578,239,14,14,1,1,1
263,6,578,238,14,14,1,1,1
264,6,578,238,14,14,1,1,1
265,6,578,238,14,14,1,1,1
266,6,578,238,14,14,1,1,1
267,6,578,237,14,14,1,1,1
268,6,578,237,14,14,1,1,1
269,6,578,237,14,14,1,1,1
270,6,579,237,14,14,1,1,1
271,6,579,236,14,14,1,1,1
272,6,579,236,14,14,1,1,1
273,6,579,235,14,14,1,1,1
274,6,579,235,14,14,1,1,1
275,6,579,235,14,14,1,1,1
276,6,579,234,14,14,1,1,1
277,6,579,234,14,14,1,1,1
278,6,579,233,14,14,1,1,1
279,6,579,233,14,14,1,1,1
280,6,579,233,14,14,1,1,1
281,6,579,232,14,14,1,1,1
282,6,579,231,14,14,1,1,1
283,6,579,231,14,14,1,1,1
284,6,579,230,14,14,1,1,1
285,6,579,230,14,14,1,1,1
286,6,579,229,14,14,1,1,1
287,6,579,228,14,14,1,1,1
288,6,579,228,14,14,1,1,1
289,6,579,227,14,14,1,1,1
290,6,580,227,14,14,1,1,1
291,6,580,226,14,14,1,1,1
292,6,580,226,14,14,1,1,1
293,6,580,226,14,14,1,1,1
294,6,580,226,14,14,1,1,1
295,6,580,226,14,14,1,1,1
296,6,580,225,14,14,1,1,1
297,6,580,225,14,14,1,1,1
298,6,580,225,14,14,1,1,1
299,6,580,225,14,14,1,1,1
300,6,581,225,14,14,1,1,1
301,6,581,224,14,14,1,1,1
302,6,581,223,13,14,1,1,1
303,6,581,222,13,14,1,1,1
304,6,581,222,13,13,1,1,1
305,6,581,221,13,13,1,1,1
306,6,582,221,12,13,1,1,1
307,6,582,220,11,13,1,1,1
308,6,582,219,11,13,1,1,1
309,6,582,219,11,12,1,1,1
310,6,582,218,11,12,1,1,1
311,6,583,218,10,12,1,1,1
312,6,583,217,10,13,1,1,1
313,6,583,217,10,13,1,1,1
314,6,583,217,10,13,1,1,1
315,6,583,217,10,13,1,1,1
316,6,583,217,10,13,1,1,1
317,6,583,217,10,13,1,1,1
318,6,583,217,10,13,1,1,1
319,6,583,217,10,13,1,1,1
320,6,583,217,10,13,1,1,1
321,6,584,217,10,14,1,1,1
322,6,583,216,10,14,1,1,1
323,6,583,215,10,14,1,1,1
324,6,582,214,10,14,1,1,1
325,6,582,214,10,14,1,1,1
326,6,581,213,10,14,1,1,1
327,6,581,212,10,14,1,1,1
328,6,580,212,10,14,1,1,1
329,6,580,211,10,14,1,1,1
330,6,579,210,10,14,1,1,1
331,6,579,210,10,14,1,1,1
332,6,577,209,10,14,1,1,1
333,6,576,209,10,14,1,1,1
334,6,575,208,10,14,1,1,1
335,6,574,208,10,14,1,1,1
336,6,573,208,10,14,1,1,1
337,6,572,207,10,14,1,1,1
338,6,571,207,10,14,1,1,1
339,6,570,206,10,14,1,1,1
340,6,569,206,10,14,1,1,1
341,6,568,206,10,14,1,1,1
342,6,567,205,10,14,1,1,1
343,6,566,205,10,14,1,1,1
344,6,565,205,10,13,1,1,1
345,6,565,205,9,13,1,1,1
346,6,564,205,10,13,1,1,1
347,6,563,204,10,13,1,1,1
348,6,563,204,9,13,1,1,1
349,6,562,204,9,12,1,1,1
350,6,561,204,9,12,1,1,1
351,6,561,204,9,12,1,1,1
352,6,560,203,9,12,1,1,1
353,6,560,203,9,12,1,1,1
354,6,560,203,9,12,1,1,1
355,6,560,202,9,12,1,1,1
356,6,560,202,9,12,1,1,1
357,6,560,202,9,12,1,1,1
358,6,560,201,9,12,1,1,1
359,6,560,201,9,12,1,1,1
360,6,560,201,9,12,1,1,1
361,6,560,201,9,12,1,1,1
362,6,559,200,9,12,1,1,1
363,6,559,200,9,12,1,1,1
364,6,559,200,9,12,1,1,1
365,6,559,200,9,12,1,1,1
366,6,559,200,9,12,1,1,1
367,6,558,199,9,13,1,1,1
368,6,558,199,9,13,1,1,1
369,6,558,199,9,13,1,1,1
370,6,558,199,9,13,1,1,1
371,6,558,199,9,13,1,1,1
372,6,557,198,9,13,1,1,1
373,6,557,198,9,13,1,1,1
374,6,557,197,9,13,1,1,1
375,6,557,197,9,13,1,1,1
376,6,557,196,9,14,1,1,1
377,6,557,196,9,13,1,1,1
378,6,557,195,9,14,1,1,1
379,6,557,195,9,13,1,1,1
380,6,557,194,9,14,1,1,1
381,6,557,194,9,14,1,1,1
382,6,556,194,9,14,1,1,1
383,6,556,194,9,14,1,1,1
384,6,556,194,9,14,1,1,1
1,7,523,151,16,17,1,1,1
2,7,526,150,16,17,1,1,1
3,7,530,150,15,16,1,1,1
4,7,534,150,14,16,1,1,1
5,7,535,149,14,15,1,1,1
6,7,536,148,14,15,1,1,1
7,7,538,147,14,15,1,1,1
8,7,539,146,14,15,1,1,1
9,7,541,145,14,15,1,1,1
10,7,542,144,14,14,1,1,1
11,7,543,143,14,14,1,1,1
12,7,544,142,14,14,1,1,1
13,7,545,141,14,14,1,1,1
14,7,547,140,14,14,1,1,1
15,7,548,139,14,14,1,1,1
16,7,549,138,14,14,1,1,1
17,7,551,138,14,14,1,1,1
18,7,552,137,14,14,1,1,1
19,7,553,136,14,14,1,1,1
20,7,554,135,14,14,1,1,1
21,7,554,134,14,14,1,1,1
22,7,555,133,14,14,1,1,1
23,7,555,132,14,14,1,1,1
24,7,556,131,14,14,1,1,1
25,7,556,130,14,14,1,1,1
26,7,557,129,14,14,1,1,1
27,7,557,128,14,14,1,1,1
28,7,557,127,14,14,1,1,1
29,7,558,126,14,14,1,1,1
30,7,558,125,14,14,1,1,1
31,7,559,124,14,14,1,1,1
32,7,560,123,14,14,1,1,1
33,7,560,122,14,14,1,1,1
34,7,560,121,14,14,1,1,1
35,7,560,121,14,14,1,1,1
36,7,560,120,14,14,1,1,1
37,7,561,120,14,14,1,1,1
38,7,561,119,14,14,1,1,1
39,7,561,118,14,14,1,1,1
40,7,562,118,14,14,1,1,1
41,7,562,117,14,14,1,1,1
42,7,562,117,14,14,1,1,1
43,7,562,117,14,14,1,1,1
44,7,563,117,14,14,1,1,1
45,7,563,117,14,14,1,1,1
46,7,563,117,14,14,1,1,1
47,7,564,117,14,14,1,1,1
48,7,564,117,14,14,1,1,1
49,7,565,117,14,14,1,1,1
50,7,566,117,14,14,1,1,1
51,7,566,116,14,14,1,1,1
52,7,566,116,14,14,1,1,1
53,7,566,116,14,14,1,1,1
54,7,566,116,14,14,1,1,1
55,7,566,116,14,14,1,1,1
56,7,567,116,14,14,1,1,1
57,7,567,116,14,14,1,1,1
58,7,567,116,14,14,1,1,1
59,7,567,116,14,14,1,1,1
60,7,568,116,14,14,1,1,1
61,7,568,116,14,14,1,1,1
62,7,568,116,14,14,1,1,1
63,7,568,116,14,14,1,1,1
64,7,569,116,14,14,1,1,1
65,7,569,116,14,14,1,1,1
66,7,569,116,14,14,1,1,1
67,7,569,116,14,14,1,1,1
68,7,569,116,14,14,1,1,1
69,7,569,116,14,14,1,1,1
70,7,569,116,14,14,1,1,1
71,7,569,116,14,14,1,1,1
72,7,570,116,14,14,1,1,1
73,7,570,116,14,14,1,1,1
74,7,570,116,14,14,1,1,1
75,7,570,116,14,14,1,1,1
76,7,571,117,14,14,1,1,1
77,7,571,116,14,14,1,1,1
78,7,571,116,14,14,1,1,1
79,7,572,116,14,14,1,1,1
80,7,572,116,14,14,1,1,1
81,7,573,116,14,14,1,1,1
82,7,573,116,14,14,1,1,1
83,7,573,116,14,14,1,1,1
84,7,574,116,14,14,1,1,1
85,7,574,116,14,14,1,1,1
86,7,574,117,14,14,1,1,1
87,7,574,118,14,14,1,1,1
88,7,575,119,14,14,1,1,1
89,7,575,118,14,14,1,1,1
90,7,576,118,14,14,1,1,1
91,7,576,118,14,14,1,1,1
92,7,577,118,14,14,1,1,1
93,7,577,118,14,14,1,1,1
94,7,577,118,14,14,1,1,1
95,7,577,118,14,14,1,1,1
96,7,577,118,14,14,1,1,1
97,7,577,118,14,14,1,1,1
98,7,577,119,14,14,1,1,1
99,7,577,119,14,14,1,1,1
100,7,577,120,14,14,1,1,1
101,7,578,121,14,14,1,1,1
102,7,578,121,14,14,1,1,1
103,7,578,121,14,14,1,1,1
104,7,578,121,14,14,1,1,1
105,7,579,121,14,14,1,1,1
106,7,579,121,14,14,1,1,1
107,7,579,122,14,14,1,1,1
108,7,579,122,14,14,1,1,1
109,7,580,123,14,14,1,1,1
110,7,579,123,14,14,1,1,1
111,7,579,123,14,14,1,1,1
112,7,578,123,14,14,1,1,1
113,7,578,123,14,14,1,1,1
114,7,577,123,14,14,1,1,1
115,7,577,123,14,14,1,1,1
116,7,576,123,14,14,1,1,1
117,7,576,124,14,14,1,1,1
118,7,574,124,14,14,1,1,1
119,7,573,124,14,14,1,1,1
120,7,572,124,14,14,1,1,1
121,7,571,124,14,14,1,1,1
122,7,569,124,14,14,1,1,1
123,7,568,124,14,14,1,1,1
124,7,567,124,14,14,1,1,1
125,7,566,125,14,14,1,1,1
126,7,565,125,14,14,1,1,1
127,7,564,125,14,14,1,1,1
128,7,563,125,14,14,1,1,1
129,7,562,125,14,14,1,1,1
130,7,561,125,14,14,1,1,1
131,7,561,125,14,14,1,1,1
132,7,561,125,14,14,1,1,1
133,7,561,126,14,14,1,1,1
134,7,561,126,14,14,1,1,1
135,7,561,126,14,14,1,1,1
136,7,561,126,14,14,1,1,1
137,7,561,126,14,14,1,1,1
138,7,561,126,14,14,1,1,1
139,7,561,126,14,14,1,1,1
140,7,561,126,14,14,1,1,1
141,7,561,126,14,14,1,1,1
142,7,561,126,14,14,1,1,1
143,7,561,126,14,14,1,1,1
144,7,561,126,14,14,1,1,1
145,7,561,126,14,14,1,1,1
146,7,561,126,14,14,1,1,1
147,7,561,126,14,14,1,1,1
148,7,561,126,14,14,1,1,1
149,7,562,127,14,14,1,1,1
150,7,562,127,14,14,1,1,1
151,7,562,127,14,14,1,1,1
152,7,562,127,14,14,1,1,1
153,7,562,127,14,14,1,1,1
154,7,562,128,14,14,1,1,1
155,7,562,128,14,14,1,1,1
156,7,562,128,14,14,1,1,1
157,7,562,128,14,14,1,1,1
158,7,562,128,14,14,1,1,1
159,7,562,129,14,14,1,1,1
160,7,562,129,14,14,1,1,1
161,7,562,129,14,14,1,1,1
162,7,562,129,14,14,1,1,1
163,7,563,130,14,14,1,1,1
164,7,563,130,14,14,1,1,1
165,7,563,131,14,14,1,1,1
166,7,563,132,14,14,1,1,1
167,7,563,133,14,14,1,1,1
168,7,563,134,14,14,1,1,1
169,7,563,135,14,14,1,1,1
170,7,563,136,14,14,1,1,1
171,7,563,137,14,14,1,1,1
172,7,563,138,14,14,1,1,1
173,7,563,139,14,14,1,1,1
174,7,563,140,14,14,1,1,1
175,7,563,141,14,14,1,1,1
176,7,563,142,14,14,1,1,1
177,7,563,143,14,14,1,1,1
178,7,563,144,14,14,1,1,1
179,7,563,145,14,14,1,1,1
180,7,563,146,14,14,1,1,1
181,7,563,147,14,14,1,1,1
182,7,563,148,14,14,1,1,1
183,7,563,150,14,14,1,1,1
184,7,563,150,14,14,1,1,1
185,7,563,151,14,14,1,1,1
186,7,563,152,14,14,1,1,1
187,7,563,153,14,14,1,1,1
188,7,563,154,14,14,1,1,1
189,7,563,155,14,14,1,1,1
190,7,563,156,14,14,1,1,1
191,7,563,157,14,14,1,1,1
192,7,563,158,14,14,1,1,1
193,7,564,159,14,14,1,1,1
194,7,564,160,14,14,1,1,1
195,7,564,161,14,14,1,1,1
196,7,564,162,14,14,1,1,1
197,7,564,163,14,14,1,1,1
198,7,564,164,14,14,1,1,1
199,7,564,165,14,14,1,1,1
200,7,564,166,14,14,1,1,1
201,7,564,167,14,14,1,1,1
202,7,564,168,14,14,1,1,1
203,7,564,169,14,14,1,1,1
204,7,564,169,14,14,1,1,1
205,7,564,170,14,14,1,1,1
206,7,564,171,14,14,1,1,1
207,7,564,172,14,14,1,1,1
208,7,564,173,14,14,1,1,1
209,7,564,174,14,14,1,1,1
210,7,564,175,14,14,1,1,1
211,7,564,176,14,14,1,1,1
212,7,564,177,14,14,1,1,1
213,7,564,178,14,14,1,1,1
214,7,564,179,14,14,1,1,1
215,7,564,180,14,14,1,1,1
216,7,564,181,14,14,1,1,1
217,7,564,181,14,14,1,1,1
218,7,564,182,14,14,1,1,1
219,7,564,183,14,14,1,1,1
220,7,564,184,14,14,1,1,1
221,7,564,184,14,14,1,1,1
222,7,564,185,14,14,1,1,1
223,7,564,186,14,14,1,1,1
224,7,564,187,14,13,1,1,1
225,7,565,188,13,13,1,1,1
226,7,565,188,13,14,1,1,1
227,7,565,189,13,13,1,1,1
228,7,565,190,13,13,1,1,1
229,7,565,191,13,13,1,1,1
230,7,566,192,12,13,1,1,1
231,7,566,192,12,13,1,1,1
232,7,566,193,12,13,1,1,1
233,7,566,194,12,13,1,1,1
234,7,566,195,12,13,1,1,1
235,7,566,196,12,13,1,1,1
236,7,566,196,12,13,1,1,1
237,7,566,197,12,13,1,1,1
238,7,566,198,12,13,1,1,1
239,7,566,199,12,13,1,1,1
240,7,566,200,12,13,1,1,1
241,7,566,200,12,13,1,1,1
242,7,566,201,12,13,1,1,1
243,7,566,201,12,14,1,1,1
244,7,566,202,12,13,1,1,1
245,7,566,203,12,13,1,1,1
246,7,566,203,12,14,1,1,1
247,7,566,204,12,13,1,1,1
248,7,566,204,12,14,1,1,1
249,7,566,205,12,14,1,1,1
250,7,567,206,11,14,1,1,1
251,7,567,206,11,14,1,1,1
252,7,567,206,11,14,1,1,1
253,7,567,206,11,14,1,1,1
254,7,567,206,12,14,1,1,1
255,7,567,206,12,14,1,1,1
256,7,567,206,12,14,1,1,1
257,7,567,206,13,14,1,1,1
258,7,567,206,13,14,1,1,1
259,7,567,206,13,14,1,1,1
260,7,568,206,13,14,1,1,1
261,7,568,205,13,14,1,1,1
262,7,568,205,13,14,1,1,1
263,7,568,205,13,14,1,1,1
264,7,568,205,13,14,1,1,1
265,7,568,205,13,14,1,1,1
266,7,568,204,13,14,1,1,1
267,7,568,204,13,14,1,1,1
268,7,568,204,13,14,1,1,1
269,7,568,204,13,14,1,1,1
270,7,568,204,14,14,1,1,1
271,7,568,203,13,14,1,1,1
272,7,568,203,13,13,1,1,1
273,7,568,203,13,13,1,1,1
274,7,569,203,12,12,1,1,1
275,7,569,203,12,12,1,1,1
276,7,569,202,11,12,1,1,1
277,7,570,202,10,11,1,1,1
278,7,570,202,10,11,1,1,1
279,7,570,202,10,10,1,1,1
280,7,571,202,9,10,1,1,1
281,7,571,201,9,10,1,1,1
282,7,571,201,9,10,1,1,1
283,7,571,200,9,10,1,1,1
284,7,571,200,9,10,1,1,1
285,7,571,200,9,10,1,1,1
286,7,571,199,9,10,1,1,1
287,7,571,199,9,10,1,1,1
288,7,571,198,9,10,1,1,1
289,7,571,198,9,10,1,1,1
290,7,571,198,9,10,1,1,1
291,7,571,197,9,10,1,1,1
292,7,571,197,9,10,1,1,1
293,7,571,196,9,10,1,1,1
294,7,571,196,9,10,1,1,1
295,7,572,196,9,10,1,1,1
296,7,572,195,9,10,1,1,1
297,7,572,195,9,10,1,1,1
298,7,572,194,9,10,1,1,1
299,7,572,194,9,10,1,1,1
300,7,573,194,9,10,1,1,1
301,7,573,193,9,10,1,1,1
302,7,573,192,9,10,1,1,1
303,7,573,192,9,9,1,1,1
304,7,573,191,9,10,1,1,1
305,7,573,191,9,9,1,1,1
306,7,573,190,9,10,1,1,1
307,7,573,190,9,9,1,1,1
308,7,573,189,9,9,1,1,1
309,7,573,189,9,9,1,1,1
310,7,573,188,9,9,1,1,1
311,7,574,188,8,9,1,1,1
312,7,574,187,8,9,1,1,1
313,7,574,187,8,9,1,1,1
314,7,574,187,8,9,1,1,1
315,7,574,187,8,9,1,1,1
316,7,575,187,8,9,1,1,1
317,7,575,186,8,9,1,1,1
318,7,575,186,8,9,1,1,1
319,7,575,186,8,9,1,1,1
320,7,575,186,8,9,1,1,1
321,7,576,186,8,9,1,1,1
322,7,575,185,8,9,1,1,1
323,7,575,185,8,9,1,1,1
324,7,574,185,8,9,1,1,1
325,7,574,184,8,9,1,1,1
326,7,573,184,8,9,1,1,1
327,7,573,184,8,9,1,1,1
328,7,572,183,8,9,1,1,1
329,7,572,183,8,9,1,1,1
330,7,571,183,8,9,1,1,1
331,7,571,183,8,9,1,1,1
332,7,569,182,8,9,1,1,1
333,7,568,182,8,9,1,1,1
334,7,567,182,8,9,1,1,1
335,7,566,181,8,9,1,1,1
336,7,565,181,8,9,1,1,1
337,7,564,181,8,9,1,1,1
338,7,563,180,8,9,1,1,1
339,7,562,180,8,9,1,1,1
340,7,561,180,8,9,1,1,1
341,7,560,180,8,9,1,1,1
342,7,559,179,8,9,1,1,1
343,7,558,179,8,9,1,1,1
344,7,558,178,8,9,1,1,1
345,7,557,178,8,9,1,1,1
346,7,557,178,8,9,1,1,1
347,7,556,177,8,9,1,1,1
348,7,555,177,8,9,1,1,1
349,7,555,176,8,9,1,1,1
350,7,554,176,8,9,1,1,1
351,7,554,176,8,9,1,1,1
352,7,553,175,8,9,1,1,1
353,7,553,175,8,9,1,1,1
354,7,553,175,8,9,1,1,1
355,7,552,175,8,9,1,1,1
356,7,552,175,8,9,1,1,1
357,7,552,174,8,9,1,1,1
358,7,551,174,8,9,1,1,1
359,7,551,174,8,9,1,1,1
360,7,551,174,8,9,1,1,1
361,7,551,174,8,9,1,1,1
362,7,550,173,8,9,1,1,1
363,7,550,173,8,9,1,1,1
364,7,550,172,8,9,1,1,1
365,7,550,172,8,9,1,1,1
366,7,550,172,8,9,1,1,1
367,7,550,171,8,9,1,1,1
368,7,550,171,8,9,1,1,1
369,7,550,170,8,9,1,1,1
370,7,550,170,8,9,1,1,1
371,7,550,170,8,9,1,1,1
372,7,549,169,8,9,1,1,1
373,7,549,169,8,9,1,1,1
374,7,549,169,8,9,1,1,1
375,7,549,169,7,9,1,1,1
376,7,549,169,7,9,1,1,1
377,7,549,169,7,9,1,1,1
378,7,549,169,6,9,1,1,1
379,7,549,169,6,9,1,1,1
380,7,549,169,6,9,1,1,1
381,7,549,169,6,9,1,1,1
382,7,549,168,6,10,1,1,1
383,7,549,168,7,10,1,1,1
384,7,550,168,7,10,1,1,1
301,8,557,128,8,9,1,1,1
302,8,556,128,8,9,1,1,1
303,8,556,128,8,9,1,1,1
304,8,556,128,8,9,1,1,1
305,8,556,128,8,9,1,1,1
306,8,556,129,8,9,1,1,1
307,8,556,129,8,9,1,1,1
308,8,556,129,8,9,1,1,1
309,8,556,129,8,9,1,1,1
310,8,556,129,8,9,1,1,1
311,8,556,130,8,9,1,1,1
312,8,555,130,8,9,1,1,1
313,8,555,130,8,9,1,1,1
314,8,555,130,8,9,1,1,1
315,8,554,130,8,9,1,1,1
316,8,554,130,8,9,1,1,1
317,8,554,130,8,9,1,1,1
318,8,553,130,8,9,1,1,1
319,8,553,130,8,9,1,1,1
320,8,553,130,8,9,1,1,1
321,8,553,130,8,9,1,1,1
322,8,552,130,8,9,1,1,1
323,8,552,130,8,9,1,1,1
324,8,552,130,8,9,1,1,1
325,8,551,130,8,9,1,1,1
326,8,551,130,8,9,1,1,1
327,8,551,130,8,9,1,1,1
328,8,550,130,8,9,1,1,1
329,8,550,130,8,9,1,1,1
330,8,550,130,8,9,1,1,1
331,8,550,131,8,9,1,1,1
332,8,548,131,8,9,1,1,1
333,8,546,131,8,9,1,1,1
334,8,545,132,8,9,1,1,1
335,8,543,132,8,9,1,1,1
336,8,542,133,8,9,1,1,1
337,8,540,133,8,9,1,1,1
338,8,538,133,8,9,1,1,1
339,8,537,134,8,9,1,1,1
340,8,535,134,8,9,1,1,1
341,8,534,135,8,9,1,1,1
342,8,533,135,8,9,1,1,1
343,8,532,135,8,9,1,1,1
344,8,531,135,8,9,1,1,1
345,8,530,135,8,9,1,1,1
346,8,530,135,8,9,1,1,1
347,8,529,135,8,9,1,1,1
348,8,528,135,8,9,1,1,1
349,8,527,135,8,9,1,1,1
350,8,526,135,8,9,1,1,1
351,8,526,135,8,9,1,1,1
352,8,525,135,8,9,1,1,1
353,8,525,135,8,9,1,1,1
354,8,524,136,8,9,1,1,1
355,8,524,136,8,9,1,1,1
356,8,524,137,8,9,1,1,1
357,8,523,137,8,9,1,1,1
358,8,523,137,8,9,1,1,1
359,8,522,138,8,9,1,1,1
360,8,522,138,8,9,1,1,1
361,8,522,139,8,9,1,1,1
362,8,521,139,8,9,1,1,1
363,8,521,139,8,9,1,1,1
364,8,521,139,7,9,1,1,1
365,8,520,139,8,9,1,1,1
366,8,520,140,7,9,1,1,1
367,8,520,140,7,9,1,1,1
368,8,519,140,7,9,1,1,1
369,8,519,140,7,9,1,1,1
370,8,519,140,6,9,1,1,1
371,8,519,141,6,9,1,1,1
372,8,518,141,6,9,1,1,1
373,8,518,141,6,9,1,1,1
374,8,517,141,7,9,1,1,1
375,8,517,141,7,10,1,1,1
376,8,517,141,7,10,1,1,1
377,8,516,141,8,10,1,1,1
378,8,516,141,8,11,1,1,1
379,8,515,141,9,11,1,1,1
380,8,515,141,9,11,1,1,1
381,8,515,142,9,11,1,1,1
382,8,514,142,9,11,1,1,1
383,8,513,142,9,11,1,1,1
384,8,513,143,9,11,1,1,1
384,9,549,512,18,26,3,1,1
1,10,480,281,21,26,1,1,1
2,10,483,278,21,26,1,1,1
3,10,486,276,21,25,1,1,1
4,10,489,274,21,24,1,1,1
5,10,490,271,21,24,1,1,1
6,10,492,268,21,25,1,1,1
7,10,493,266,21,25,1,1,1
8,10,495,263,21,26,1,1,1
9,10,497,261,21,26,1,1,1
10,10,498,258,21,26,1,1,1
11,10,499,256,21,25,1,1,1
12,10,501,253,21,25,1,1,1
13,10,502,251,21,24,1,1,1
14,10,504,249,21,24,1,1,1
15,10,505,247,21,24,1,1,1
16,10,506,245,21,24,1,1,1
17,10,507,244,21,24,1,1,1
18,10,508,242,21,24,1,1,1
19,10,509,240,21,24,1,1,1
20,10,510,238,21,24,1,1,1
21,10,510,235,21,24,1,1,1
22,10,511,233,21,24,1,1,1
23,10,512,231,21,24,1,1,1
24,10,513,228,21,24,1,1,1
25,10,514,226,21,24,1,1,1
26,10,515,224,21,24,1,1,1
27,10,516,222,21,24,1,1,1
28,10,517,220,21,24,1,1,1
29,10,518,219,21,24,1,1,1
30,10,518,217,21,24,1,1,1
31,10,519,215,20,24,1,1,1
32,10,520,214,20,24,1,1,1
33,10,520,212,20,24,1,1,1
34,10,521,211,19,24,1,1,1
35,10,522,209,19,24,1,1,1
36,10,522,208,19,24,1,1,1
37,10,523,206,19,24,1,1,1
38,10,524,205,18,24,1,1,1
39,10,524,203,18,24,1,1,1
40,10,525,202,18,24,1,1,1
41,10,526,200,17,24,1,1,1
42,10,527,199,17,24,1,1,1
43,10,527,198,17,24,1,1,1
44,10,527,197,17,24,1,1,1
45,10,528,196,17,24,1,1,1
46,10,528,195,17,24,1,1,1
47,10,529,195,17,24,1,1,1
48,10,529,194,17,24,1,1,1
49,10,530,193,16,24,1,1,1
50,10,531,192,15,24,1,1,1
51,10,531,191,16,22,1,1,1
52,10,532,191,16,20,1,1,1
53,10,533,191,16,18,1,1,1
54,10,533,190,16,18,1,1,1
55,10,533,189,16,18,1,1,1
56,10,534,188,16,18,1,1,1
57,10,534,188,16,17,1,1,1
58,10,535,187,16,17,1,1,1
59,10,535,186,16,17,1,1,1
60,10,536,186,16,16,1,1,1
61,10,536,185,16,16,1,1,1
62,10,536,185,16,16,1,1,1
63,10,536,184,16,16,1,1,1
64,10,537,184,16,16,1,1,1
65,10,537,183,16,16,1,1,1
66,10,538,183,16,16,1,1,1
67,10,538,182,16,16,1,1,1
68,10,539,182,16,16,1,1,1
69,10,539,180,16,16,1,1,1
70,10,540,179,15,16,1,1,1
71,10,541,178,14,16,1,1,1
72,10,542,177,14,16,1,1,1
73,10,542,176,14,16,1,1,1
74,10,543,176,14,16,1,1,1
75,10,544,175,14,16,1,1,1
76,10,545,175,14,16,1,1,1
77,10,545,174,14,16,1,1,1
78,10,545,173,14,16,1,1,1
79,10,546,173,14,16,1,1,1
80,10,546,172,14,16,1,1,1
81,10,547,172,14,16,1,1,1
82,10,547,171,14,15,1,1,1
83,10,547,170,14,15,1,1,1
84,10,548,170,14,14,1,1,1
85,10,548,169,14,14,1,1,1
86,10,548,169,14,14,1,1,1
87,10,548,169,14,14,1,1,1
88,10,549,169,14,14,1,1,1
89,10,549,168,14,14,1,1,1
90,10,550,168,14,14,1,1,1
91,10,550,168,14,14,1,1,1
92,10,551,168,14,14,1,1,1
93,10,551,167,14,14,1,1,1
94,10,551,167,14,14,1,1,1
95,10,552,167,14,14,1,1,1
96,10,552,166,14,14,1,1,1
97,10,552,166,14,14,1,1,1
98,10,553,166,14,14,1,1,1
99,10,553,165,14,14,1,1,1
100,10,554,164,14,14,1,1,1
101,10,555,164,14,14,1,1,1
102,10,555,163,14,14,1,1,1
103,10,555,163,14,14,1,1,1
104,10,555,162,14,14,1,1,1
105,10,556,162,14,14,1,1,1
106,10,556,161,14,14,1,1,1
107,10,557,161,14,14,1,1,1
108,10,557,161,14,14,1,1,1
109,10,558,161,14,14,1,1,1
110,10,557,160,14,14,1,1,1
111,10,557,160,14,14,1,1,1
112,10,556,160,14,14,1,1,1
113,10,556,160,14,14,1,1,1
114,10,556,160,14,14,1,1,1
115,10,555,160,14,14,1,1,1
116,10,555,160,14,14,1,1,1
117,10,555,160,14,14,1,1,1
118,10,554,159,14,14,1,1,1
119,10,553,159,14,14,1,1,1
120,10,552,159,14,14,1,1,1
121,10,551,159,14,14,1,1,1
122,10,549,158,14,14,1,1,1
123,10,548,157,14,14,1,1,1
124,10,547,156,14,14,1,1,1
125,10,546,156,14,14,1,1,1
126,10,545,155,14,14,1,1,1
127,10,544,155,14,14,1,1,1
128,10,543,155,14,14,1,1,1
129,10,543,155,14,14,1,1,1
130,10,543,154,14,14,1,1,1
131,10,543,154,14,14,1,1,1
132,10,543,153,14,14,1,1,1
133,10,543,153,14,14,1,1,1
134,10,543,152,14,14,1,1,1
135,10,543,152,14,14,1,1,1
136,10,543,152,14,14,1,1,1
137,10,544,152,14,14,1,1,1
138,10,544,151,14,14,1,1,1
139,10,544,151,14,14,1,1,1
140,10,544,151,14,14,1,1,1
141,10,544,151,14,14,1,1,1
142,10,544,150,14,14,1,1,1
143,10,544,150,14,14,1,1,1
144,10,544,150,14,14,1,1,1
145,10,544,150,14,14,1,1,1
146,10,544,149,14,14,1,1,1
147,10,544,149,14,14,1,1,1
148,10,544,148,14,14,1,1,1
149,10,545,148,14,14,1,1,1
150,10,545,147,14,14,1,1,1
151,10,545,147,14,14,1,1,1
152,10,545,147,14,14,1,1,1
153,10,545,147,14,14,1,1,1
154,10,545,147,14,14,1,1,1
155,10,545,147,14,14,1,1,1
156,10,545,147,14,14,1,1,1
157,10,545,147,14,14,1,1,1
158,10,545,147,14,14,1,1,1
159,10,546,147,14,14,1,1,1
160,10,546,147,14,14,1,1,1
161,10,546,148,14,14,1,1,1
162,10,546,148,14,14,1,1,1
163,10,546,149,14,14,1,1,1
164,10,546,149,14,14,1,1,1
165,10,546,150,14,14,1,1,1
166,10,547,150,14,14,1,1,1
167,10,547,151,14,14,1,1,1
168,10,547,151,14,14,1,1,1
169,10,547,152,14,14,1,1,1
170,10,547,152,14,14,1,1,1
171,10,547,153,14,14,1,1,1
172,10,547,153,14,14,1,1,1
173,10,548,154,14,14,1,1,1
174,10,548,154,14,14,1,1,1
175,10,548,155,14,14,1,1,1
176,10,548,156,14,14,1,1,1
177,10,548,157,14,14,1,1,1
178,10,549,158,14,14,1,1,1
179,10,549,158,14,14,1,1,1
180,10,549,159,14,14,1,1,1
181,10,549,160,14,14,1,1,1
182,10,549,161,14,14,1,1,1
183,10,550,162,14,14,1,1,1
184,10,550,162,14,14,1,1,1
185,10,550,163,14,14,1,1,1
186,10,550,164,14,14,1,1,1
187,10,550,165,14,14,1,1,1
188,10,550,166,14,14,1,1,1
189,10,550,166,14,14,1,1,1
190,10,550,167,14,14,1,1,1
191,10,550,168,14,14,1,1,1
192,10,550,169,14,14,1,1,1
193,10,551,170,14,14,1,1,1
194,10,551,170,14,14,1,1,1
195,10,551,171,14,14,1,1,1
196,10,551,172,14,14,1,1,1
197,10,551,173,14,14,1,1,1
198,10,551,174,14,14,1,1,1
199,10,551,174,14,14,1,1,1
200,10,551,175,14,14,1,1,1
201,10,551,176,14,14,1,1,1
202,10,551,177,14,14,1,1,1
203,10,551,178,14,14,1,1,1
204,10,551,178,14,14,1,1,1
205,10,551,179,14,14,1,1,1
206,10,551,180,14,14,1,1,1
207,10,551,180,14,14,1,1,1
208,10,552,181,14,14,1,1,1
209,10,552,182,14,14,1,1,1
210,10,552,182,14,14,1,1,1
211,10,552,183,14,14,1,1,1
212,10,552,184,14,14,1,1,1
213,10,553,185,14,14,1,1,1
214,10,553,185,14,14,1,1,1
215,10,553,186,14,14,1,1,1
216,10,553,187,14,14,1,1,1
217,10,553,187,14,14,1,1,1
218,10,553,188,14,14,1,1,1
219,10,553,188,14,14,1,1,1
220,10,553,189,14,14,1,1,1
221,10,553,189,14,14,1,1,1
222,10,553,190,14,14,1,1,1
223,10,553,191,14,14,1,1,1
224,10,553,191,14,14,1,1,1
225,10,553,192,14,14,1,1,1
226,10,553,193,14,14,1,1,1
227,10,553,193,14,14,1,1,1
228,10,553,194,14,14,1,1,1
229,10,553,195,14,14,1,1,1
230,10,554,196,14,14,1,1,1
231,10,554,196,14,14,1,1,1
232,10,554,197,14,14,1,1,1
233,10,554,197,14,14,1,1,1
234,10,554,198,14,14,1,1,1
235,10,554,198,14,14,1,1,1
236,10,554,199,14,14,1,1,1
237,10,554,199,14,14,1,1,1
238,10,554,200,14,14,1,1,1
239,10,554,200,14,14,1,1,1
240,10,555,201,14,14,1,1,1
241,10,555,201,14,14,1,1,1
242,10,555,202,14,14,1,1,1
243,10,555,202,14,14,1,1,1
244,10,555,203,14,14,1,1,1
245,10,555,204,14,14,1,1,1
246,10,555,204,14,14,1,1,1
247,10,555,205,14,14,1,1,1
248,10,555,205,14,14,1,1,1
249,10,555,206,14,14,1,1,1
250,10,555,207,14,14,1,1,1
251,10,555,207,14,14,1,1,1
252,10,555,207,14,14,1,1,1
253,10,555,207,14,14,1,1,1
254,10,555,207,14,14,1,1,1
255,10,555,207,14,14,1,1,1
256,10,555,207,14,14,1,1,1
257,10,555,207,14,14,1,1,1
258,10,555,207,14,14,1,1,1
259,10,555,207,14,14,1,1,1
260,10,556,207,14,14,1,1,1
261,10,556,206,14,14,1,1,1
262,10,556,206,14,14,1,1,1
263,10,556,205,14,14,1,1,1
264,10,556,205,14,14,1,1,1
265,10,556,204,14,14,1,1,1
266,10,556,204,14,14,1,1,1
267,10,556,203,14,14,1,1,1
268,10,556,203,14,14,1,1,1
269,10,556,202,14,14,1,1,1
270,10,557,202,14,14,1,1,1
271,10,557,201,14,14,1,1,1
272,10,557,200,14,14,1,1,1
273,10,557,200,14,14,1,1,1
274,10,557,199,14,14,1,1,1
275,10,557,199,14,14,1,1,1
276,10,557,198,14,14,1,1,1
277,10,557,197,14,14,1,1,1
278,10,557,197,14,14,1,1,1
279,10,557,196,14,14,1,1,1
280,10,558,196,14,14,1,1,1
281,10,558,195,14,14,1,1,1
282,10,558,195,14,14,1,1,1
283,10,558,194,14,14,1,1,1
284,10,558,194,14,14,1,1,1
285,10,558,194,14,14,1,1,1
286,10,558,193,14,14,1,1,1
287,10,558,193,14,14,1,1,1
288,10,558,192,14,14,1,1,1
289,10,558,192,14,14,1,1,1
290,10,559,192,14,14,1,1,1
291,10,559,191,13,14,1,1,1
292,10,559,191,13,13,1,1,1
293,10,559,191,13,12,1,1,1
294,10,560,190,12,13,1,1,1
295,10,560,190,12,12,1,1,1
296,10,560,190,12,11,1,1,1
297,10,561,189,11,12,1,1,1
298,10,561,189,11,11,1,1,1
299,10,561,189,11,10,1,1,1
300,10,562,189,10,10,1,1,1
301,10,562,188,10,10,1,1,1
302,10,562,187,9,10,1,1,1
303,10,562,187,9,10,1,1,1
304,10,562,186,9,10,1,1,1
305,10,562,186,9,10,1,1,1
306,10,562,186,9,10,1,1,1
307,10,562,185,9,10,1,1,1
308,10,562,185,9,10,1,1,1
309,10,562,184,9,10,1,1,1
310,10,562,184,9,10,1,1,1
311,10,562,184,9,10,1,1,1
312,10,562,183,9,10,1,1,1
313,10,562,183,9,10,1,1,1
314,10,562,182,9,10,1,1,1
315,10,563,182,9,10,1,1,1
316,10,563,182,9,10,1,1,1
317,10,563,181,9,10,1,1,1
318,10,564,181,9,10,1,1,1
319,10,564,180,9,10,1,1,1
320,10,564,180,9,10,1,1,1
321,10,565,180,9,10,1,1,1
322,10,564,179,9,10,1,1,1
323,10,564,179,9,10,1,1,1
324,10,563,178,9,10,1,1,1
325,10,563,178,9,10,1,1,1
326,10,562,178,9,10,1,1,1
327,10,562,177,9,10,1,1,1
328,10,561,177,9,10,1,1,1
329,10,561,176,9,10,1,1,1
330,10,560,176,9,10,1,1,1
331,10,560,176,9,10,1,1,1
332,10,558,175,9,10,1,1,1
333,10,557,175,9,10,1,1,1
334,10,556,174,9,10,1,1,1
335,10,555,174,9,10,1,1,1
336,10,554,174,9,10,1,1,1
337,10,552,173,9,10,1,1,1
338,10,551,173,9,10,1,1,1
339,10,550,172,9,10,1,1,1
340,10,549,172,9,10,1,1,1
341,10,548,172,9,10,1,1,1
342,10,547,171,9,10,1,1,1
343,10,547,171,9,10,1,1,1
344,10,546,171,9,10,1,1,1
345,10,546,170,9,10,1,1,1
346,10,545,170,9,10,1,1,1
347,10,545,170,9,10,1,1,1
348,10,544,169,9,10,1,1,1
349,10,544,169,9,10,1,1,1
350,10,543,169,9,10,1,1,1
351,10,543,169,9,10,1,1,1
352,10,542,168,9,10,1,1,1
353,10,542,168,9,10,1,1,1
354,10,542,168,9,10,1,1,1
355,10,541,167,9,10,1,1,1
356,10,541,167,9,10,1,1,1
357,10,541,167,9,10,1,1,1
358,10,540,166,9,10,1,1,1
359,10,540,166,9,10,1,1,1
360,10,540,166,9,10,1,1,1
361,10,540,166,9,10,1,1,1
362,10,539,165,9,10,1,1,1
363,10,539,165,9,10,1,1,1
364,10,539,165,9,10,1,1,1
365,10,539,164,9,10,1,1,1
366,10,539,164,9,10,1,1,1
367,10,538,164,9,10,1,1,1
368,10,538,163,9,10,1,1,1
369,10,538,163,9,10,1,1,1
370,10,538,163,9,10,1,1,1
371,10,538,163,9,10,1,1,1
372,10,538,162,9,10,1,1,1
373,10,538,162,9,10,1,1,1
374,10,538,162,9,10,1,1,1
375,10,538,161,9,10,1,1,1
376,10,538,161,9,10,1,1,1
377,10,538,161,9,10,1,1,1
378,10,538,160,9,10,1,1,1
379,10,538,160,9,10,1,1,1
380,10,538,160,9,10,1,1,1
381,10,538,160,9,10,1,1,1
382,10,538,159,9,10,1,1,1
383,10,538,158,9,10,1,1,1
384,10,538,158,9,10,1,1,1
1,12,359,341,24,34,1,1,1
2,12,360,343,24,34,1,1,1
3,12,361,346,24,34,1,1,1
4,12,363,349,24,34,1,1,1
5,12,363,351,24,34,1,1,1
6,12,363,353,24,34,1,1,1
7,12,363,355,24,34,1,1,1
8,12,363,357,24,34,1,1,1
9,12,363,360,24,34,1,1,1
10,12,362,361,24,35,1,1,1
11,12,362,363,24,36,1,1,1
12,12,361,365,25,37,1,1,1
13,12,361,367,25,38,1,1,1
14,12,361,369,25,39,1,1,1
15,12,360,372,26,38,1,1,1
16,12,359,375,27,37,1,1,1
17,12,358,378,28,36,1,1,1
18,12,357,380,28,36,1,1,1
19,12,357,383,28,36,1,1,1
20,12,357,386,28,36,1,1,1
21,12,355,388,29,36,1,1,1
22,12,354,390,29,37,1,1,1
23,12,353,392,29,38,1,1,1
24,12,352,394,29,39,1,1,1
25,12,351,396,29,40,1,1,1
26,12,350,399,30,40,1,1,1
27,12,348,402,30,40,1,1,1
28,12,347,405,30,40,1,1,1
29,12,346,408,30,40,1,1,1
30,12,344,411,30,40,1,1,1
31,12,343,414,30,40,1,1,1
32,12,342,417,30,41,1,1,1
33,12,340,420,31,41,1,1,1
34,12,339,423,31,42,1,1,1
35,12,338,426,31,42,1,1,1
36,12,337,429,31,42,1,1,1
37,12,335,433,31,42,1,1,1
38,12,334,436,31,42,1,1,1
39,12,333,439,31,43,1,1,1
40,12,332,442,31,43,1,1,1
41,12,330,445,32,43,1,1,1
42,12,329,448,32,44,1,1,1
43,12,328,451,32,44,1,1,1
44,12,327,455,32,44,1,1,1
45,12,325,459,32,44,1,1,1
46,12,324,463,32,44,1,1,1
47,12,323,467,32,44,1,1,1
48,12,322,470,32,44,1,1,1
49,12,321,473,33,44,1,1,1
50,12,320,477,34,44,1,1,1
51,12,318,480,34,46,1,1,1
52,12,316,484,34,47,1,1,1
53,12,315,488,34,49,3,1,1
54,12,314,492,32,45,3,1,1
55,12,314,496,30,41,3,1,1
56,12,314,500,28,37,3,1,1
1,13,408,296,24,31,1,1,1
2,13,408,300,24,31,1,1,1
3,13,408,304,24,31,1,1,1
4,13,408,308,24,31,1,1,1
5,13,408,312,24,31,1,1,1
6,13,409,317,24,31,1,1,1
7,13,408,321,24,31,1,1,1
8,13,407,326,24,31,1,1,1
9,13,406,331,24,31,1,1,1
10,13,405,335,24,32,1,1,1
11,13,404,339,24,34,1,1,1
12,13,403,344,24,34,1,1,1
13,13,402,348,24,36,1,1,1
14,13,401,353,24,37,1,1,1
15,13,399,358,25,36,1,1,1
16,13,397,363,26,36,1,1,1
17,13,395,369,28,35,1,1,1
18,13,393,375,28,35,1,1,1
19,13,391,381,28,35,1,1,1
20,13,389,387,28,35,1,1,1
21,13,387,392,28,36,1,1,1
22,13,385,397,28,38,1,1,1
23,13,383,402,28,39,1,1,1
24,13,381,407,28,41,1,1,1
25,13,379,412,28,42,1,1,1
26,13,378,417,28,44,1,1,1
27,13,375,424,29,43,1,1,1
28,13,372,431,30,43,1,1,1
29,13,369,438,31,43,1,1,1
30,13,366,445,32,43,1,1,1
