301,30,620,34,153,94,1,-1,-1
302,30,620,34,153,94,1,-1,-1
303,30,620,34,153,94,1,-1,-1
304,30,620,34,153,94,1,-1,-1
305,30,620,34,153,94,1,-1,-1
306,30,620,34,153,94,1,-1,-1
307,30,620,34,153,94,1,-1,-1
308,30,620,34,153,94,1,-1,-1
309,30,620,34,153,94,1,-1,-1
310,30,620,34,153,94,1,-1,-1
311,30,620,34,153,94,1,-1,-1
312,30,620,34,153,94,1,-1,-1
313,30,620,34,153,94,1,-1,-1
314,30,620,34,153,94,1,-1,-1
315,30,620,34,153,94,1,-1,-1
316,30,620,34,153,94,1,-1,-1
317,30,620,34,153,94,1,-1,-1
318,30,620,34,153,94,1,-1,-1
319,30,620,34,153,94,1,-1,-1
320,30,620,34,153,94,1,-1,-1
321,30,620,34,153,94,1,-1,-1
322,30,620,34,153,94,1,-1,-1
323,30,620,35,153,94,1,-1,-1
324,30,620,35,153,94,1,-1,-1
325,30,620,35,153,94,1,-1,-1
326,30,620,35,153,94,1,-1,-1
327,30,620,35,153,94,1,-1,-1
328,30,620,35,153,94,1,-1,-1
329,30,620,35,153,94,1,-1,-1
330,30,620,35,153,94,1,-1,-1
331,30,620,35,153,94,1,-1,-1
332,30,620,35,153,94,1,-1,-1
333,30,620,35,153,94,1,-1,-1
334,30,620,35,153,94,1,-1,-1
335,30,620,35,153,94,1,-1,-1
336,30,620,35,153,94,1,-1,-1
337,30,620,35,153,94,1,-1,-1
338,30,620,35,153,94,1,-1,-1
339,30,620,35,153,94,1,-1,-1
340,30,620,35,153,94,1,-1,-1
341,30,620,35,153,94,1,-1,-1
342,30,620,35,153,94,1,-1,-1
343,30,620,35,153,94,1,-1,-1
344,30,620,35,153,94,1,-1,-1
345,30,620,36,153,94,1,-1,-1
346,30,620,36,153,94,1,-1,-1
347,30,620,36,153,94,1,-1,-1
348,30,620,36,153,94,1,-1,-1
349,30,620,36,153,94,1,-1,-1
350,30,620,36,153,94,1,-1,-1
351,30,620,36,153,94,1,-1,-1
352,30,620,36,153,94,1,-1,-1
353,30,620,36,153,94,1,-1,-1
354,30,620,36,153,94,1,-1,-1
355,30,620,36,153,94,1,-1,-1
356,30,620,36,153,94,1,-1,-1
357,30,620,36,153,94,1,-1,-1
358,30,620,36,153,94,1,-1,-1
359,30,620,36,153,94,1,-1,-1
360,30,620,36,153,94,1,-1,-1
361,30,620,36,153,94,1,-1,-1
362,30,620,36,153,94,1,-1,-1
363,30,620,36,153,94,1,-1,-1
364,30,620,36,153,94,1,-1,-1
365,30,620,36,153,94,1,-1,-1
366,30,621,37,153,94,1,-1,-1
367,30,621,37,153,94,1,-1,-1
368,30,621,37,153,94,1,-1,-1
369,30,621,37,153,94,1,-1,-1
370,30,621,37,153,94,1,-1,-1
371,30,621,37,153,94,1,-1,-1
372,30,621,37,153,94,1,-1,-1
373,30,621,37,153,94,1,-1,-1
374,30,621,37,153,94,1,-1,-1
375,30,621,37,153,94,1,-1,-1
376,30,621,37,153,94,1,-1,-1
377,30,621,37,153,94,1,-1,-1
378,30,621,37,153,94,1,-1,-1
379,30,621,37,153,94,1,-1,-1
380,30,621,37,153,94,1,-1,-1
381,30,621,37,153,94,1,-1,-1
382,30,621,37,153,94,1,-1,-1
383,30,621,37,153,94,1,-1,-1
384,30,621,37,153,94,1,-1,-1
385,30,621,37,153,94,1,-1,-1
386,30,621,37,153,94,1,-1,-1
387,30,621,37,153,94,1,-1,-1
388,30,621,38,153,94,1,-1,-1
389,30,621,38,153,94,1,-1,-1
390,30,621,38,153,94,1,-1,-1
391,30,621,38,153,94,1,-1,-1
392,30,621,38,153,94,1,-1,-1
393,30,621,38,153,94,1,-1,-1
394,30,621,38,153,94,1,-1,-1
395,30,621,38,153,94,1,-1,-1
396,30,621,38,153,94,1,-1,-1
397,30,621,38,153,94,1,-1,-1
398,30,621,38,153,94,1,-1,-1
399,30,621,38,153,94,1,-1,-1
400,30,621,38,153,94,1,-1,-1
401,30,621,38,153,94,1,-1,-1
402,30,621,38,153,94,1,-1,-1
403,30,621,38,153,94,1,-1,-1
404,30,621,38,153,94,1,-1,-1
405,30,621,38,153,94,1,-1,-1
406,30,621,38,153,94,1,-1,-1
407,30,621,38,153,94,1,-1,-1
408,30,621,38,153,94,1,-1,-1
409,30,621,39,153,94,1,-1,-1
410,30,621,39,153,94,1,-1,-1
411,30,621,39,153,94,1,-1,-1
412,30,621,39,153,94,1,-1,-1
413,30,621,39,153,94,1,-1,-1
414,30,621,39,153,94,1,-1,-1
415,30,621,39,153,94,1,-1,-1
416,30,621,39,153,94,1,-1,-1
417,30,621,39,153,94,1,-1,-1
418,30,621,39,153,94,1,-1,-1
419,30,621,39,153,94,1,-1,-1
420,30,621,39,153,94,1,-1,-1
421,30,621,39,153,94,1,-1,-1
422,30,621,39,153,94,1,-1,-1
423,30,621,39,153,94,1,-1,-1
424,30,621,39,153,94,1,-1,-1
425,30,621,39,153,94,1,-1,-1
426,30,621,39,153,94,1,-1,-1
427,30,621,39,153,94,1,-1,-1
428,30,621,39,153,94,1,-1,-1
429,30,621,39,153,94,1,-1,-1
430,30,621,39,153,94,1,-1,-1
431,30,622,40,153,94,1,-1,-1
432,30,622,40,153,94,1,-1,-1
433,30,622,40,153,94,1,-1,-1
434,30,622,40,153,94,1,-1,-1
435,30,622,40,153,94,1,-1,-1
436,30,622,40,153,94,1,-1,-1
437,30,622,40,153,94,1,-1,-1
438,30,622,40,153,94,1,-1,-1
439,30,622,40,153,94,1,-1,-1
440,30,622,40,153,94,1,-1,-1
441,30,622,40,153,94,1,-1,-1
442,30,622,40,153,94,1,-1,-1
443,30,622,40,153,94,1,-1,-1
444,30,622,40,153,94,1,-1,-1
445,30,622,40,153,94,1,-1,-1
446,30,622,40,153,94,1,-1,-1
447,30,622,40,153,94,1,-1,-1
448,30,622,40,153,94,1,-1,-1
449,30,622,40,153,94,1,-1,-1
450,30,622,40,153,94,1,-1,-1
451,30,622,40,153,94,1,-1,-1
452,30,622,41,153,94,1,-1,-1
453,30,622,41,153,94,1,-1,-1
454,30,622,41,153,94,1,-1,-1
455,30,622,41,153,94,1,-1,-1
456,30,622,41,153,94,1,-1,-1
457,30,622,41,153,94,1,-1,-1
458,30,622,41,153,94,1,-1,-1
459,30,622,41,153,94,1,-1,-1
460,30,622,41,153,94,1,-1,-1
461,30,622,41,153,94,1,-1,-1
462,30,622,41,153,94,1,-1,-1
463,30,622,41,153,94,1,-1,-1
464,30,622,41,153,94,1,-1,-1
465,30,622,41,153,94,1,-1,-1
466,30,622,41,153,94,1,-1,-1
467,30,622,41,153,94,1,-1,-1
468,30,622,41,153,94,1,-1,-1
469,30,622,41,153,94,1,-1,-1
470,30,622,41,153,94,1,-1,-1
471,30,622,41,153,94,1,-1,-1
472,30,622,41,153,94,1,-1,-1
473,30,622,41,153,94,1,-1,-1
474,30,622,42,153,94,1,-1,-1
475,30,622,42,153,94,1,-1,-1
476,30,622,42,153,94,1,-1,-1
477,30,622,42,153,94,1,-1,-1
478,30,622,42,153,94,1,-1,-1
479,30,622,42,153,94,1,-1,-1
480,30,622,42,153,94,1,-1,-1
481,30,622,42,153,94,1,-1,-1
482,30,622,42,153,94,1,-1,-1
483,30,622,42,153,94,1,-1,-1
484,30,622,42,153,94,1,-1,-1
485,30,622,42,153,94,1,-1,-1
486,30,622,42,153,94,1,-1,-1
487,30,622,42,153,94,1,-1,-1
488,30,622,42,153,94,1,-1,-1
489,30,622,42,153,94,1,-1,-1
490,30,622,42,153,94,1,-1,-1
491,30,622,42,153,94,1,-1,-1
492,30,622,42,153,94,1,-1,-1
493,30,622,42,153,94,1,-1,-1
494,30,622,42,153,94,1,-1,-1
495,30,623,43,153,94,1,-1,-1
496,30,623,43,153,94,1,-1,-1
497,30,623,43,153,94,1,-1,-1
498,30,623,43,153,94,1,-1,-1
499,30,623,43,153,94,1,-1,-1
500,30,623,43,153,94,1,-1,-1
501,30,623,43,153,94,1,-1,-1
502,30,623,43,153,94,1,-1,-1
503,30,623,43,153,94,1,-1,-1
504,30,623,43,153,94,1,-1,-1
505,30,623,43,153,94,1,-1,-1
506,30,623,43,154,94,1,-1,-1
507,30,623,43,154,94,1,-1,-1
508,30,623,43,154,94,1,-1,-1
509,30,624,44,153,94,1,-1,-1
510,30,624,44,153,94,1,-1,-1
511,30,624,44,153,94,1,-1,-1
512,30,624,44,153,94,1,-1,-1
513,30,624,44,153,94,1,-1,-1
514,30,624,44,153,94,1,-1,-1
515,30,624,44,153,94,1,-1,-1
516,30,624,44,154,94,1,-1,-1
517,30,624,44,154,94,1,-1,-1
518,30,624,44,154,94,1,-1,-1
519,30,624,44,154,94,1,-1,-1
520,30,624,44,154,94,1,-1,-1
521,30,624,44,154,94,1,-1,-1
522,30,624,44,154,94,1,-1,-1
523,30,625,45,153,94,1,-1,-1
524,30,625,45,153,94,1,-1,-1
525,30,625,45,153,94,1,-1,-1
526,30,625,45,153,94,1,-1,-1
527,30,625,45,154,94,1,-1,-1
528,30,625,45,154,94,1,-1,-1
529,30,625,45,154,94,1,-1,-1
530,30,625,45,154,94,1,-1,-1
531,30,625,45,154,94,1,-1,-1
532,30,625,45,154,94,1,-1,-1
533,30,625,45,154,94,1,-1,-1
534,30,625,45,154,94,1,-1,-1
535,30,625,45,154,94,1,-1,-1
536,30,625,45,154,94,1,-1,-1
537,30,626,46,154,94,1,-1,-1
301,31,385,3,160,89,1,-1,-1
302,31,384,2,161,90,1,-1,-1
303,31,384,2,161,90,1,-1,-1
304,31,384,2,161,90,1,-1,-1
305,31,384,2,161,90,1,-1,-1
306,31,384,2,161,90,1,-1,-1
307,31,384,2,161,90,1,-1,-1
308,31,384,2,161,90,1,-1,-1
309,31,384,2,161,90,1,-1,-1
310,31,384,2,161,91,1,-1,-1
311,31,384,2,161,91,1,-1,-1
312,31,384,2,161,91,1,-1,-1
313,31,384,2,161,91,1,-1,-1
314,31,384,2,161,91,1,-1,-1
315,31,384,2,161,91,1,-1,-1
316,31,384,2,161,91,1,-1,-1
317,31,384,2,161,91,1,-1,-1
318,31,384,2,162,92,1,-1,-1
319,31,383,1,162,93,1,-1,-1
320,31,383,1,162,94,1,-1,-1
321,31,382,1,163,94,1,-1,-1
322,31,382,0,163,96,1,-1,-1
323,31,381,0,164,96,1,-1,-1
324,31,381,0,164,97,1,-1,-1
325,31,381,0,164,98,1,-1,-1
326,31,381,0,164,98,1,-1,-1
327,31,381,0,164,98,1,-1,-1
328,31,381,0,164,98,1,-1,-1
329,31,381,0,164,98,1,-1,-1
330,31,381,0,164,98,1,-1,-1
331,31,381,0,164,98,1,-1,-1
332,31,381,0,164,98,1,-1,-1
333,31,381,0,165,98,1,-1,-1
334,31,381,0,165,98,1,-1,-1
335,31,381,0,165,98,1,-1,-1
336,31,381,0,165,99,1,-1,-1
337,31,381,0,165,99,1,-1,-1
338,31,381,0,165,99,1,-1,-1
339,31,381,0,165,100,1,-1,-1
340,31,381,0,165,100,1,-1,-1
341,31,381,0,165,100,1,-1,-1
342,31,381,0,165,101,1,-1,-1
343,31,381,0,165,101,1,-1,-1
344,31,381,0,165,101,1,-1,-1
345,31,381,0,165,102,1,-1,-1
346,31,381,0,165,102,1,-1,-1
347,31,381,0,165,102,1,-1,-1
348,31,381,0,165,103,1,-1,-1
349,31,381,0,166,102,1,-1,-1
350,31,381,0,167,102,1,-1,-1
351,31,381,0,169,102,1,-1,-1
352,31,381,0,168,102,1,-1,-1
353,31,381,0,168,103,1,-1,-1
354,31,381,0,168,103,1,-1,-1
355,31,381,0,168,104,1,-1,-1
356,31,381,0,167,105,1,-1,-1
357,31,381,0,166,106,1,-1,-1
358,31,381,0,165,107,1,-1,-1
359,31,382,0,163,108,1,-1,-1
360,31,381,0,164,108,1,-1,-1
361,31,381,0,165,108,1,-1,-1
362,31,381,0,166,108,1,-1,-1
363,31,381,0,166,108,1,-1,-1
364,31,381,0,167,108,1,-1,-1
365,31,381,0,168,108,1,-1,-1
366,31,381,0,169,109,1,-1,-1
367,31,381,0,169,109,1,-1,-1
368,31,381,0,169,109,1,-1,-1
369,31,381,0,169,110,1,-1,-1
370,31,381,0,169,110,1,-1,-1
371,31,381,0,169,111,1,-1,-1
372,31,381,0,169,111,1,-1,-1
373,31,381,0,169,111,1,-1,-1
374,31,381,0,169,111,1,-1,-1
375,31,381,0,169,110,1,-1,-1
376,31,381,0,169,110,1,-1,-1
377,31,381,0,170,110,1,-1,-1
378,31,381,0,169,110,1,-1,-1
379,31,381,0,169,110,1,-1,-1
380,31,381,0,169,110,1,-1,-1
381,31,381,0,169,110,1,-1,-1
382,31,381,0,169,111,1,-1,-1
383,31,381,0,169,111,1,-1,-1
384,31,381,0,169,111,1,-1,-1
385,31,381,0,169,111,1,-1,-1
386,31,381,0,169,111,1,-1,-1
387,31,381,0,169,112,1,-1,-1
388,31,381,0,169,112,1,-1,-1
389,31,381,0,169,112,1,-1,-1
390,31,381,0,169,112,1,-1,-1
391,31,381,0,169,112,1,-1,-1
392,31,381,0,169,113,1,-1,-1
393,31,381,0,169,113,1,-1,-1
394,31,381,0,169,113,1,-1,-1
395,31,381,0,169,113,1,-1,-1
396,31,381,0,169,114,1,-1,-1
397,31,381,0,169,114,1,-1,-1
398,31,381,0,169,114,1,-1,-1
399,31,381,0,169,115,1,-1,-1
400,31,381,0,169,116,1,-1,-1
401,31,381,0,169,117,1,-1,-1
402,31,381,0,169,118,1,-1,-1
403,31,381,0,169,119,1,-1,-1
404,31,381,0,169,120,1,-1,-1
405,31,381,0,169,120,1,-1,-1
406,31,381,0,169,121,1,-1,-1
407,31,381,0,169,121,1,-1,-1
408,31,381,0,169,122,1,-1,-1
409,31,381,0,170,123,1,-1,-1
410,31,381,0,170,122,1,-1,-1
411,31,381,0,170,122,1,-1,-1
412,31,381,0,170,122,1,-1,-1
413,31,381,0,170,122,1,-1,-1
414,31,381,0,170,122,1,-1,-1
415,31,381,0,170,122,1,-1,-1
416,31,381,0,169,122,1,-1,-1
417,31,381,0,169,122,1,-1,-1
418,31,381,0,169,122,1,-1,-1
419,31,381,0,169,122,1,-1,-1
420,31,381,0,169,122,1,-1,-1
421,31,381,0,169,122,1,-1,-1
422,31,381,0,169,123,1,-1,-1
423,31,381,0,169,122,1,-1,-1
424,31,381,0,169,122,1,-1,-1
425,31,381,0,169,122,1,-1,-1
426,31,381,0,169,122,1,-1,-1
427,31,381,0,169,122,1,-1,-1
428,31,381,0,169,121,1,-1,-1
429,31,381,0,169,120,1,-1,-1
430,31,381,0,169,120,1,-1,-1
431,31,381,0,169,119,1,-1,-1
432,31,381,0,169,118,1,-1,-1
433,31,381,0,169,118,1,-1,-1
434,31,381,0,169,117,1,-1,-1
435,31,381,0,169,117,1,-1,-1
436,31,381,0,169,116,1,-1,-1
437,31,381,0,169,115,1,-1,-1
438,31,381,0,169,115,1,-1,-1
439,31,381,0,169,114,1,-1,-1
440,31,381,0,169,114,1,-1,-1
441,31,381,0,169,113,1,-1,-1
442,31,381,0,169,112,1,-1,-1
443,31,381,0,169,111,1,-1,-1
444,31,381,0,169,110,1,-1,-1
445,31,381,0,169,110,1,-1,-1
446,31,381,0,169,110,1,-1,-1
447,31,381,0,169,111,1,-1,-1
448,31,381,0,169,111,1,-1,-1
449,31,381,0,169,112,1,-1,-1
450,31,381,0,169,112,1,-1,-1
451,31,381,0,170,113,1,-1,-1
452,31,381,0,170,113,1,-1,-1
453,31,381,0,170,113,1,-1,-1
454,31,381,0,170,113,1,-1,-1
455,31,381,0,170,113,1,-1,-1
456,31,381,0,170,113,1,-1,-1
457,31,381,0,171,113,1,-1,-1
458,31,381,0,170,113,1,-1,-1
459,31,381,0,169,113,1,-1,-1
460,31,381,0,169,113,1,-1,-1
461,31,381,0,169,113,1,-1,-1
462,31,381,0,169,113,1,-1,-1
463,31,381,0,170,113,1,-1,-1
464,31,381,0,170,113,1,-1,-1
465,31,381,0,170,113,1,-1,-1
466,31,381,0,171,113,1,-1,-1
467,31,381,0,171,113,1,-1,-1
468,31,381,0,171,113,1,-1,-1
469,31,381,0,172,113,1,-1,-1
470,31,381,0,171,113,1,-1,-1
471,31,381,0,171,113,1,-1,-1
472,31,381,0,171,113,1,-1,-1
473,31,381,0,170,113,1,-1,-1
474,31,381,0,170,113,1,-1,-1
475,31,381,0,170,113,1,-1,-1
476,31,381,0,170,113,1,-1,-1
477,31,381,0,170,112,1,-1,-1
478,31,381,0,170,112,1,-1,-1
479,31,381,0,170,112,1,-1,-1
480,31,381,0,171,112,1,-1,-1
481,31,381,0,171,112,1,-1,-1
482,31,381,0,171,112,1,-1,-1
483,31,381,0,171,112,1,-1,-1
484,31,381,0,171,112,1,-1,-1
485,31,381,0,171,113,1,-1,-1
486,31,381,0,171,113,1,-1,-1
487,31,381,0,171,114,1,-1,-1
488,31,381,0,171,114,1,-1,-1
489,31,381,0,171,115,1,-1,-1
490,31,381,0,171,116,1,-1,-1
491,31,381,0,171,116,1,-1,-1
492,31,381,0,171,117,1,-1,-1
493,31,381,0,172,118,1,-1,-1
494,31,381,0,172,118,1,-1,-1
495,31,381,0,172,118,1,-1,-1
496,31,381,0,172,118,1,-1,-1
497,31,381,0,172,118,1,-1,-1
498,31,381,0,172,118,1,-1,-1
499,31,381,0,172,118,1,-1,-1
500,31,381,0,172,118,1,-1,-1
501,31,381,0,173,119,1,-1,-1
502,31,381,0,172,119,1,-1,-1
503,31,381,0,172,119,1,-1,-1
504,31,381,0,172,119,1,-1,-1
505,31,381,0,172,119,1,-1,-1
506,31,381,0,172,120,1,-1,-1
507,31,381,0,172,120,1,-1,-1
508,31,381,0,172,120,1,-1,-1
509,31,381,0,172,120,1,-1,-1
510,31,381,0,172,120,1,-1,-1
511,31,381,0,172,121,1,-1,-1
512,31,381,0,172,121,1,-1,-1
513,31,381,0,172,121,1,-1,-1
514,31,381,0,172,121,1,-1,-1
515,31,381,0,172,121,1,-1,-1
516,31,381,0,172,122,1,-1,-1
517,31,381,0,172,122,1,-1,-1
518,31,381,0,172,122,1,-1,-1
519,31,381,0,173,122,1,-1,-1
520,31,381,0,173,122,1,-1,-1
521,31,381,0,173,122,1,-1,-1
522,31,381,0,174,122,1,-1,-1
523,31,381,0,173,122,1,-1,-1
524,31,381,0,173,122,1,-1,-1
525,31,381,0,173,122,1,-1,-1
526,31,381,0,173,123,1,-1,-1
527,31,381,0,173,123,1,-1,-1
528,31,381,0,173,123,1,-1,-1
529,31,381,0,173,123,1,-1,-1
530,31,381,0,173,124,1,-1,-1
531,31,381,0,173,124,1,-1,-1
532,31,381,0,173,124,1,-1,-1
533,31,381,0,173,124,1,-1,-1
534,31,381,0,173,124,1,-1,-1
535,31,381,0,173,124,1,-1,-1
536,31,381,0,173,124,1,-1,-1
537,31,381,0,173,124,1,-1,-1
44,37,379,0,117,43,1,-1,-1
45,37,378,0,117,47,1,-1,-1
46,37,378,0,116,51,1,-1,-1
47,37,378,0,116,55,1,-1,-1
48,37,377,0,116,59,1,-1,-1
49,37,377,0,116,63,1,-1,-1
50,37,377,0,115,67,1,-1,-1
51,37,377,0,115,71,1,-1,-1
52,37,376,0,115,75,1,-1,-1
53,37,376,0,115,79,1,-1,-1
54,37,376,0,114,83,1,-1,-1
55,37,376,0,114,88,1,-1,-1
56,37,375,0,114,91,1,-1,-1
57,37,375,0,113,95,1,-1,-1
58,37,374,0,113,99,1,-1,-1
59,37,374,0,113,103,1,-1,-1
60,37,373,0,113,107,1,-1,-1
61,37,373,0,113,111,1,-1,-1
62,37,373,0,112,115,1,-1,-1
63,37,373,0,112,119,1,-1,-1
64,37,373,0,112,124,1,-1,-1
65,37,372,0,112,124,1,-1,-1
66,37,372,0,112,125,1,-1,-1
67,37,372,0,112,126,1,-1,-1
68,37,372,0,112,126,1,-1,-1
69,37,372,0,111,127,1,-1,-1
70,37,372,0,111,128,1,-1,-1
71,37,372,0,111,128,1,-1,-1
72,37,372,0,111,129,1,-1,-1
73,37,372,0,111,130,1,-1,-1
74,37,371,0,112,129,1,-1,-1
75,37,371,0,112,129,1,-1,-1
76,37,371,0,112,129,1,-1,-1
77,37,371,0,112,129,1,-1,-1
78,37,371,0,112,129,1,-1,-1
79,37,371,0,112,129,1,-1,-1
80,37,371,0,112,129,1,-1,-1
81,37,371,0,112,129,1,-1,-1
82,37,371,0,112,129,1,-1,-1
83,37,371,0,112,129,1,-1,-1
84,37,371,0,112,129,1,-1,-1
85,37,371,0,112,129,1,-1,-1
86,37,371,0,112,129,1,-1,-1
87,37,371,0,112,129,1,-1,-1
88,37,371,0,112,129,1,-1,-1
89,37,371,0,112,129,1,-1,-1
90,37,371,0,112,129,1,-1,-1
91,37,371,0,112,129,1,-1,-1
92,37,371,0,112,129,1,-1,-1
93,37,371,0,112,129,1,-1,-1
94,37,371,0,112,129,1,-1,-1
95,37,371,0,112,129,1,-1,-1
96,37,371,0,112,129,1,-1,-1
97,37,371,0,112,129,1,-1,-1
98,37,371,0,112,129,1,-1,-1
99,37,371,0,112,129,1,-1,-1
100,37,371,0,112,129,1,-1,-1
101,37,371,0,112,129,1,-1,-1
102,37,371,0,112,129,1,-1,-1
103,37,371,0,112,129,1,-1,-1
104,37,371,0,112,129,1,-1,-1
105,37,371,0,112,129,1,-1,-1
106,37,371,0,112,129,1,-1,-1
107,37,371,0,112,129,1,-1,-1
108,37,371,0,112,129,1,-1,-1
109,37,371,0,112,129,1,-1,-1
110,37,371,0,112,129,1,-1,-1
111,37,371,0,112,129,1,-1,-1
112,37,371,0,112,129,1,-1,-1
113,37,371,0,112,129,1,-1,-1
114,37,371,0,112,129,1,-1,-1
115,37,371,0,112,129,1,-1,-1
116,37,371,0,112,129,1,-1,-1
117,37,371,0,112,129,1,-1,-1
118,37,371,0,112,129,1,-1,-1
119,37,371,0,112,129,1,-1,-1
120,37,371,0,112,129,1,-1,-1
121,37,371,0,112,129,1,-1,-1
122,37,371,0,112,129,1,-1,-1
123,37,371,0,112,129,1,-1,-1
124,37,371,0,112,129,1,-1,-1
125,37,371,0,112,129,1,-1,-1
126,37,371,0,112,129,1,-1,-1
127,37,371,0,112,129,1,-1,-1
128,37,371,0,112,129,1,-1,-1
129,37,371,0,112,129,1,-1,-1
130,37,371,0,112,129,1,-1,-1
131,37,371,0,112,129,1,-1,-1
132,37,371,0,112,129,1,-1,-1
133,37,371,0,112,129,1,-1,-1
134,37,371,0,112,129,1,-1,-1
135,37,371,0,112,129,1,-1,-1
136,37,371,0,112,129,1,-1,-1
137,37,371,0,112,129,1,-1,-1
138,37,371,0,112,129,1,-1,-1
139,37,371,0,112,129,1,-1,-1
140,37,371,0,112,129,1,-1,-1
141,37,371,0,113,129,1,-1,-1
142,37,371,0,113,129,1,-1,-1
143,37,371,0,113,129,1,-1,-1
144,37,371,0,113,129,1,-1,-1
145,37,371,0,113,129,1,-1,-1
146,37,371,0,113,129,1,-1,-1
147,37,371,0,113,129,1,-1,-1
148,37,371,0,113,129,1,-1,-1
149,37,371,0,113,129,1,-1,-1
150,37,371,0,113,129,1,-1,-1
151,37,371,0,113,129,1,-1,-1
152,37,371,0,113,129,1,-1,-1
153,37,371,0,113,129,1,-1,-1
154,37,371,0,113,129,1,-1,-1
155,37,371,0,113,129,1,-1,-1
156,37,371,0,113,129,1,-1,-1
157,37,371,0,113,129,1,-1,-1
158,37,371,0,113,129,1,-1,-1
159,37,371,0,113,129,1,-1,-1
160,37,371,0,113,129,1,-1,-1
161,37,371,0,113,129,1,-1,-1
162,37,371,0,113,129,1,-1,-1
163,37,371,0,113,129,1,-1,-1
164,37,371,0,113,129,1,-1,-1
165,37,371,0,113,129,1,-1,-1
166,37,371,0,113,129,1,-1,-1
167,37,371,0,113,129,1,-1,-1
168,37,371,0,113,129,1,-1,-1
169,37,371,0,113,129,1,-1,-1
170,37,371,0,113,129,1,-1,-1
171,37,371,0,113,129,1,-1,-1
172,37,371,0,113,129,1,-1,-1
173,37,371,0,113,129,1,-1,-1
174,37,371,0,113,129,1,-1,-1
175,37,371,0,113,129,1,-1,-1
176,37,371,0,113,129,1,-1,-1
177,37,371,0,113,129,1,-1,-1
178,37,371,0,113,129,1,-1,-1
179,37,371,0,113,129,1,-1,-1
180,37,371,0,113,129,1,-1,-1
181,37,371,0,113,129,1,-1,-1
182,37,371,0,113,129,1,-1,-1
183,37,371,0,113,129,1,-1,-1
184,37,371,0,113,129,1,-1,-1
185,37,371,0,113,129,1,-1,-1
186,37,371,0,113,129,1,-1,-1
187,37,371,0,113,129,1,-1,-1
188,37,371,0,113,129,1,-1,-1
189,37,371,0,113,129,1,-1,-1
190,37,371,0,113,129,1,-1,-1
191,37,371,0,113,129,1,-1,-1
192,37,371,0,113,129,1,-1,-1
193,37,371,0,113,129,1,-1,-1
194,37,371,0,113,129,1,-1,-1
195,37,371,0,113,129,1,-1,-1
196,37,371,0,113,129,1,-1,-1
197,37,371,0,113,129,1,-1,-1
198,37,371,0,113,129,1,-1,-1
199,37,371,0,113,129,1,-1,-1
200,37,371,0,113,129,1,-1,-1
201,37,371,0,113,129,1,-1,-1
202,37,371,0,113,129,1,-1,-1
203,37,371,0,113,129,1,-1,-1
204,37,371,0,113,129,1,-1,-1
205,37,371,0,113,129,1,-1,-1
206,37,371,0,113,129,1,-1,-1
207,37,371,0,113,129,1,-1,-1
208,37,371,0,114,129,1,-1,-1
209,37,371,0,114,128,1,-1,-1
210,37,371,0,114,128,1,-1,-1
211,37,371,0,114,128,1,-1,-1
212,37,371,0,114,128,1,-1,-1
213,37,371,0,114,128,1,-1,-1
214,37,371,0,114,128,1,-1,-1
215,37,371,0,114,128,1,-1,-1
216,37,371,0,114,128,1,-1,-1
217,37,371,0,114,128,1,-1,-1
218,37,371,0,114,128,1,-1,-1
219,37,371,0,114,128,1,-1,-1
220,37,371,0,114,128,1,-1,-1
221,37,371,0,114,127,1,-1,-1
222,37,371,0,114,127,1,-1,-1
223,37,371,0,114,127,1,-1,-1
224,37,371,0,114,127,1,-1,-1
225,37,371,0,114,127,1,-1,-1
226,37,371,0,114,127,1,-1,-1
227,37,371,0,114,127,1,-1,-1
228,37,371,0,114,127,1,-1,-1
229,37,371,0,114,127,1,-1,-1
230,37,371,0,114,127,1,-1,-1
231,37,371,0,114,127,1,-1,-1
232,37,371,0,114,127,1,-1,-1
233,37,371,0,114,127,1,-1,-1
234,37,371,0,114,126,1,-1,-1
235,37,371,0,114,126,1,-1,-1
236,37,371,0,114,126,1,-1,-1
237,37,371,0,114,126,1,-1,-1
238,37,371,0,114,126,1,-1,-1
239,37,371,0,114,126,1,-1,-1
240,37,371,0,114,126,1,-1,-1
241,37,371,0,114,126,1,-1,-1
242,37,371,0,114,126,1,-1,-1
243,37,371,0,114,126,1,-1,-1
244,37,371,0,114,126,1,-1,-1
245,37,371,0,114,126,1,-1,-1
246,37,371,0,114,125,1,-1,-1
247,37,371,0,114,125,1,-1,-1
248,37,371,0,114,125,1,-1,-1
249,37,371,0,114,125,1,-1,-1
250,37,371,0,114,125,1,-1,-1
251,37,371,0,114,125,1,-1,-1
252,37,371,0,114,125,1,-1,-1
253,37,371,0,114,125,1,-1,-1
254,37,371,0,114,125,1,-1,-1
255,37,371,0,114,125,1,-1,-1
256,37,371,0,114,125,1,-1,-1
257,37,371,0,114,125,1,-1,-1
258,37,371,0,115,125,1,-1,-1
259,37,371,0,115,124,1,-1,-1
260,37,371,0,115,124,1,-1,-1
261,37,371,0,115,124,1,-1,-1
262,37,371,0,116,124,1,-1,-1
263,37,371,0,116,124,1,-1,-1
264,37,371,0,116,124,1,-1,-1
265,37,371,0,117,124,1,-1,-1
266,37,371,0,117,124,1,-1,-1
267,37,371,0,117,124,1,-1,-1
268,37,371,0,118,124,1,-1,-1
269,37,371,0,118,124,1,-1,-1
270,37,371,0,118,124,1,-1,-1
271,37,371,0,118,124,1,-1,-1
272,37,371,0,119,124,1,-1,-1
273,37,371,0,119,124,1,-1,-1
274,37,371,0,119,124,1,-1,-1
275,37,371,0,120,124,1,-1,-1
276,37,371,0,120,124,1,-1,-1
277,37,371,0,120,124,1,-1,-1
278,37,371,0,121,124,1,-1,-1
279,37,371,0,121,124,1,-1,-1
280,37,371,0,121,124,1,-1,-1
281,37,371,0,122,124,1,-1,-1
282,37,371,0,122,124,1,-1,-1
283,37,371,0,122,124,1,-1,-1
284,37,371,0,122,124,1,-1,-1
285,37,371,0,122,124,1,-1,-1
286,37,371,0,122,125,1,-1,-1
287,37,371,0,122,125,1,-1,-1
288,37,371,0,122,125,1,-1,-1
289,37,371,0,122,125,1,-1,-1
290,37,371,0,122,126,1,-1,-1
291,37,371,0,122,126,1,-1,-1
292,37,371,0,122,126,1,-1,-1
293,37,371,0,122,126,1,-1,-1
294,37,371,0,122,127,1,-1,-1
295,37,371,0,122,127,1,-1,-1
296,37,371,0,122,127,1,-1,-1
297,37,371,0,122,127,1,-1,-1
298,37,371,0,122,128,1,-1,-1
299,37,371,0,122,128,1,-1,-1
300,37,371,0,122,128,1,-1,-1
301,37,371,0,122,128,1,-1,-1
302,37,371,0,123,129,1,-1,-1
303,37,371,0,123,129,1,-1,-1
304,37,371,0,123,129,1,-1,-1
305,37,371,0,123,129,1,-1,-1
306,37,371,0,123,130,1,-1,-1
307,37,371,0,123,130,1,-1,-1
308,37,371,0,123,130,1,-1,-1
309,37,371,0,123,130,1,-1,-1
310,37,371,0,123,131,1,-1,-1
311,37,371,0,123,131,1,-1,-1
312,37,371,0,123,131,1,-1,-1
313,37,371,0,123,131,1,-1,-1
314,37,371,0,123,132,1,-1,-1
315,37,371,0,123,132,1,-1,-1
316,37,371,0,123,132,1,-1,-1
317,37,371,0,123,132,1,-1,-1
318,37,371,0,123,133,1,-1,-1
319,37,371,0,123,133,1,-1,-1
320,37,371,0,123,133,1,-1,-1
321,37,371,0,123,133,1,-1,-1
322,37,371,0,124,134,1,-1,-1
59,38,491,0,263,82,1,-1,-1
60,38,491,0,262,83,1,-1,-1
61,38,491,0,262,84,1,-1,-1
62,38,491,0,262,85,1,-1,-1
63,38,491,0,261,86,1,-1,-1
64,38,491,0,261,87,1,-1,-1
65,38,491,0,261,89,1,-1,-1
66,38,491,0,260,89,1,-1,-1
67,38,491,0,260,89,1,-1,-1
68,38,491,0,260,89,1,-1,-1
69,38,491,0,260,89,1,-1,-1
70,38,491,0,260,90,1,-1,-1
71,38,491,0,260,90,1,-1,-1
72,38,491,0,260,90,1,-1,-1
73,38,491,0,260,90,1,-1,-1
74,38,491,0,260,90,1,-1,-1
75,38,491,0,260,91,1,-1,-1
76,38,491,0,260,91,1,-1,-1
77,38,491,0,260,91,1,-1,-1
78,38,491,0,259,91,1,-1,-1
79,38,491,0,259,91,1,-1,-1
80,38,491,0,259,92,1,-1,-1
81,38,491,0,259,92,1,-1,-1
82,38,491,0,259,92,1,-1,-1
83,38,491,0,259,92,1,-1,-1
84,38,491,0,259,92,1,-1,-1
85,38,491,0,259,93,1,-1,-1
86,38,491,0,259,93,1,-1,-1
87,38,491,0,259,93,1,-1,-1
88,38,491,0,259,93,1,-1,-1
89,38,491,0,259,94,1,-1,-1
90,38,491,0,259,93,1,-1,-1
91,38,491,0,259,93,1,-1,-1
92,38,491,0,259,92,1,-1,-1
93,38,491,0,259,92,1,-1,-1
94,38,491,0,260,92,1,-1,-1
95,38,491,0,259,92,1,-1,-1
96,38,491,0,259,93,1,-1,-1
97,38,491,0,259,94,1,-1,-1
98,38,491,0,259,94,1,-1,-1
99,38,491,0,259,95,1,-1,-1
100,38,491,0,259,96,1,-1,-1
101,38,491,0,259,96,1,-1,-1
102,38,491,0,259,97,1,-1,-1
103,38,491,0,259,98,1,-1,-1
104,38,491,0,258,98,1,-1,-1
105,38,491,0,258,98,1,-1,-1
106,38,491,0,258,98,1,-1,-1
107,38,491,0,258,99,1,-1,-1
108,38,491,0,258,99,1,-1,-1
109,38,491,0,257,99,1,-1,-1
110,38,491,0,257,100,1,-1,-1
111,38,491,0,257,100,1,-1,-1
112,38,491,0,257,100,1,-1,-1
113,38,491,0,257,101,1,-1,-1
114,38,491,0,256,101,1,-1,-1
115,38,491,0,256,101,1,-1,-1
116,38,491,0,256,101,1,-1,-1
117,38,491,0,256,102,1,-1,-1
118,38,491,0,256,102,1,-1,-1
119,38,491,0,255,102,1,-1,-1
120,38,491,0,255,103,1,-1,-1
121,38,491,0,255,103,1,-1,-1
122,38,491,0,255,103,1,-1,-1
123,38,491,0,255,104,1,-1,-1
124,38,491,0,254,104,1,-1,-1
125,38,491,0,254,105,1,-1,-1
126,38,491,0,254,105,1,-1,-1
127,38,491,0,254,106,1,-1,-1
128,38,491,0,254,107,1,-1,-1
129,38,491,0,253,107,1,-1,-1
130,38,491,0,253,108,1,-1,-1
131,38,491,0,253,108,1,-1,-1
132,38,491,0,253,109,1,-1,-1
133,38,491,0,253,110,1,-1,-1
134,38,491,0,252,110,1,-1,-1
135,38,491,0,252,110,1,-1,-1
136,38,491,0,252,110,1,-1,-1
137,38,491,0,252,110,1,-1,-1
138,38,491,0,252,110,1,-1,-1
139,38,491,0,252,110,1,-1,-1
140,38,491,0,252,111,1,-1,-1
141,38,491,0,252,111,1,-1,-1
142,38,491,0,252,111,1,-1,-1
143,38,491,0,252,111,1,-1,-1
144,38,491,0,252,111,1,-1,-1
145,38,491,0,252,111,1,-1,-1
146,38,491,0,252,111,1,-1,-1
147,38,491,0,252,112,1,-1,-1
148,38,491,0,252,112,1,-1,-1
149,38,491,0,252,112,1,-1,-1
150,38,491,0,252,112,1,-1,-1
151,38,491,0,252,112,1,-1,-1
152,38,491,0,252,112,1,-1,-1
153,38,491,0,252,113,1,-1,-1
154,38,491,0,252,113,1,-1,-1
155,38,491,0,252,113,1,-1,-1
156,38,491,0,252,113,1,-1,-1
157,38,491,0,252,113,1,-1,-1
158,38,491,0,253,113,1,-1,-1
159,38,491,0,253,113,1,-1,-1
160,38,491,0,253,113,1,-1,-1
161,38,491,0,253,114,1,-1,-1
162,38,491,0,253,114,1,-1,-1
163,38,491,0,254,114,1,-1,-1
164,38,491,0,254,114,1,-1,-1
165,38,491,0,254,114,1,-1,-1
166,38,491,0,254,114,1,-1,-1
167,38,491,0,255,114,1,-1,-1
168,38,491,0,255,115,1,-1,-1
169,38,491,0,255,115,1,-1,-1
170,38,491,0,255,115,1,-1,-1
171,38,491,0,255,115,1,-1,-1
172,38,491,0,256,115,1,-1,-1
173,38,491,0,256,115,1,-1,-1
174,38,491,0,256,115,1,-1,-1
175,38,491,0,256,115,1,-1,-1
176,38,491,0,257,116,1,-1,-1
177,38,491,0,257,116,1,-1,-1
178,38,491,0,257,116,1,-1,-1
179,38,491,0,257,116,1,-1,-1
180,38,491,0,257,116,1,-1,-1
181,38,491,0,258,116,1,-1,-1
182,38,491,0,258,116,1,-1,-1
183,38,491,0,258,117,1,-1,-1
184,38,491,0,258,117,1,-1,-1
185,38,491,0,259,117,1,-1,-1
186,38,491,0,259,117,1,-1,-1
187,38,491,0,259,117,1,-1,-1
188,38,491,0,259,117,1,-1,-1
189,38,491,0,259,117,1,-1,-1
190,38,491,0,260,118,1,-1,-1
191,38,491,0,260,118,1,-1,-1
192,38,491,0,260,118,1,-1,-1
193,38,491,0,260,118,1,-1,-1
194,38,491,0,261,118,1,-1,-1
195,38,491,0,261,118,1,-1,-1
196,38,491,0,261,118,1,-1,-1
197,38,491,0,261,118,1,-1,-1
198,38,491,0,261,119,1,-1,-1
199,38,491,0,262,119,1,-1,-1
200,38,491,0,262,119,1,-1,-1
201,38,491,0,262,119,1,-1,-1
202,38,491,0,262,119,1,-1,-1
203,38,491,0,263,119,1,-1,-1
204,38,491,0,263,119,1,-1,-1
205,38,491,0,263,120,1,-1,-1
206,38,491,0,263,120,1,-1,-1
207,38,491,0,263,120,1,-1,-1
208,38,491,0,264,120,1,-1,-1
209,38,491,0,264,120,1,-1,-1
210,38,491,0,264,120,1,-1,-1
211,38,491,0,264,120,1,-1,-1
212,38,491,0,265,121,1,-1,-1
213,38,491,0,264,120,1,-1,-1
214,38,491,0,264,120,1,-1,-1
215,38,491,0,264,120,1,-1,-1
216,38,491,0,264,119,1,-1,-1
217,38,491,0,264,119,1,-1,-1
218,38,491,0,264,119,1,-1,-1
219,38,491,0,264,118,1,-1,-1
220,38,491,0,264,118,1,-1,-1
221,38,491,0,264,118,1,-1,-1
222,38,491,0,264,117,1,-1,-1
223,38,491,0,264,117,1,-1,-1
224,38,491,0,264,117,1,-1,-1
225,38,491,0,264,116,1,-1,-1
226,38,491,0,264,116,1,-1,-1
227,38,491,0,264,116,1,-1,-1
228,38,491,0,264,115,1,-1,-1
229,38,491,0,264,115,1,-1,-1
230,38,491,0,264,115,1,-1,-1
231,38,491,0,263,116,1,-1,-1
232,38,491,0,263,117,1,-1,-1
233,38,491,0,263,119,1,-1,-1
234,38,491,0,263,119,1,-1,-1
235,38,491,0,263,119,1,-1,-1
236,38,491,0,263,119,1,-1,-1
237,38,491,0,263,119,1,-1,-1
238,38,491,0,263,119,1,-1,-1
239,38,491,0,264,119,1,-1,-1
240,38,491,0,264,119,1,-1,-1
241,38,491,0,264,120,1,-1,-1
242,38,491,0,264,120,1,-1,-1
243,38,491,0,264,120,1,-1,-1
244,38,491,0,265,120,1,-1,-1
245,38,491,0,265,120,1,-1,-1
246,38,491,0,265,120,1,-1,-1
247,38,491,0,265,120,1,-1,-1
248,38,491,0,265,120,1,-1,-1
249,38,491,0,265,121,1,-1,-1
250,38,491,0,266,121,1,-1,-1
251,38,491,0,266,121,1,-1,-1
252,38,491,0,266,121,1,-1,-1
253,38,491,0,266,121,1,-1,-1
254,38,491,0,266,121,1,-1,-1
255,38,491,0,267,121,1,-1,-1
256,38,491,0,267,122,1,-1,-1
257,38,491,0,267,122,1,-1,-1
258,38,491,0,267,122,1,-1,-1
259,38,491,0,267,122,1,-1,-1
260,38,491,0,267,122,1,-1,-1
261,38,491,0,268,122,1,-1,-1
262,38,491,0,268,122,1,-1,-1
263,38,491,0,268,122,1,-1,-1
264,38,491,0,268,123,1,-1,-1
265,38,491,0,268,123,1,-1,-1
266,38,491,0,269,123,1,-1,-1
267,38,491,0,269,123,1,-1,-1
268,38,491,0,269,123,1,-1,-1
269,38,491,0,269,123,1,-1,-1
270,38,491,0,269,123,1,-1,-1
271,38,491,0,270,124,1,-1,-1
272,38,490,0,271,124,1,-1,-1
273,38,490,0,272,124,1,-1,-1
274,38,490,0,272,124,1,-1,-1
275,38,490,0,273,124,1,-1,-1
276,38,490,0,273,124,1,-1,-1
277,38,490,0,274,124,1,-1,-1
278,38,490,0,274,124,1,-1,-1
279,38,490,0,275,124,1,-1,-1
280,38,490,0,275,124,1,-1,-1
281,38,490,0,276,124,1,-1,-1
282,38,490,0,277,124,1,-1,-1
283,38,489,0,278,124,1,-1,-1
284,38,489,0,279,124,1,-1,-1
285,38,489,0,279,124,1,-1,-1
286,38,489,0,280,124,1,-1,-1
287,38,489,0,280,124,1,-1,-1
288,38,489,0,281,124,1,-1,-1
289,38,489,0,281,124,1,-1,-1
290,38,489,0,282,124,1,-1,-1
291,38,489,0,282,124,1,-1,-1
292,38,489,0,283,124,1,-1,-1
293,38,489,0,284,125,1,-1,-1
294,38,489,0,283,125,1,-1,-1
295,38,489,0,282,126,1,-1,-1
296,38,490,0,281,127,1,-1,-1
297,38,490,0,280,128,1,-1,-1
298,38,491,0,279,129,1,-1,-1
299,38,490,0,280,129,1,-1,-1
300,38,490,0,280,129,1,-1,-1
301,38,490,0,280,129,1,-1,-1
302,38,490,0,281,129,1,-1,-1
303,38,489,0,282,129,1,-1,-1
304,38,489,0,282,129,1,-1,-1
305,38,489,0,282,129,1,-1,-1
306,38,489,0,283,129,1,-1,-1
307,38,489,0,283,129,1,-1,-1
308,38,488,0,284,129,1,-1,-1
309,38,488,0,284,129,1,-1,-1
310,38,488,0,285,130,1,-1,-1
311,38,488,0,285,130,1,-1,-1
312,38,488,0,285,130,1,-1,-1
313,38,487,0,286,130,1,-1,-1
314,38,487,0,287,130,1,-1,-1
315,38,487,0,287,130,1,-1,-1
316,38,487,0,287,130,1,-1,-1
317,38,487,0,287,130,1,-1,-1
318,38,486,0,289,130,1,-1,-1
319,38,486,0,289,130,1,-1,-1
320,38,486,0,289,130,1,-1,-1
321,38,486,0,289,130,1,-1,-1
322,38,486,0,290,131,1,-1,-1
