371,1,553,26,134,74,1,-1,-1
372,1,553,27,134,74,1,-1,-1
373,1,553,28,134,74,1,-1,-1
374,1,553,29,134,74,1,-1,-1
375,1,553,30,134,74,1,-1,-1
376,1,553,32,134,74,1,-1,-1
377,1,553,33,134,74,1,-1,-1
378,1,553,34,134,74,1,-1,-1
379,1,554,35,134,74,1,-1,-1
380,1,554,36,134,74,1,-1,-1
381,1,554,38,134,74,1,-1,-1
382,1,554,39,134,74,1,-1,-1
383,1,554,40,134,74,1,-1,-1
384,1,554,41,134,74,1,-1,-1
385,1,554,42,134,74,1,-1,-1
386,1,555,44,134,74,1,-1,-1
387,1,555,44,134,74,1,-1,-1
388,1,555,45,134,74,1,-1,-1
389,1,556,46,134,74,1,-1,-1
390,1,556,46,134,74,1,-1,-1
391,1,556,47,134,74,1,-1,-1
392,1,557,48,134,74,1,-1,-1
393,1,557,49,134,74,1,-1,-1
394,1,558,49,134,74,1,-1,-1
395,1,558,50,134,74,1,-1,-1
396,1,558,51,134,74,1,-1,-1
397,1,559,52,134,74,1,-1,-1
398,1,559,52,134,74,1,-1,-1
399,1,559,53,134,74,1,-1,-1
400,1,560,54,134,74,1,-1,-1
401,1,560,55,134,74,1,-1,-1
402,1,561,55,134,74,1,-1,-1
403,1,561,56,134,74,1,-1,-1
404,1,561,57,134,74,1,-1,-1
405,1,562,57,134,74,1,-1,-1
406,1,562,58,134,74,1,-1,-1
407,1,563,59,134,74,1,-1,-1
408,1,563,60,134,74,1,-1,-1
409,1,563,60,134,74,1,-1,-1
410,1,564,61,134,74,1,-1,-1
411,1,564,62,134,74,1,-1,-1
412,1,564,63,134,74,1,-1,-1
413,1,565,63,134,74,1,-1,-1
414,1,565,64,134,74,1,-1,-1
415,1,566,65,134,74,1,-1,-1
416,1,566,66,134,74,1,-1,-1
417,1,566,66,134,74,1,-1,-1
418,1,567,67,134,74,1,-1,-1
419,1,567,68,134,74,1,-1,-1
420,1,568,69,134,74,1,-1,-1
421,1,568,69,134,74,1,-1,-1
422,1,568,70,134,74,1,-1,-1
423,1,569,71,134,74,1,-1,-1
424,1,569,72,134,74,1,-1,-1
425,1,570,73,134,74,1,-1,-1
426,1,570,74,134,74,1,-1,-1
427,1,571,75,134,74,1,-1,-1
428,1,571,76,134,74,1,-1,-1
429,1,572,77,134,74,1,-1,-1
430,1,572,78,134,74,1,-1,-1
431,1,572,79,134,74,1,-1,-1
432,1,573,80,134,74,1,-1,-1
433,1,573,81,134,74,1,-1,-1
434,1,574,82,134,74,1,-1,-1
435,1,574,83,134,74,1,-1,-1
436,1,575,84,134,74,1,-1,-1
437,1,575,85,134,74,1,-1,-1
438,1,576,86,134,74,1,-1,-1
439,1,576,87,134,74,1,-1,-1
440,1,576,89,134,74,1,-1,-1
441,1,577,91,134,74,1,-1,-1
442,1,577,92,134,74,1,-1,-1
443,1,578,94,134,74,1,-1,-1
444,1,578,96,134,74,1,-1,-1
445,1,578,98,134,74,1,-1,-1
446,1,579,99,134,74,1,-1,-1
447,1,579,101,134,74,1,-1,-1
448,1,580,103,134,74,1,-1,-1
449,1,580,104,134,74,1,-1,-1
450,1,580,106,134,74,1,-1,-1
451,1,581,108,134,74,1,-1,-1
452,1,581,110,134,74,1,-1,-1
453,1,582,111,134,74,1,-1,-1
454,1,582,113,134,74,1,-1,-1
455,1,582,115,134,74,1,-1,-1
456,1,583,116,134,74,1,-1,-1
457,1,583,118,134,74,1,-1,-1
458,1,584,120,134,74,1,-1,-1
459,1,584,122,134,74,1,-1,-1
460,1,584,123,134,74,1,-1,-1
461,1,585,125,134,74,1,-1,-1
462,1,585,127,134,74,1,-1,-1
463,1,586,129,134,74,1,-1,-1
464,1,586,130,134,74,1,-1,-1
465,1,587,131,134,74,1,-1,-1
466,1,587,132,134,74,1,-1,-1
467,1,588,134,134,74,1,-1,-1
468,1,588,135,134,74,1,-1,-1
469,1,589,136,134,74,1,-1,-1
470,1,589,138,134,74,1,-1,-1
471,1,590,139,134,74,1,-1,-1
472,1,591,140,134,74,1,-1,-1
473,1,591,142,134,74,1,-1,-1
474,1,592,143,134,74,1,-1,-1
475,1,592,144,134,74,1,-1,-1
476,1,593,146,134,74,1,-1,-1
477,1,593,147,134,74,1,-1,-1
478,1,594,148,134,74,1,-1,-1
479,1,595,150,134,74,1,-1,-1
480,1,595,152,134,74,1,-1,-1
481,1,596,154,134,74,1,-1,-1
482,1,596,156,134,74,1,-1,-1
483,1,597,158,134,74,1,-1,-1
484,1,597,161,134,74,1,-1,-1
485,1,598,163,134,74,1,-1,-1
486,1,598,165,134,74,1,-1,-1
487,1,599,167,134,74,1,-1,-1
488,1,599,170,134,74,1,-1,-1
489,1,600,172,134,74,1,-1,-1
490,1,600,174,134,74,1,-1,-1
491,1,601,176,134,74,1,-1,-1
492,1,601,178,134,74,1,-1,-1
493,1,602,181,134,74,1,-1,-1
494,1,602,183,134,74,1,-1,-1
495,1,603,185,134,74,1,-1,-1
496,1,603,187,134,74,1,-1,-1
497,1,604,190,134,74,1,-1,-1
498,1,604,192,134,74,1,-1,-1
499,1,605,194,134,74,1,-1,-1
500,1,606,196,134,74,1,-1,-1
501,1,606,198,134,74,1,-1,-1
502,1,607,201,134,74,1,-1,-1
503,1,607,203,134,74,1,-1,-1
504,1,608,205,134,74,1,-1,-1
505,1,608,207,134,74,1,-1,-1
506,1,609,210,134,74,1,-1,-1
507,1,609,212,134,74,1,-1,-1
508,1,610,214,134,74,1,-1,-1
509,1,610,216,134,74,1,-1,-1
510,1,611,218,134,74,1,-1,-1
511,1,611,221,134,74,1,-1,-1
512,1,612,223,134,74,1,-1,-1
513,1,612,225,134,74,1,-1,-1
514,1,613,227,134,74,1,-1,-1
515,1,613,230,134,74,1,-1,-1
516,1,614,232,134,74,1,-1,-1
517,1,614,234,134,74,1,-1,-1
518,1,615,236,134,74,1,-1,-1
519,1,616,239,134,74,1,-1,-1
520,1,616,241,134,74,1,-1,-1
521,1,617,244,134,74,1,-1,-1
522,1,618,247,134,74,1,-1,-1
523,1,618,250,134,74,1,-1,-1
524,1,619,252,134,74,1,-1,-1
525,1,620,255,134,74,1,-1,-1
526,1,620,258,134,74,1,-1,-1
527,1,621,261,134,74,1,-1,-1
528,1,622,263,134,74,1,-1,-1
529,1,622,266,134,74,1,-1,-1
530,1,623,269,134,74,1,-1,-1
531,1,624,272,134,74,1,-1,-1
532,1,624,274,134,74,1,-1,-1
533,1,625,277,134,74,1,-1,-1
534,1,626,280,134,74,1,-1,-1
535,1,626,283,134,74,1,-1,-1
536,1,627,285,134,74,1,-1,-1
537,1,628,288,134,74,1,-1,-1
538,1,628,291,134,74,1,-1,-1
539,1,629,294,134,74,1,-1,-1
540,1,630,296,134,74,1,-1,-1
541,1,630,299,134,74,1,-1,-1
542,1,631,302,134,74,1,-1,-1
543,1,632,305,134,74,1,-1,-1
544,1,632,307,134,74,1,-1,-1
545,1,633,310,134,74,1,-1,-1
546,1,634,313,134,74,1,-1,-1
547,1,634,316,134,74,1,-1,-1
548,1,635,318,134,74,1,-1,-1
549,1,636,321,134,74,1,-1,-1
550,1,636,324,134,74,1,-1,-1
551,1,637,327,134,74,1,-1,-1
552,1,638,329,134,74,1,-1,-1
553,1,638,332,134,74,1,-1,-1
554,1,639,335,134,74,1,-1,-1
555,1,640,338,134,74,1,-1,-1
556,1,641,342,134,74,1,-1,-1
557,1,642,347,134,74,1,-1,-1
558,1,643,351,134,74,1,-1,-1
559,1,644,356,134,74,1,-1,-1
560,1,646,361,134,74,1,-1,-1
561,1,647,365,134,74,1,-1,-1
562,1,648,370,134,74,1,-1,-1
563,1,649,374,134,74,1,-1,-1
564,1,650,379,134,74,1,-1,-1
565,1,652,384,134,74,1,-1,-1
566,1,653,388,134,74,1,-1,-1
567,1,654,393,134,74,1,-1,-1
568,1,655,397,134,74,1,-1,-1
569,1,656,402,134,74,1,-1,-1
570,1,658,407,134,74,1,-1,-1
571,1,659,411,134,74,1,-1,-1
572,1,660,416,134,74,1,-1,-1
573,1,661,420,134,74,1,-1,-1
574,1,662,425,134,74,1,-1,-1
575,1,664,430,134,74,1,-1,-1
576,1,664,433,134,75,1,-1,-1
577,1,664,436,134,76,1,-1,-1
578,1,664,439,134,77,1,-1,-1
579,1,664,442,134,79,1,-1,-1
580,1,664,445,134,80,1,-1,-1
581,1,664,448,134,81,1,-1,-1
582,1,665,451,133,83,1,-1,-1
583,1,665,454,133,80,1,-1,-1
584,1,665,457,134,78,1,-1,-1
585,1,665,460,134,76,1,-1,-1
1,2,20,0,205,497,1,-1,-1
2,2,19,0,205,498,1,-1,-1
3,2,19,0,205,500,1,-1,-1
4,2,19,0,204,502,1,-1,-1
5,2,19,0,204,503,1,-1,-1
6,2,19,0,203,505,1,-1,-1
7,2,18,0,204,507,1,-1,-1
8,2,18,0,203,508,1,-1,-1
9,2,18,0,203,510,1,-1,-1
10,2,18,0,202,512,1,-1,-1
11,2,18,0,202,514,1,-1,-1
12,2,16,0,203,516,1,-1,-1
13,2,14,0,204,518,1,-1,-1
14,2,12,0,206,521,1,-1,-1
15,2,10,0,207,523,1,-1,-1
16,2,9,0,208,526,1,-1,-1
17,2,7,0,209,528,1,-1,-1
18,2,5,0,210,530,1,-1,-1
19,2,3,0,212,533,1,-1,-1
20,2,1,0,213,535,1,-1,-1
21,2,0,0,214,538,1,-1,-1
22,2,0,0,214,529,1,-1,-1
23,2,0,0,215,521,1,-1,-1
24,2,0,0,215,513,1,-1,-1
25,2,0,0,216,504,1,-1,-1
26,2,0,0,216,496,1,-1,-1
27,2,0,0,217,488,1,-1,-1
28,2,0,0,217,479,1,-1,-1
29,2,0,0,218,471,1,-1,-1
30,2,0,0,218,463,1,-1,-1
31,2,0,1,219,454,1,-1,-1
32,2,0,0,218,458,1,-1,-1
33,2,0,0,217,462,1,-1,-1
34,2,0,0,216,465,1,-1,-1
35,2,0,0,215,469,1,-1,-1
36,2,0,0,214,472,1,-1,-1
37,2,0,0,213,476,1,-1,-1
38,2,0,0,212,479,1,-1,-1
39,2,0,0,211,483,1,-1,-1
40,2,0,0,210,486,1,-1,-1
41,2,0,0,209,490,1,-1,-1
42,2,0,0,209,490,1,-1,-1
43,2,0,0,209,490,1,-1,-1
44,2,0,0,209,490,1,-1,-1
45,2,0,0,209,490,1,-1,-1
46,2,0,0,209,490,1,-1,-1
47,2,0,0,209,490,1,-1,-1
48,2,0,0,209,490,1,-1,-1
49,2,0,0,209,490,1,-1,-1
50,2,0,0,209,490,1,-1,-1
51,2,0,0,210,491,1,-1,-1
52,2,0,0,209,491,1,-1,-1
53,2,0,0,208,491,1,-1,-1
54,2,0,0,207,491,1,-1,-1
55,2,0,0,206,491,1,-1,-1
56,2,0,0,205,492,1,-1,-1
57,2,0,0,204,492,1,-1,-1
58,2,0,0,203,492,1,-1,-1
59,2,0,0,202,492,1,-1,-1
60,2,0,0,201,492,1,-1,-1
61,2,0,0,201,493,1,-1,-1
62,2,0,0,199,493,1,-1,-1
63,2,0,0,198,493,1,-1,-1
64,2,0,0,197,493,1,-1,-1
65,2,0,0,196,493,1,-1,-1
66,2,0,0,195,494,1,-1,-1
67,2,0,0,193,494,1,-1,-1
68,2,0,0,192,494,1,-1,-1
69,2,0,0,191,494,1,-1,-1
70,2,0,0,190,494,1,-1,-1
71,2,0,0,189,495,1,-1,-1
72,2,0,0,189,495,1,-1,-1
73,2,0,0,189,495,1,-1,-1
74,2,0,0,189,495,1,-1,-1
75,2,0,0,189,495,1,-1,-1
76,2,0,0,189,496,1,-1,-1
77,2,0,0,189,496,1,-1,-1
78,2,0,0,189,496,1,-1,-1
79,2,0,0,189,496,1,-1,-1
80,2,0,0,189,496,1,-1,-1
81,2,0,0,189,497,1,-1,-1
82,2,0,0,187,497,1,-1,-1
83,2,0,0,186,497,1,-1,-1
84,2,0,0,184,497,1,-1,-1
85,2,0,0,183,498,1,-1,-1
86,2,0,0,181,498,1,-1,-1
87,2,0,0,180,498,1,-1,-1
88,2,0,0,178,499,1,-1,-1
89,2,0,0,177,499,1,-1,-1
90,2,0,0,175,499,1,-1,-1
91,2,0,0,174,500,1,-1,-1
92,2,0,0,176,500,1,-1,-1
93,2,0,0,178,500,1,-1,-1
94,2,0,0,180,500,1,-1,-1
95,2,0,0,182,500,1,-1,-1
96,2,0,0,185,501,1,-1,-1
97,2,0,0,187,501,1,-1,-1
98,2,0,0,189,501,1,-1,-1
99,2,0,0,191,501,1,-1,-1
100,2,0,0,193,501,1,-1,-1
101,2,0,0,196,502,1,-1,-1
102,2,0,22,190,480,1,-1,-1
103,2,0,45,184,457,1,-1,-1
104,2,0,68,178,434,1,-1,-1
105,2,0,91,172,411,1,-1,-1
106,2,0,114,167,388,1,-1,-1
107,2,0,136,161,366,1,-1,-1
108,2,0,159,155,343,1,-1,-1
109,2,0,182,149,320,1,-1,-1
110,2,0,205,143,297,1,-1,-1
111,2,0,228,138,274,1,-1,-1
112,2,0,229,140,276,1,-1,-1
113,2,0,230,142,278,1,-1,-1
114,2,0,231,144,280,1,-1,-1
115,2,0,232,146,282,1,-1,-1
116,2,0,233,148,285,1,-1,-1
117,2,0,234,150,287,1,-1,-1
118,2,0,235,152,289,1,-1,-1
119,2,0,236,154,291,1,-1,-1
120,2,0,237,156,293,1,-1,-1
121,2,0,239,158,295,1,-1,-1
122,2,0,236,158,297,1,-1,-1
123,2,0,234,158,299,1,-1,-1
124,2,0,232,159,301,1,-1,-1
125,2,0,230,159,303,1,-1,-1
126,2,0,228,159,305,1,-1,-1
127,2,0,225,160,308,1,-1,-1
128,2,0,223,160,309,1,-1,-1
129,2,0,221,160,311,1,-1,-1
130,2,0,219,161,313,1,-1,-1
131,2,0,217,161,315,1,-1,-1
132,2,0,214,161,318,1,-1,-1
133,2,0,212,162,320,1,-1,-1
134,2,0,210,162,322,1,-1,-1
135,2,0,208,162,323,1,-1,-1
136,2,0,206,163,325,1,-1,-1
137,2,0,203,163,328,1,-1,-1
138,2,0,201,163,330,1,-1,-1
139,2,0,199,164,332,1,-1,-1
140,2,0,197,164,334,1,-1,-1
141,2,0,195,165,336,1,-1,-1
142,2,0,192,167,338,1,-1,-1
143,2,0,190,169,340,1,-1,-1
144,2,0,188,172,342,1,-1,-1
145,2,0,186,174,344,1,-1,-1
146,2,0,184,177,346,1,-1,-1
147,2,0,182,179,348,1,-1,-1
148,2,0,179,182,351,1,-1,-1
149,2,0,177,184,353,1,-1,-1
150,2,0,175,186,355,1,-1,-1
151,2,0,173,189,357,1,-1,-1
152,2,0,171,191,359,1,-1,-1
153,2,0,169,194,361,1,-1,-1
154,2,0,166,196,364,1,-1,-1
155,2,0,164,199,366,1,-1,-1
156,2,0,162,201,368,1,-1,-1
157,2,0,160,203,370,1,-1,-1
158,2,0,158,206,372,1,-1,-1
159,2,0,156,208,374,1,-1,-1
160,2,0,153,211,377,1,-1,-1
161,2,0,151,213,379,1,-1,-1
162,2,0,149,216,381,1,-1,-1
163,2,0,147,218,383,1,-1,-1
164,2,0,145,220,385,1,-1,-1
165,2,0,143,223,387,1,-1,-1
166,2,0,140,225,390,1,-1,-1
167,2,0,138,228,392,1,-1,-1
168,2,0,136,230,394,1,-1,-1
169,2,0,134,233,396,1,-1,-1
170,2,0,132,235,398,1,-1,-1
171,2,0,130,238,400,1,-1,-1
172,2,0,127,240,403,1,-1,-1
173,2,0,125,242,405,1,-1,-1
174,2,0,123,245,407,1,-1,-1
175,2,0,121,247,409,1,-1,-1
176,2,0,119,250,411,1,-1,-1
177,2,0,117,252,413,1,-1,-1
178,2,0,114,255,416,1,-1,-1
179,2,0,112,257,418,1,-1,-1
180,2,0,110,259,420,1,-1,-1
181,2,0,108,262,422,1,-1,-1
182,2,0,106,264,424,1,-1,-1
183,2,0,104,267,426,1,-1,-1
184,2,0,101,269,429,1,-1,-1
185,2,0,99,272,431,1,-1,-1
186,2,0,97,274,433,1,-1,-1
187,2,0,95,276,435,1,-1,-1
188,2,0,93,279,437,1,-1,-1
189,2,0,91,281,439,1,-1,-1
190,2,0,88,284,442,1,-1,-1
191,2,0,86,286,444,1,-1,-1
192,2,0,84,289,446,1,-1,-1
193,2,0,82,291,448,1,-1,-1
194,2,0,80,293,450,1,-1,-1
195,2,0,78,296,452,1,-1,-1
196,2,0,75,298,455,1,-1,-1
197,2,0,73,301,457,1,-1,-1
198,2,0,71,303,459,1,-1,-1
199,2,0,69,306,461,1,-1,-1
200,2,0,67,308,463,1,-1,-1
201,2,0,65,311,465,1,-1,-1
202,2,0,62,313,468,1,-1,-1
203,2,0,60,315,470,1,-1,-1
204,2,0,58,318,472,1,-1,-1
205,2,0,56,320,474,1,-1,-1
206,2,0,54,323,476,1,-1,-1
207,2,0,52,325,478,1,-1,-1
208,2,0,49,328,481,1,-1,-1
209,2,0,47,330,483,1,-1,-1
210,2,0,45,332,485,1,-1,-1
211,2,0,43,335,487,1,-1,-1
212,2,0,41,337,489,1,-1,-1
213,2,0,39,340,491,1,-1,-1
214,2,0,36,342,494,1,-1,-1
215,2,0,34,345,496,1,-1,-1
216,2,0,32,347,498,1,-1,-1
217,2,0,30,349,500,1,-1,-1
218,2,0,28,352,502,1,-1,-1
219,2,0,26,354,504,1,-1,-1
220,2,0,23,357,507,1,-1,-1
221,2,0,21,359,509,1,-1,-1
222,2,0,19,362,511,1,-1,-1
223,2,0,17,364,513,1,-1,-1
224,2,0,15,366,515,1,-1,-1
225,2,0,13,369,517,1,-1,-1
226,2,0,10,371,520,1,-1,-1
227,2,0,8,374,522,1,-1,-1
228,2,0,6,376,524,1,-1,-1
229,2,0,4,379,526,1,-1,-1
230,2,0,2,381,528,1,-1,-1
231,2,0,0,384,530,1,-1,-1
232,2,0,0,383,529,1,-1,-1
233,2,0,0,383,529,1,-1,-1
234,2,0,0,383,528,1,-1,-1
235,2,0,0,383,528,1,-1,-1
236,2,0,0,382,527,1,-1,-1
237,2,0,0,382,527,1,-1,-1
238,2,0,0,382,527,1,-1,-1
239,2,0,0,382,526,1,-1,-1
240,2,0,0,381,526,1,-1,-1
241,2,0,0,381,525,1,-1,-1
242,2,0,0,381,525,1,-1,-1
243,2,0,0,381,524,1,-1,-1
244,2,0,0,381,524,1,-1,-1
245,2,0,0,380,524,1,-1,-1
246,2,0,0,380,523,1,-1,-1
247,2,0,0,380,523,1,-1,-1
248,2,0,0,380,522,1,-1,-1
249,2,0,0,379,522,1,-1,-1
250,2,0,0,379,521,1,-1,-1
251,2,0,0,379,521,1,-1,-1
252,2,0,0,379,521,1,-1,-1
253,2,0,0,378,520,1,-1,-1
254,2,0,0,378,520,1,-1,-1
255,2,0,0,378,519,1,-1,-1
256,2,0,0,378,519,1,-1,-1
257,2,0,0,378,518,1,-1,-1
258,2,0,0,377,518,1,-1,-1
259,2,0,0,377,518,1,-1,-1
260,2,0,0,377,517,1,-1,-1
261,2,0,0,377,517,1,-1,-1
262,2,0,0,376,516,1,-1,-1
263,2,0,0,376,516,1,-1,-1
264,2,0,0,376,515,1,-1,-1
265,2,0,0,376,515,1,-1,-1
266,2,0,0,376,515,1,-1,-1
267,2,0,0,375,514,1,-1,-1
268,2,0,0,375,514,1,-1,-1
269,2,0,0,375,513,1,-1,-1
270,2,0,0,375,513,1,-1,-1
271,2,0,0,374,512,1,-1,-1
272,2,0,0,374,512,1,-1,-1
273,2,0,0,374,512,1,-1,-1
274,2,0,0,374,511,1,-1,-1
275,2,0,0,373,511,1,-1,-1
276,2,0,0,373,510,1,-1,-1
277,2,0,0,373,510,1,-1,-1
278,2,0,0,373,509,1,-1,-1
279,2,0,0,373,509,1,-1,-1
280,2,0,0,372,509,1,-1,-1
281,2,0,0,372,508,1,-1,-1
282,2,0,0,372,508,1,-1,-1
283,2,0,0,372,507,1,-1,-1
284,2,0,0,371,507,1,-1,-1
285,2,0,0,371,506,1,-1,-1
286,2,0,0,371,506,1,-1,-1
287,2,0,0,371,506,1,-1,-1
288,2,0,0,370,505,1,-1,-1
289,2,0,0,370,505,1,-1,-1
290,2,0,0,370,504,1,-1,-1
291,2,0,0,370,504,1,-1,-1
292,2,0,0,370,503,1,-1,-1
293,2,0,0,369,503,1,-1,-1
294,2,0,0,369,503,1,-1,-1
295,2,0,0,369,502,1,-1,-1
296,2,0,0,369,502,1,-1,-1
297,2,0,0,368,501,1,-1,-1
298,2,0,0,368,501,1,-1,-1
299,2,0,0,368,500,1,-1,-1
300,2,0,0,368,500,1,-1,-1
301,2,0,0,368,500,1,-1,-1
302,2,3,0,361,501,1,-1,-1
303,2,7,0,353,503,1,-1,-1
304,2,11,0,345,505,1,-1,-1
305,2,15,0,337,507,1,-1,-1
306,2,19,0,330,509,1,-1,-1
307,2,23,0,322,511,1,-1,-1
308,2,27,0,314,513,1,-1,-1
309,2,31,0,306,515,1,-1,-1
310,2,35,0,298,517,1,-1,-1
311,2,39,0,291,519,1,-1,-1
312,2,42,0,284,521,1,-1,-1
313,2,46,0,276,523,1,-1,-1
314,2,50,0,268,525,1,-1,-1
315,2,54,0,260,527,1,-1,-1
316,2,58,0,253,529,1,-1,-1
317,2,62,0,245,531,1,-1,-1
318,2,66,0,237,533,1,-1,-1
319,2,70,0,229,535,1,-1,-1
320,2,74,0,221,537,1,-1,-1
321,2,78,0,214,539,1,-1,-1
322,2,75,0,216,538,1,-1,-1
323,2,73,0,218,538,1,-1,-1
324,2,71,0,220,538,1,-1,-1
325,2,69,0,222,538,1,-1,-1
326,2,67,0,224,538,1,-1,-1
327,2,65,0,226,537,1,-1,-1
328,2,63,0,228,537,1,-1,-1
329,2,61,0,230,537,1,-1,-1
330,2,59,0,232,537,1,-1,-1
331,2,57,0,234,537,1,-1,-1
332,2,54,0,236,537,1,-1,-1
333,2,52,0,238,537,1,-1,-1
334,2,50,0,239,537,1,-1,-1
335,2,47,0,242,537,1,-1,-1
336,2,45,0,244,538,1,-1,-1
337,2,43,0,245,538,1,-1,-1
338,2,40,0,248,538,1,-1,-1
339,2,38,0,249,538,1,-1,-1
340,2,36,0,251,538,1,-1,-1
341,2,34,0,253,539,1,-1,-1
342,2,32,0,253,539,1,-1,-1
343,2,30,0,253,539,1,-1,-1
344,2,28,0,253,539,1,-1,-1
345,2,26,0,253,539,1,-1,-1
346,2,24,0,253,539,1,-1,-1
347,2,22,0,253,539,1,-1,-1
348,2,20,0,253,539,1,-1,-1
349,2,18,0,253,539,1,-1,-1
350,2,16,0,253,539,1,-1,-1
351,2,14,0,253,539,1,-1,-1
352,2,12,0,255,538,1,-1,-1
353,2,11,0,256,538,1,-1,-1
354,2,9,0,258,537,1,-1,-1
355,2,8,0,259,537,1,-1,-1
356,2,7,0,260,536,1,-1,-1
357,2,5,0,262,536,1,-1,-1
358,2,4,0,263,535,1,-1,-1
359,2,2,0,265,535,1,-1,-1
360,2,1,0,266,534,1,-1,-1
361,2,0,0,268,534,1,-1,-1
362,2,0,0,268,534,1,-1,-1
363,2,0,1,268,534,1,-1,-1
364,2,0,1,268,534,1,-1,-1
365,2,0,2,268,534,1,-1,-1
366,2,0,2,268,534,1,-1,-1
367,2,0,3,268,534,1,-1,-1
368,2,0,3,268,534,1,-1,-1
369,2,0,4,268,534,1,-1,-1
370,2,0,4,268,534,1,-1,-1
371,2,0,5,268,534,1,-1,-1
372,2,0,4,267,534,1,-1,-1
373,2,0,4,266,534,1,-1,-1
374,2,0,4,266,534,1,-1,-1
375,2,0,4,265,534,1,-1,-1
376,2,0,4,265,534,1,-1,-1
377,2,0,4,264,534,1,-1,-1
378,2,0,4,264,534,1,-1,-1
379,2,0,4,263,534,1,-1,-1
380,2,0,4,262,534,1,-1,-1
381,2,0,4,262,534,1,-1,-1
382,2,0,4,261,534,1,-1,-1
383,2,0,4,261,534,1,-1,-1
384,2,0,4,260,534,1,-1,-1
385,2,0,4,260,534,1,-1,-1
386,2,0,4,259,534,1,-1,-1
387,2,0,4,258,534,1,-1,-1
388,2,0,4,258,534,1,-1,-1
389,2,0,4,257,534,1,-1,-1
390,2,0,4,257,534,1,-1,-1
391,2,0,4,256,534,1,-1,-1
392,2,0,4,256,534,1,-1,-1
393,2,0,4,255,534,1,-1,-1
394,2,0,4,254,534,1,-1,-1
395,2,0,4,254,534,1,-1,-1
396,2,0,4,253,534,1,-1,-1
397,2,0,4,253,534,1,-1,-1
398,2,0,4,252,534,1,-1,-1
399,2,0,4,252,534,1,-1,-1
400,2,0,4,251,534,1,-1,-1
401,2,0,4,251,534,1,-1,-1
402,2,0,4,250,534,1,-1,-1
403,2,0,4,249,534,1,-1,-1
404,2,0,4,249,534,1,-1,-1
405,2,0,4,248,534,1,-1,-1
406,2,0,4,248,534,1,-1,-1
407,2,0,4,247,534,1,-1,-1
408,2,0,4,247,534,1,-1,-1
409,2,0,4,246,534,1,-1,-1
410,2,0,4,245,534,1,-1,-1
411,2,0,4,245,534,1,-1,-1
412,2,0,4,244,534,1,-1,-1
413,2,0,4,244,534,1,-1,-1
414,2,0,4,243,534,1,-1,-1
415,2,0,4,243,534,1,-1,-1
416,2,0,4,242,534,1,-1,-1
417,2,0,4,241,534,1,-1,-1
418,2,0,4,241,534,1,-1,-1
419,2,0,4,240,534,1,-1,-1
420,2,0,4,240,534,1,-1,-1
421,2,0,4,239,534,1,-1,-1
422,2,0,4,239,534,1,-1,-1
423,2,0,4,238,534,1,-1,-1
424,2,0,4,237,534,1,-1,-1
425,2,0,4,237,534,1,-1,-1
426,2,0,4,236,534,1,-1,-1
427,2,0,4,236,534,1,-1,-1
428,2,0,4,235,534,1,-1,-1
429,2,0,4,235,534,1,-1,-1
430,2,0,4,234,534,1,-1,-1
431,2,0,4,234,534,1,-1,-1
432,2,0,4,234,533,1,-1,-1
433,2,0,4,234,533,1,-1,-1
434,2,0,4,234,533,1,-1,-1
435,2,0,4,235,533,1,-1,-1
436,2,0,4,235,533,1,-1,-1
437,2,0,4,235,533,1,-1,-1
438,2,0,4,236,533,1,-1,-1
439,2,0,4,236,533,1,-1,-1
440,2,0,4,236,533,1,-1,-1
441,2,0,4,236,533,1,-1,-1
442,2,0,4,237,533,1,-1,-1
443,2,0,4,237,533,1,-1,-1
444,2,0,4,237,533,1,-1,-1
445,2,0,4,238,533,1,-1,-1
446,2,0,4,238,533,1,-1,-1
447,2,0,4,238,533,1,-1,-1
448,2,0,4,238,533,1,-1,-1
449,2,0,4,239,533,1,-1,-1
450,2,0,4,239,533,1,-1,-1
451,2,0,4,239,533,1,-1,-1
452,2,0,4,240,533,1,-1,-1
453,2,0,4,240,533,1,-1,-1
454,2,0,4,240,533,1,-1,-1
455,2,0,4,241,533,1,-1,-1
456,2,0,4,241,533,1,-1,-1
457,2,0,4,241,533,1,-1,-1
458,2,0,4,241,533,1,-1,-1
459,2,0,4,242,533,1,-1,-1
460,2,0,4,242,533,1,-1,-1
461,2,0,4,242,533,1,-1,-1
462,2,0,4,243,533,1,-1,-1
463,2,0,4,243,533,1,-1,-1
464,2,0,4,243,533,1,-1,-1
465,2,0,4,243,533,1,-1,-1
466,2,0,4,244,533,1,-1,-1
467,2,0,4,244,533,1,-1,-1
468,2,0,4,244,533,1,-1,-1
469,2,0,4,245,533,1,-1,-1
470,2,0,4,245,533,1,-1,-1
471,2,0,4,245,533,1,-1,-1
472,2,0,4,245,533,1,-1,-1
473,2,0,4,246,533,1,-1,-1
474,2,0,4,246,533,1,-1,-1
475,2,0,4,246,533,1,-1,-1
476,2,0,4,247,533,1,-1,-1
477,2,0,4,247,533,1,-1,-1
478,2,0,4,247,533,1,-1,-1
479,2,0,4,248,533,1,-1,-1
480,2,0,4,248,533,1,-1,-1
481,2,0,4,248,533,1,-1,-1
482,2,0,4,248,533,1,-1,-1
483,2,0,4,249,533,1,-1,-1
484,2,0,4,249,533,1,-1,-1
485,2,0,4,249,533,1,-1,-1
486,2,0,4,250,533,1,-1,-1
487,2,0,4,250,533,1,-1,-1
488,2,0,4,250,533,1,-1,-1
489,2,0,4,250,533,1,-1,-1
490,2,0,4,251,533,1,-1,-1
491,2,0,4,251,533,1,-1,-1
492,2,0,4,251,533,1,-1,-1
493,2,0,4,252,533,1,-1,-1
494,2,0,4,252,533,1,-1,-1
495,2,0,4,252,533,1,-1,-1
496,2,0,4,252,533,1,-1,-1
497,2,0,4,253,533,1,-1,-1
498,2,0,4,253,533,1,-1,-1
499,2,0,4,253,533,1,-1,-1
500,2,0,4,254,533,1,-1,-1
501,2,0,4,254,533,1,-1,-1
502,2,0,4,254,533,1,-1,-1
503,2,0,4,255,533,1,-1,-1
504,2,0,4,255,533,1,-1,-1
505,2,0,4,255,533,1,-1,-1
506,2,0,4,255,533,1,-1,-1
507,2,0,4,256,533,1,-1,-1
508,2,0,4,256,533,1,-1,-1
509,2,0,4,256,533,1,-1,-1
510,2,0,4,257,533,1,-1,-1
511,2,0,4,257,533,1,-1,-1
512,2,0,4,257,533,1,-1,-1
513,2,0,4,257,533,1,-1,-1
514,2,0,4,258,533,1,-1,-1
515,2,0,4,258,533,1,-1,-1
516,2,0,4,258,533,1,-1,-1
517,2,0,4,259,533,1,-1,-1
518,2,0,4,259,533,1,-1,-1
519,2,0,4,259,533,1,-1,-1
520,2,0,4,259,533,1,-1,-1
521,2,0,4,260,533,1,-1,-1
522,2,0,4,260,533,1,-1,-1
523,2,0,4,260,533,1,-1,-1
524,2,0,4,261,533,1,-1,-1
525,2,0,4,261,533,1,-1,-1
526,2,0,4,261,533,1,-1,-1
527,2,0,4,262,533,1,-1,-1
528,2,0,4,262,533,1,-1,-1
529,2,0,4,262,533,1,-1,-1
530,2,0,4,262,533,1,-1,-1
531,2,0,4,263,533,1,-1,-1
532,2,0,4,263,533,1,-1,-1
533,2,0,4,263,533,1,-1,-1
534,2,0,4,264,533,1,-1,-1
535,2,0,4,264,533,1,-1,-1
536,2,0,4,264,533,1,-1,-1
537,2,0,4,264,533,1,-1,-1
538,2,0,4,265,533,1,-1,-1
539,2,0,4,265,533,1,-1,-1
540,2,0,4,265,533,1,-1,-1
541,2,0,4,266,533,1,-1,-1
542,2,0,4,266,533,1,-1,-1
543,2,0,4,266,533,1,-1,-1
544,2,0,4,266,533,1,-1,-1
545,2,0,4,267,533,1,-1,-1
546,2,0,4,267,533,1,-1,-1
547,2,0,4,267,533,1,-1,-1
548,2,0,4,268,533,1,-1,-1
549,2,0,4,268,533,1,-1,-1
550,2,0,4,268,533,1,-1,-1
551,2,0,4,269,533,1,-1,-1
552,2,0,4,268,528,1,-1,-1
553,2,0,4,268,523,1,-1,-1
554,2,0,4,268,518,1,-1,-1
555,2,0,4,268,513,1,-1,-1
556,2,0,4,267,508,1,-1,-1
557,2,0,4,267,503,1,-1,-1
558,2,0,4,267,498,1,-1,-1
559,2,0,4,267,493,1,-1,-1
560,2,0,4,267,488,1,-1,-1
561,2,0,4,266,483,1,-1,-1
562,2,0,4,266,478,1,-1,-1
563,2,0,4,266,473,1,-1,-1
564,2,0,4,266,468,1,-1,-1
565,2,0,4,265,463,1,-1,-1
566,2,0,4,265,458,1,-1,-1
567,2,0,4,265,453,1,-1,-1
568,2,0,4,265,449,1,-1,-1
569,2,0,4,265,444,1,-1,-1
570,2,0,4,264,439,1,-1,-1
571,2,0,4,264,434,1,-1,-1
572,2,0,4,264,429,1,-1,-1
573,2,0,4,264,424,1,-1,-1
574,2,0,4,263,419,1,-1,-1
575,2,0,4,263,414,1,-1,-1
576,2,0,4,263,409,1,-1,-1
577,2,0,4,263,404,1,-1,-1
578,2,0,4,263,399,1,-1,-1
579,2,0,4,262,394,1,-1,-1
580,2,0,4,262,389,1,-1,-1
581,2,0,4,262,384,1,-1,-1
582,2,0,4,262,379,1,-1,-1
583,2,0,4,261,374,1,-1,-1
584,2,0,4,261,369,1,-1,-1
585,2,0,4,261,365,1,-1,-1
586,2,0,4,261,360,1,-1,-1
587,2,0,4,261,355,1,-1,-1
588,2,0,4,260,350,1,-1,-1
589,2,0,4,260,345,1,-1,-1
590,2,0,4,260,340,1,-1,-1
591,2,0,4,260,335,1,-1,-1
592,2,0,4,259,330,1,-1,-1
593,2,0,4,259,325,1,-1,-1
594,2,0,4,259,320,1,-1,-1
595,2,0,4,259,315,1,-1,-1
596,2,0,4,259,310,1,-1,-1
597,2,0,4,258,305,1,-1,-1
598,2,0,4,258,300,1,-1,-1
599,2,0,4,258,295,1,-1,-1
600,2,0,4,258,290,1,-1,-1
601,2,0,4,258,286,1,-1,-1
602,2,0,4,257,289,1,-1,-1
603,2,0,4,257,292,1,-1,-1
604,2,0,4,257,295,1,-1,-1
605,2,0,4,257,298,1,-1,-1
606,2,0,4,257,302,1,-1,-1
607,2,0,4,256,305,1,-1,-1
608,2,0,4,256,308,1,-1,-1
609,2,0,4,256,311,1,-1,-1
610,2,0,4,256,314,1,-1,-1
611,2,0,4,256,318,1,-1,-1
612,2,0,4,255,319,1,-1,-1
613,2,0,4,255,321,1,-1,-1
614,2,0,4,255,322,1,-1,-1
615,2,0,4,255,324,1,-1,-1
616,2,0,4,255,325,1,-1,-1
617,2,0,4,254,327,1,-1,-1
618,2,0,4,254,328,1,-1,-1
619,2,0,4,254,330,1,-1,-1
620,2,0,4,254,331,1,-1,-1
621,2,0,4,254,333,1,-1,-1
622,2,0,4,254,333,1,-1,-1
522,5,517,0,152,88,1,-1,-1
523,5,517,0,152,88,1,-1,-1
524,5,518,0,152,88,1,-1,-1
525,5,518,0,152,88,1,-1,-1
526,5,519,0,152,88,1,-1,-1
527,5,520,0,152,88,1,-1,-1
528,5,520,0,152,88,1,-1,-1
529,5,521,0,152,88,1,-1,-1
530,5,521,0,152,88,1,-1,-1
531,5,522,0,152,88,1,-1,-1
532,5,523,0,152,89,1,-1,-1
533,5,523,0,152,89,1,-1,-1
534,5,524,0,152,89,1,-1,-1
535,5,524,0,153,89,1,-1,-1
536,5,525,0,152,89,1,-1,-1
537,5,525,0,153,89,1,-1,-1
538,5,526,0,153,89,1,-1,-1
539,5,526,0,153,89,1,-1,-1
540,5,527,0,153,89,1,-1,-1
541,5,527,0,154,89,1,-1,-1
542,5,528,0,154,89,1,-1,-1
543,5,528,0,154,89,1,-1,-1
544,5,529,0,154,90,1,-1,-1
545,5,529,0,154,90,1,-1,-1
546,5,530,0,154,91,1,-1,-1
547,5,530,0,154,91,1,-1,-1
548,5,531,0,154,92,1,-1,-1
549,5,531,0,154,92,1,-1,-1
550,5,532,0,154,93,1,-1,-1
551,5,532,0,154,93,1,-1,-1
552,5,533,0,154,94,1,-1,-1
553,5,534,0,154,94,1,-1,-1
554,5,534,0,154,95,1,-1,-1
555,5,535,0,154,95,1,-1,-1
556,5,535,0,154,96,1,-1,-1
557,5,536,0,154,96,1,-1,-1
558,5,536,0,154,97,1,-1,-1
559,5,537,0,154,97,1,-1,-1
560,5,537,0,154,98,1,-1,-1
561,5,538,0,154,98,1,-1,-1
562,5,539,0,154,99,1,-1,-1
563,5,540,0,154,99,1,-1,-1
564,5,541,0,154,99,1,-1,-1
565,5,542,0,154,100,1,-1,-1
566,5,543,0,154,100,1,-1,-1
567,5,545,0,154,101,1,-1,-1
568,5,546,0,154,101,1,-1,-1
569,5,547,0,154,102,1,-1,-1
570,5,548,0,154,102,1,-1,-1
571,5,549,0,154,103,1,-1,-1
572,5,551,0,154,103,1,-1,-1
573,5,552,0,154,103,1,-1,-1
574,5,553,0,154,104,1,-1,-1
575,5,554,0,154,104,1,-1,-1
576,5,555,0,154,105,1,-1,-1
577,5,557,0,154,105,1,-1,-1
578,5,558,0,154,106,1,-1,-1
579,5,559,0,154,106,1,-1,-1
580,5,560,0,154,107,1,-1,-1
581,5,561,0,154,107,1,-1,-1
582,5,563,0,154,108,1,-1,-1
583,5,562,0,154,108,1,-1,-1
584,5,562,0,154,109,1,-1,-1
585,5,562,0,154,110,1,-1,-1
586,5,562,0,154,110,1,-1,-1
587,5,562,0,154,111,1,-1,-1
588,5,562,0,153,112,1,-1,-1
589,5,562,0,153,112,1,-1,-1
590,5,562,0,153,113,1,-1,-1
591,5,562,0,153,114,1,-1,-1
592,5,562,0,153,115,1,-1,-1
593,5,561,0,153,116,1,-1,-1
594,5,561,0,153,117,1,-1,-1
595,5,561,0,153,119,1,-1,-1
596,5,561,0,153,120,1,-1,-1
597,5,561,0,152,121,1,-1,-1
598,5,561,0,152,123,1,-1,-1
599,5,561,0,152,124,1,-1,-1
600,5,561,0,152,125,1,-1,-1
601,5,561,0,152,127,1,-1,-1
602,5,561,1,152,127,1,-1,-1
603,5,561,2,153,128,1,-1,-1
604,5,562,4,153,128,1,-1,-1
605,5,562,5,154,129,1,-1,-1
606,5,562,7,155,129,1,-1,-1
607,5,563,8,155,130,1,-1,-1
608,5,563,9,156,131,1,-1,-1
609,5,563,11,157,131,1,-1,-1
610,5,564,12,156,132,1,-1,-1
611,5,564,14,157,132,1,-1,-1
612,5,564,15,158,132,1,-1,-1
613,5,565,16,158,133,1,-1,-1
614,5,565,18,159,133,1,-1,-1
615,5,565,19,160,134,1,-1,-1
616,5,566,21,160,134,1,-1,-1
617,5,566,22,161,135,1,-1,-1
618,5,566,23,161,136,1,-1,-1
619,5,567,25,161,136,1,-1,-1
620,5,567,26,162,137,1,-1,-1
621,5,567,28,163,137,1,-1,-1
622,5,568,29,163,137,1,-1,-1
623,5,568,30,164,138,1,-1,-1
624,5,568,32,165,138,1,-1,-1
625,5,569,33,165,139,1,-1,-1
626,5,569,35,166,139,1,-1,-1
627,5,569,36,166,140,1,-1,-1
628,5,570,37,166,141,1,-1,-1
629,5,570,39,167,141,1,-1,-1
630,5,570,40,168,142,1,-1,-1
631,5,571,42,168,142,1,-1,-1
632,5,571,43,169,142,1,-1,-1
633,5,571,44,170,143,1,-1,-1
634,5,572,46,170,143,1,-1,-1
635,5,572,47,170,144,1,-1,-1
636,5,572,49,171,144,1,-1,-1
637,5,573,50,171,145,1,-1,-1
638,5,573,51,172,146,1,-1,-1
639,5,573,53,173,146,1,-1,-1
640,5,574,54,173,147,1,-1,-1
641,5,574,56,174,147,1,-1,-1
642,5,574,57,175,147,1,-1,-1
643,5,575,58,174,148,1,-1,-1
644,5,575,60,175,148,1,-1,-1
645,5,575,61,176,149,1,-1,-1
646,5,576,62,176,150,1,-1,-1
647,5,576,64,177,150,1,-1,-1
648,5,576,65,178,151,1,-1,-1
649,5,577,67,178,151,1,-1,-1
650,5,577,68,179,152,1,-1,-1
651,5,578,70,179,152,1,-1,-1
652,5,579,70,179,154,1,-1,-1
653,5,580,71,179,156,1,-1,-1
654,5,581,71,179,158,1,-1,-1
655,5,582,72,179,160,1,-1,-1
656,5,584,73,178,161,1,-1,-1
657,5,585,73,179,164,1,-1,-1
658,5,586,74,179,166,1,-1,-1
659,5,587,74,179,168,1,-1,-1
660,5,588,75,179,170,1,-1,-1
661,5,590,76,178,171,1,-1,-1
662,5,591,76,178,174,1,-1,-1
663,5,592,77,179,175,1,-1,-1
664,5,593,78,179,177,1,-1,-1
665,5,594,78,179,180,1,-1,-1
666,5,596,79,178,181,1,-1,-1
667,5,597,79,178,184,1,-1,-1
668,5,598,80,179,185,1,-1,-1
669,5,599,81,179,187,1,-1,-1
670,5,600,81,179,190,1,-1,-1
671,5,602,82,178,191,1,-1,-1
672,5,603,83,178,193,1,-1,-1
673,5,604,83,178,195,1,-1,-1
674,5,605,84,179,197,1,-1,-1
675,5,606,84,179,199,1,-1,-1
676,5,608,85,178,201,1,-1,-1
677,5,609,86,178,203,1,-1,-1
678,5,610,86,178,205,1,-1,-1
679,5,611,87,179,207,1,-1,-1
680,5,612,87,179,209,1,-1,-1
681,5,614,88,178,211,1,-1,-1
682,5,615,89,178,212,1,-1,-1
683,5,616,89,178,215,1,-1,-1
684,5,617,90,178,217,1,-1,-1
685,5,618,91,179,218,1,-1,-1
686,5,620,91,178,221,1,-1,-1
687,5,621,92,178,222,1,-1,-1
688,5,622,92,178,225,1,-1,-1
689,5,623,93,178,227,1,-1,-1
690,5,624,94,179,228,1,-1,-1
691,5,626,94,178,231,1,-1,-1
692,5,627,95,178,232,1,-1,-1
693,5,628,96,178,234,1,-1,-1
694,5,629,96,178,236,1,-1,-1
695,5,630,97,178,238,1,-1,-1
696,5,632,97,178,241,1,-1,-1
697,5,633,98,178,242,1,-1,-1
698,5,634,99,178,244,1,-1,-1
699,5,635,99,178,246,1,-1,-1
700,5,636,100,178,248,1,-1,-1
701,5,638,101,178,250,1,-1,-1
702,5,638,102,179,252,1,-1,-1
703,5,639,103,179,254,1,-1,-1
704,5,640,104,180,256,1,-1,-1
705,5,641,106,180,257,1,-1,-1
706,5,642,107,180,259,1,-1,-1
707,5,643,108,181,261,1,-1,-1
708,5,644,109,181,263,1,-1,-1
709,5,645,111,182,264,1,-1,-1
710,5,646,112,182,266,1,-1,-1
711,5,647,113,182,268,1,-1,-1
712,5,648,114,183,270,1,-1,-1
713,5,649,116,183,271,1,-1,-1
714,5,650,117,183,273,1,-1,-1
715,5,651,118,184,275,1,-1,-1
716,5,652,119,184,277,1,-1,-1
717,5,653,121,185,278,1,-1,-1
718,5,654,122,185,281,1,-1,-1
719,5,655,123,185,283,1,-1,-1
720,5,656,124,186,285,1,-1,-1
721,5,657,126,186,286,1,-1,-1
722,5,658,127,186,288,1,-1,-1
723,5,659,128,187,290,1,-1,-1
724,5,660,129,187,292,1,-1,-1
725,5,661,131,188,293,1,-1,-1
726,5,662,132,188,295,1,-1,-1
727,5,662,133,189,297,1,-1,-1
728,5,663,135,190,298,1,-1,-1
729,5,664,136,190,300,1,-1,-1
730,5,665,137,191,302,1,-1,-1
731,5,666,138,191,304,1,-1,-1
732,5,667,140,191,305,1,-1,-1
733,5,668,141,192,307,1,-1,-1
734,5,669,142,192,309,1,-1,-1
735,5,670,143,192,312,1,-1,-1
736,5,671,145,193,313,1,-1,-1
737,5,672,146,193,315,1,-1,-1
738,5,673,147,194,317,1,-1,-1
739,5,674,148,194,319,1,-1,-1
740,5,675,150,194,320,1,-1,-1
741,5,676,151,195,322,1,-1,-1
742,5,677,152,195,324,1,-1,-1
743,5,678,153,195,326,1,-1,-1
744,5,679,155,196,327,1,-1,-1
745,5,680,156,196,329,1,-1,-1
746,5,681,157,197,331,1,-1,-1
747,5,682,158,197,333,1,-1,-1
748,5,683,160,197,334,1,-1,-1
749,5,684,161,198,336,1,-1,-1
750,5,685,162,198,338,1,-1,-1
751,5,686,164,199,340,1,-1,-1
752,5,687,165,199,341,1,-1,-1
753,5,688,167,199,342,1,-1,-1
754,5,689,169,200,343,1,-1,-1
755,5,690,170,200,345,1,-1,-1
756,5,691,172,201,346,1,-1,-1
757,5,693,174,200,347,1,-1,-1
758,5,694,176,201,348,1,-1,-1
759,5,695,177,201,350,1,-1,-1
760,5,696,179,202,351,1,-1,-1
761,5,697,181,202,352,1,-1,-1
762,5,699,183,202,353,1,-1,-1
763,5,700,184,203,348,1,-1,-1
764,5,701,186,204,343,1,-1,-1
765,5,702,188,205,338,1,-1,-1
766,5,704,189,205,333,1,-1,-1
767,5,705,191,207,328,1,-1,-1
768,5,706,193,208,323,1,-1,-1
769,5,707,194,209,318,1,-1,-1
770,5,709,196,209,313,1,-1,-1
771,5,710,198,210,308,1,-1,-1
772,5,711,200,212,303,1,-1,-1
773,5,712,201,213,298,1,-1,-1
774,5,714,203,213,293,1,-1,-1
775,5,715,205,214,288,1,-1,-1
776,5,716,206,215,283,1,-1,-1
777,5,717,208,217,278,1,-1,-1
778,5,719,210,217,273,1,-1,-1
779,5,720,211,218,268,1,-1,-1
780,5,721,213,219,263,1,-1,-1
781,5,722,215,220,258,1,-1,-1
782,5,724,217,221,253,1,-1,-1
783,5,725,218,221,255,1,-1,-1
784,5,726,220,221,257,1,-1,-1
785,5,727,222,221,258,1,-1,-1
786,5,729,224,220,260,1,-1,-1
787,5,730,225,221,263,1,-1,-1
788,5,731,227,221,264,1,-1,-1
789,5,732,229,221,266,1,-1,-1
790,5,734,231,220,268,1,-1,-1
791,5,735,233,220,269,1,-1,-1
792,5,736,234,221,272,1,-1,-1
793,5,737,236,221,273,1,-1,-1
794,5,739,238,220,275,1,-1,-1
795,5,740,240,220,277,1,-1,-1
796,5,741,242,220,278,1,-1,-1
797,5,742,243,221,281,1,-1,-1
798,5,744,245,220,283,1,-1,-1
799,5,745,247,220,284,1,-1,-1
800,5,746,249,220,286,1,-1,-1
801,5,748,251,220,288,1,-1,-1
802,5,749,253,220,286,1,-1,-1
803,5,751,255,220,284,1,-1,-1
804,5,752,258,220,281,1,-1,-1
805,5,754,260,220,279,1,-1,-1
806,5,756,263,220,276,1,-1,-1
807,5,757,265,220,274,1,-1,-1
808,5,759,268,220,271,1,-1,-1
809,5,760,270,220,269,1,-1,-1
810,5,762,273,220,266,1,-1,-1
811,5,764,275,220,264,1,-1,-1
812,5,765,278,220,261,1,-1,-1
813,5,767,280,220,259,1,-1,-1
814,5,768,283,220,256,1,-1,-1
815,5,770,285,220,254,1,-1,-1
816,5,772,288,220,251,1,-1,-1
817,5,773,290,220,249,1,-1,-1
818,5,775,292,220,247,1,-1,-1
819,5,776,295,220,244,1,-1,-1
820,5,778,297,220,242,1,-1,-1
821,5,780,300,220,239,1,-1,-1
822,5,781,302,220,237,1,-1,-1
823,5,783,305,220,234,1,-1,-1
824,5,784,307,220,232,1,-1,-1
825,5,786,310,220,229,1,-1,-1
826,5,788,312,220,227,1,-1,-1
827,5,789,315,220,224,1,-1,-1
828,5,791,317,220,222,1,-1,-1
829,5,792,320,220,219,1,-1,-1
830,5,794,322,220,217,1,-1,-1
831,5,796,325,220,214,1,-1,-1
832,5,797,327,219,212,1,-1,-1
833,5,799,329,217,210,1,-1,-1
834,5,800,331,217,208,1,-1,-1
835,5,802,333,215,206,1,-1,-1
836,5,803,335,214,204,1,-1,-1
837,5,805,337,213,202,1,-1,-1
838,5,806,339,212,200,1,-1,-1
839,5,808,341,210,198,1,-1,-1
840,5,809,343,210,196,1,-1,-1
841,5,811,346,208,193,1,-1,-1
842,5,813,348,206,191,1,-1,-1
843,5,814,350,206,189,1,-1,-1
844,5,816,352,204,187,1,-1,-1
845,5,817,354,203,185,1,-1,-1
846,5,819,356,202,183,1,-1,-1
847,5,820,358,201,181,1,-1,-1
848,5,822,360,199,179,1,-1,-1
849,5,823,362,199,177,1,-1,-1
850,5,825,364,197,175,1,-1,-1
1182,12,290,0,53,27,1,-1,-1
1183,12,289,0,53,27,1,-1,-1
1184,12,289,1,53,27,1,-1,-1
1185,12,289,2,53,27,1,-1,-1
1186,12,288,3,53,27,1,-1,-1
1187,12,288,4,53,27,1,-1,-1
1188,12,288,4,53,27,1,-1,-1
1189,12,287,5,53,27,1,-1,-1
1190,12,287,6,53,27,1,-1,-1
1191,12,287,7,53,27,1,-1,-1
1192,12,287,8,53,27,1,-1,-1
1193,12,286,8,53,27,1,-1,-1
1194,12,286,9,53,27,1,-1,-1
1195,12,286,10,53,27,1,-1,-1
1196,12,285,11,53,27,1,-1,-1
1197,12,285,12,53,27,1,-1,-1
1198,12,285,12,53,27,1,-1,-1
1199,12,284,13,53,27,1,-1,-1
1200,12,284,14,53,27,1,-1,-1
1201,12,284,15,53,27,1,-1,-1
1202,12,284,16,53,27,1,-1,-1
1203,12,283,16,53,27,1,-1,-1
1204,12,283,17,53,27,1,-1,-1
1205,12,283,18,53,27,1,-1,-1
1206,12,282,19,53,27,1,-1,-1
1207,12,282,20,53,27,1,-1,-1
1208,12,282,20,53,27,1,-1,-1
1209,12,281,21,53,27,1,-1,-1
1210,12,281,22,53,27,1,-1,-1
1211,12,281,23,53,27,1,-1,-1
1212,12,281,24,53,27,1,-1,-1
1213,12,281,24,52,27,1,-1,-1
1214,12,281,24,52,28,1,-1,-1
1215,12,281,24,52,28,1,-1,-1
1216,12,281,24,52,29,1,-1,-1
1217,12,281,24,52,29,1,-1,-1
1218,12,281,24,52,30,1,-1,-1
1219,12,281,24,52,30,1,-1,-1
1220,12,281,24,52,31,1,-1,-1
1221,12,281,24,52,31,1,-1,-1
1222,12,281,24,52,32,1,-1,-1
1,27,804,319,218,219,1,-1,-1
2,27,804,319,218,219,1,-1,-1
3,27,804,319,218,219,1,-1,-1
4,27,804,319,218,219,1,-1,-1
5,27,804,319,218,219,1,-1,-1
6,27,804,319,218,219,1,-1,-1
7,27,804,319,218,219,1,-1,-1
8,27,804,319,218,219,1,-1,-1
9,27,804,319,218,219,1,-1,-1
10,27,804,319,218,219,1,-1,-1
11,27,804,319,218,219,1,-1,-1
12,27,804,319,218,219,1,-1,-1
13,27,804,319,218,219,1,-1,-1
14,27,804,319,218,219,1,-1,-1
15,27,804,319,218,219,1,-1,-1
16,27,804,319,218,219,1,-1,-1
17,27,804,319,218,219,1,-1,-1
18,27,804,319,218,219,1,-1,-1
19,27,804,319,218,219,1,-1,-1
20,27,804,319,218,219,1,-1,-1
21,27,804,319,218,219,1,-1,-1
22,27,804,319,218,219,1,-1,-1
23,27,804,319,218,219,1,-1,-1
24,27,804,319,218,219,1,-1,-1
25,27,804,319,218,219,1,-1,-1
26,27,804,319,218,219,1,-1,-1
27,27,804,319,218,219,1,-1,-1
28,27,804,319,218,219,1,-1,-1
29,27,804,319,218,219,1,-1,-1
30,27,804,319,218,219,1,-1,-1
31,27,804,319,218,219,1,-1,-1
32,27,804,319,218,219,1,-1,-1
33,27,804,319,218,219,1,-1,-1
34,27,804,319,218,219,1,-1,-1
35,27,804,319,218,219,1,-1,-1
36,27,804,319,218,219,1,-1,-1
37,27,804,319,218,219,1,-1,-1
38,27,804,319,218,219,1,-1,-1
39,27,804,319,218,219,1,-1,-1
40,27,804,319,218,219,1,-1,-1
41,27,804,319,218,219,1,-1,-1
42,27,804,319,218,219,1,-1,-1
43,27,804,319,218,219,1,-1,-1
44,27,804,319,218,219,1,-1,-1
45,27,804,319,218,219,1,-1,-1
46,27,804,319,218,219,1,-1,-1
47,27,804,319,218,219,1,-1,-1
1,28,663,0,344,295,1,-1,-1
2,28,663,0,343,297,1,-1,-1
3,28,664,0,342,299,1,-1,-1
4,28,665,0,341,302,1,-1,-1
5,28,666,0,339,304,1,-1,-1
6,28,667,0,338,307,1,-1,-1
7,28,668,0,337,309,1,-1,-1
8,28,669,0,335,311,1,-1,-1
9,28,670,0,334,314,1,-1,-1
10,28,671,0,333,316,1,-1,-1
11,28,672,0,332,319,1,-1,-1
12,28,673,0,330,322,1,-1,-1
13,28,674,0,329,326,1,-1,-1
14,28,675,0,328,329,1,-1,-1
15,28,676,0,326,333,1,-1,-1
16,28,677,0,325,336,1,-1,-1
17,28,678,0,324,340,1,-1,-1
18,28,679,0,322,343,1,-1,-1
19,28,680,0,321,347,1,-1,-1
20,28,681,0,320,350,1,-1,-1
21,28,683,0,318,354,1,-1,-1
22,28,684,0,316,357,1,-1,-1
23,28,685,0,315,360,1,-1,-1
24,28,686,0,314,364,1,-1,-1
25,28,688,0,312,367,1,-1,-1
26,28,689,0,311,371,1,-1,-1
27,28,690,0,310,374,1,-1,-1
28,28,692,0,308,377,1,-1,-1
29,28,693,0,307,381,1,-1,-1
30,28,694,0,306,384,1,-1,-1
31,28,696,0,304,388,1,-1,-1
32,28,697,0,303,392,1,-1,-1
33,28,698,0,302,396,1,-1,-1
34,28,699,0,301,400,1,-1,-1
35,28,700,0,300,404,1,-1,-1
36,28,702,0,299,409,1,-1,-1
37,28,703,0,298,413,1,-1,-1
38,28,704,0,297,417,1,-1,-1
39,28,705,0,296,421,1,-1,-1
40,28,706,0,295,425,1,-1,-1
41,28,708,0,294,430,1,-1,-1
42,28,710,0,291,434,1,-1,-1
43,28,713,0,288,438,1,-1,-1
44,28,715,0,286,442,1,-1,-1
45,28,718,0,282,447,1,-1,-1
46,28,721,0,279,451,1,-1,-1
47,28,723,0,277,455,1,-1,-1
48,28,726,0,273,460,1,-1,-1
49,28,728,0,271,464,1,-1,-1
50,28,731,0,268,468,1,-1,-1
51,28,734,0,265,473,1,-1,-1
52,28,734,0,266,478,1,-1,-1
53,28,735,0,266,484,1,-1,-1
54,28,736,0,267,489,1,-1,-1
55,28,737,0,267,495,1,-1,-1
56,28,738,0,268,500,1,-1,-1
57,28,738,0,269,506,1,-1,-1
58,28,739,0,269,511,1,-1,-1
59,28,740,0,270,517,1,-1,-1
60,28,741,0,270,522,1,-1,-1
61,28,742,0,271,528,1,-1,-1
62,28,743,1,270,528,1,-1,-1
63,28,744,2,270,528,1,-1,-1
64,28,745,3,270,528,1,-1,-1
65,28,746,4,270,528,1,-1,-1
66,28,747,5,270,528,1,-1,-1
67,28,748,6,270,528,1,-1,-1
68,28,749,7,270,528,1,-1,-1
69,28,750,8,270,528,1,-1,-1
70,28,751,9,270,528,1,-1,-1
71,28,753,10,269,528,1,-1,-1
72,28,753,9,268,528,1,-1,-1
73,28,753,9,268,527,1,-1,-1
74,28,754,9,267,526,1,-1,-1
75,28,754,9,267,525,1,-1,-1
76,28,755,9,266,524,1,-1,-1
77,28,755,9,266,523,1,-1,-1
78,28,756,9,264,522,1,-1,-1
79,28,756,9,264,521,1,-1,-1
80,28,757,9,263,520,1,-1,-1
81,28,757,9,263,519,1,-1,-1
82,28,758,9,262,518,1,-1,-1
83,28,758,9,262,517,1,-1,-1
84,28,759,9,261,516,1,-1,-1
85,28,759,9,260,515,1,-1,-1
86,28,760,9,259,514,1,-1,-1
87,28,760,9,259,513,1,-1,-1
88,28,761,9,258,512,1,-1,-1
89,28,761,9,258,511,1,-1,-1
90,28,762,9,257,510,1,-1,-1
91,28,762,9,257,509,1,-1,-1
92,28,762,9,256,508,1,-1,-1
93,28,763,9,255,507,1,-1,-1
94,28,763,9,255,506,1,-1,-1
95,28,764,9,254,505,1,-1,-1
96,28,764,9,254,504,1,-1,-1
97,28,765,9,253,503,1,-1,-1
98,28,765,9,252,502,1,-1,-1
99,28,766,9,251,501,1,-1,-1
100,28,766,9,251,500,1,-1,-1
101,28,767,9,250,499,1,-1,-1
102,28,767,9,250,498,1,-1,-1
103,28,768,9,249,497,1,-1,-1
104,28,768,9,249,496,1,-1,-1
105,28,769,9,247,495,1,-1,-1
106,28,769,9,247,494,1,-1,-1
107,28,770,9,246,493,1,-1,-1
108,28,770,9,246,492,1,-1,-1
109,28,771,9,245,491,1,-1,-1
110,28,771,9,245,490,1,-1,-1
111,28,772,9,244,489,1,-1,-1
112,28,773,9,242,474,1,-1,-1
113,28,775,9,240,460,1,-1,-1
114,28,776,9,239,445,1,-1,-1
115,28,778,9,236,431,1,-1,-1
116,28,780,9,234,416,1,-1,-1
117,28,781,9,233,402,1,-1,-1
118,28,783,9,230,387,1,-1,-1
119,28,784,9,229,373,1,-1,-1
120,28,786,9,227,358,1,-1,-1
121,28,788,9,225,344,1,-1,-1
122,28,790,9,222,342,1,-1,-1
123,28,793,9,219,340,1,-1,-1
124,28,795,9,217,338,1,-1,-1
125,28,798,9,213,336,1,-1,-1
126,28,801,9,210,334,1,-1,-1
127,28,803,9,208,332,1,-1,-1
128,28,806,9,204,330,1,-1,-1
129,28,808,9,202,328,1,-1,-1
130,28,811,9,199,326,1,-1,-1
131,28,814,9,196,324,1,-1,-1
132,28,816,9,194,320,1,-1,-1
133,28,818,9,193,317,1,-1,-1
134,28,820,9,191,314,1,-1,-1
135,28,822,9,190,311,1,-1,-1
136,28,824,9,189,308,1,-1,-1
137,28,826,9,187,305,1,-1,-1
138,28,828,9,186,302,1,-1,-1
139,28,830,9,184,299,1,-1,-1
140,28,832,9,183,296,1,-1,-1
141,28,834,9,182,293,1,-1,-1
142,28,828,9,188,295,1,-1,-1
143,28,823,9,194,298,1,-1,-1
144,28,818,9,200,301,1,-1,-1
145,28,813,9,205,304,1,-1,-1
146,28,808,9,211,307,1,-1,-1
147,28,803,9,217,309,1,-1,-1
148,28,798,9,222,312,1,-1,-1
149,28,793,9,228,315,1,-1,-1
150,28,788,9,234,318,1,-1,-1
151,28,783,9,240,321,1,-1,-1
152,28,779,11,244,321,1,-1,-1
153,28,775,13,248,321,1,-1,-1
154,28,771,15,252,321,1,-1,-1
155,28,767,18,256,321,1,-1,-1
156,28,764,20,259,321,1,-1,-1
157,28,760,22,263,321,1,-1,-1
158,28,756,25,267,321,1,-1,-1
159,28,752,27,271,321,1,-1,-1
160,28,748,29,275,321,1,-1,-1
161,28,745,32,278,321,1,-1,-1
162,28,745,36,278,321,1,-1,-1
163,28,745,41,278,321,1,-1,-1
164,28,745,46,278,321,1,-1,-1
165,28,745,51,278,321,1,-1,-1
166,28,745,56,278,321,1,-1,-1
167,28,745,61,278,321,1,-1,-1
168,28,745,66,278,321,1,-1,-1
169,28,745,71,278,321,1,-1,-1
170,28,745,76,278,321,1,-1,-1
171,28,745,81,278,321,1,-1,-1
172,28,744,84,278,321,1,-1,-1
173,28,743,87,279,321,1,-1,-1
174,28,742,91,280,321,1,-1,-1
175,28,742,94,280,321,1,-1,-1
176,28,741,98,281,321,1,-1,-1
177,28,740,101,282,321,1,-1,-1
178,28,740,104,282,321,1,-1,-1
179,28,739,108,283,321,1,-1,-1
180,28,738,111,284,321,1,-1,-1
181,28,738,115,284,321,1,-1,-1
182,28,741,116,281,322,1,-1,-1
183,28,744,118,278,322,1,-1,-1
184,28,747,120,275,322,1,-1,-1
185,28,751,122,271,322,1,-1,-1
186,28,754,124,268,322,1,-1,-1
187,28,757,126,265,322,1,-1,-1
188,28,761,128,261,322,1,-1,-1
189,28,764,130,258,322,1,-1,-1
190,28,767,132,255,322,1,-1,-1
191,28,771,134,252,323,1,-1,-1
192,28,773,138,250,323,1,-1,-1
193,28,775,143,248,323,1,-1,-1
194,28,777,147,246,324,1,-1,-1
195,28,779,152,244,323,1,-1,-1
196,28,781,157,242,323,1,-1,-1
197,28,783,161,240,324,1,-1,-1
198,28,785,166,238,323,1,-1,-1
199,28,787,170,236,324,1,-1,-1
200,28,789,175,234,324,1,-1,-1
201,28,792,180,231,324,1,-1,-1
202,28,793,181,229,326,1,-1,-1
203,28,795,182,227,329,1,-1,-1
204,28,797,183,224,331,1,-1,-1
205,28,798,184,223,334,1,-1,-1
206,28,800,185,221,336,1,-1,-1
207,28,802,186,218,339,1,-1,-1
208,28,803,187,217,341,1,-1,-1
209,28,805,188,214,344,1,-1,-1
210,28,807,189,212,346,1,-1,-1
211,28,809,190,210,349,1,-1,-1
212,28,810,191,209,346,1,-1,-1
213,28,812,192,207,343,1,-1,-1
214,28,814,193,205,340,1,-1,-1
215,28,816,194,203,337,1,-1,-1
216,28,818,195,202,335,1,-1,-1
217,28,819,196,201,332,1,-1,-1
218,28,821,197,199,329,1,-1,-1
219,28,823,198,197,326,1,-1,-1
220,28,825,199,195,323,1,-1,-1
221,28,827,201,194,320,1,-1,-1
222,28,827,203,194,319,1,-1,-1
223,28,827,205,194,319,1,-1,-1
224,28,827,207,194,319,1,-1,-1
225,28,827,209,194,318,1,-1,-1
226,28,827,211,195,318,1,-1,-1
227,28,827,213,195,318,1,-1,-1
228,28,827,215,195,317,1,-1,-1
229,28,827,217,195,317,1,-1,-1
230,28,827,219,195,317,1,-1,-1
231,28,828,221,195,317,1,-1,-1
232,28,807,220,215,318,1,-1,-1
233,28,786,219,236,319,1,-1,-1
1,30,233,12,135,68,1,-1,-1
2,30,232,12,135,68,1,-1,-1
3,30,232,12,135,69,1,-1,-1
4,30,232,12,135,69,1,-1,-1
5,30,232,12,135,70,1,-1,-1
6,30,232,12,135,71,1,-1,-1
7,30,232,12,135,71,1,-1,-1
8,30,232,12,134,72,1,-1,-1
9,30,232,12,134,72,1,-1,-1
10,30,232,12,134,73,1,-1,-1
11,30,232,12,134,74,1,-1,-1
12,30,231,12,135,74,1,-1,-1
13,30,231,12,135,75,1,-1,-1
14,30,231,12,135,75,1,-1,-1
15,30,231,12,134,76,1,-1,-1
16,30,231,12,134,77,1,-1,-1
17,30,231,12,134,77,1,-1,-1
18,30,231,12,134,78,1,-1,-1
19,30,231,12,134,78,1,-1,-1
20,30,231,12,134,79,1,-1,-1
21,30,231,13,134,79,1,-1,-1
22,30,231,13,133,80,1,-1,-1
23,30,231,13,133,81,1,-1,-1
24,30,231,13,133,82,1,-1,-1
25,30,231,13,133,83,1,-1,-1
26,30,231,13,133,84,1,-1,-1
27,30,231,13,133,85,1,-1,-1
28,30,231,13,133,86,1,-1,-1
29,30,231,13,133,87,1,-1,-1
30,30,231,13,133,88,1,-1,-1
31,30,231,13,133,90,1,-1,-1
32,30,231,13,132,91,1,-1,-1
33,30,231,13,132,93,1,-1,-1
34,30,231,13,132,94,1,-1,-1
35,30,231,13,132,96,1,-1,-1
36,30,231,13,132,98,1,-1,-1
37,30,231,13,132,99,1,-1,-1
38,30,231,13,132,101,1,-1,-1
39,30,231,13,132,102,1,-1,-1
40,30,231,13,132,104,1,-1,-1
41,30,231,13,132,106,1,-1,-1
42,30,231,13,131,107,1,-1,-1
43,30,231,13,131,109,1,-1,-1
44,30,231,13,131,110,1,-1,-1
45,30,231,13,131,112,1,-1,-1
46,30,231,13,131,113,1,-1,-1
47,30,231,13,131,115,1,-1,-1
48,30,231,13,131,116,1,-1,-1
49,30,231,13,131,118,1,-1,-1
50,30,231,13,131,119,1,-1,-1
51,30,231,13,131,121,1,-1,-1
52,30,231,12,130,122,1,-1,-1
53,30,231,12,130,123,1,-1,-1
54,30,231,12,130,124,1,-1,-1
55,30,231,11,130,126,1,-1,-1
56,30,231,11,130,127,1,-1,-1
57,30,231,11,129,127,1,-1,-1
58,30,231,10,129,129,1,-1,-1
59,30,231,10,129,130,1,-1,-1
60,30,231,10,129,131,1,-1,-1
61,30,231,10,129,132,1,-1,-1
62,30,231,10,128,134,1,-1,-1
63,30,231,10,128,137,1,-1,-1
64,30,231,10,128,140,1,-1,-1
65,30,231,10,128,143,1,-1,-1
66,30,231,10,128,146,1,-1,-1
67,30,231,10,128,148,1,-1,-1
68,30,231,10,128,151,1,-1,-1
69,30,231,10,128,154,1,-1,-1
70,30,231,10,128,157,1,-1,-1
71,30,231,10,128,160,1,-1,-1
72,30,226,9,134,162,1,-1,-1
73,30,222,8,140,165,1,-1,-1
74,30,217,7,146,167,1,-1,-1
75,30,213,6,152,170,1,-1,-1
76,30,209,5,157,172,1,-1,-1
77,30,204,4,164,175,1,-1,-1
78,30,200,3,169,177,1,-1,-1
79,30,195,2,176,180,1,-1,-1
80,30,191,1,181,182,1,-1,-1
81,30,187,0,187,185,1,-1,-1
82,30,187,0,186,187,1,-1,-1
83,30,187,0,186,189,1,-1,-1
84,30,187,0,186,191,1,-1,-1
85,30,187,0,186,193,1,-1,-1
86,30,187,0,186,195,1,-1,-1
87,30,187,0,186,197,1,-1,-1
88,30,187,0,186,199,1,-1,-1
89,30,187,0,186,201,1,-1,-1
90,30,187,0,186,203,1,-1,-1
91,30,187,0,186,205,1,-1,-1
92,30,187,0,185,207,1,-1,-1
93,30,187,0,185,209,1,-1,-1
94,30,187,0,185,211,1,-1,-1
95,30,187,0,185,214,1,-1,-1
96,30,187,0,185,216,1,-1,-1
97,30,187,0,185,218,1,-1,-1
98,30,187,0,185,221,1,-1,-1
99,30,187,0,185,223,1,-1,-1
100,30,187,0,185,225,1,-1,-1
101,30,187,0,185,228,1,-1,-1
102,30,168,0,203,230,1,-1,-1
103,30,150,0,221,233,1,-1,-1
104,30,132,0,239,235,1,-1,-1
105,30,114,0,257,238,1,-1,-1
106,30,96,0,275,241,1,-1,-1
107,30,78,0,293,243,1,-1,-1
108,30,60,0,311,246,1,-1,-1
109,30,42,0,329,248,1,-1,-1
110,30,24,0,347,251,1,-1,-1
111,30,6,0,365,254,1,-1,-1
112,30,6,0,365,253,1,-1,-1
113,30,6,0,365,253,1,-1,-1
114,30,6,0,365,253,1,-1,-1
115,30,6,0,365,253,1,-1,-1
116,30,6,0,365,253,1,-1,-1
117,30,6,0,366,253,1,-1,-1
118,30,6,0,366,253,1,-1,-1
119,30,6,0,366,253,1,-1,-1
120,30,6,0,366,253,1,-1,-1
121,30,6,0,366,253,1,-1,-1
122,30,6,0,366,253,1,-1,-1
123,30,6,0,367,253,1,-1,-1
124,30,6,0,367,253,1,-1,-1
125,30,6,0,367,253,1,-1,-1
126,30,6,0,367,253,1,-1,-1
127,30,6,0,367,253,1,-1,-1
128,30,6,0,367,253,1,-1,-1
129,30,6,0,368,253,1,-1,-1
130,30,6,0,368,253,1,-1,-1
131,30,6,0,368,253,1,-1,-1
132,30,6,0,368,253,1,-1,-1
133,30,6,0,368,253,1,-1,-1
134,30,6,0,368,253,1,-1,-1
135,30,6,0,369,253,1,-1,-1
136,30,6,0,369,253,1,-1,-1
137,30,6,0,369,253,1,-1,-1
138,30,6,0,369,253,1,-1,-1
139,30,6,0,369,253,1,-1,-1
140,30,6,0,369,253,1,-1,-1
141,30,6,0,370,253,1,-1,-1
142,30,6,0,369,255,1,-1,-1
143,30,6,0,369,258,1,-1,-1
144,30,6,0,369,260,1,-1,-1
145,30,6,0,369,263,1,-1,-1
146,30,6,0,369,265,1,-1,-1
147,30,6,0,369,268,1,-1,-1
148,30,6,0,369,270,1,-1,-1
149,30,6,0,369,273,1,-1,-1
150,30,6,0,369,275,1,-1,-1
151,30,6,0,369,278,1,-1,-1
152,30,6,0,368,280,1,-1,-1
153,30,6,0,368,283,1,-1,-1
154,30,6,0,368,286,1,-1,-1
155,30,6,0,368,289,1,-1,-1
156,30,6,0,368,292,1,-1,-1
157,30,6,0,368,295,1,-1,-1
158,30,6,0,368,298,1,-1,-1
159,30,6,0,368,301,1,-1,-1
160,30,6,0,368,304,1,-1,-1
161,30,6,0,368,307,1,-1,-1
162,30,6,0,367,309,1,-1,-1
163,30,6,0,367,312,1,-1,-1
164,30,6,0,367,315,1,-1,-1
165,30,6,0,367,318,1,-1,-1
166,30,6,0,367,321,1,-1,-1
167,30,6,0,367,323,1,-1,-1
168,30,6,0,367,326,1,-1,-1
169,30,6,0,367,329,1,-1,-1
170,30,6,0,367,332,1,-1,-1
171,30,6,0,367,335,1,-1,-1
172,30,30,0,343,334,1,-1,-1
173,30,55,0,318,334,1,-1,-1
174,30,80,0,293,334,1,-1,-1
175,30,105,0,268,334,1,-1,-1
176,30,130,0,243,334,1,-1,-1
177,30,155,0,218,334,1,-1,-1
178,30,180,0,193,334,1,-1,-1
179,30,205,0,168,334,1,-1,-1
180,30,230,0,143,334,1,-1,-1
181,30,255,0,118,334,1,-1,-1
182,30,257,0,116,333,1,-1,-1
183,30,259,0,114,333,1,-1,-1
184,30,261,0,112,333,1,-1,-1
185,30,264,0,109,333,1,-1,-1
186,30,266,0,107,333,1,-1,-1
187,30,268,0,105,333,1,-1,-1
188,30,271,0,102,333,1,-1,-1
189,30,273,0,100,333,1,-1,-1
190,30,275,0,98,333,1,-1,-1
191,30,278,0,95,333,1,-1,-1
192,30,278,0,94,318,1,-1,-1
193,30,278,0,94,303,1,-1,-1
194,30,278,0,94,288,1,-1,-1
195,30,278,0,94,273,1,-1,-1
196,30,278,0,94,259,1,-1,-1
197,30,278,0,94,244,1,-1,-1
198,30,278,0,94,229,1,-1,-1
199,30,278,0,94,214,1,-1,-1
200,30,278,0,94,199,1,-1,-1
322,30,187,0,186,205,1,-1,-1
822,43,573,0,94,62,1,-1,-1
823,43,572,0,95,63,1,-1,-1
824,43,572,0,96,64,1,-1,-1
825,43,572,0,97,65,1,-1,-1
826,43,572,0,98,66,1,-1,-1
827,43,572,0,99,67,1,-1,-1
828,43,571,0,101,68,1,-1,-1
829,43,571,0,102,69,1,-1,-1
830,43,571,0,103,70,1,-1,-1
831,43,571,0,104,71,1,-1,-1
832,43,571,0,105,73,1,-1,-1
833,43,571,0,106,73,1,-1,-1
834,43,572,0,106,73,1,-1,-1
835,43,573,0,106,73,1,-1,-1
836,43,573,0,108,73,1,-1,-1
837,43,574,0,108,73,1,-1,-1
838,43,575,0,108,73,1,-1,-1
839,43,575,0,110,73,1,-1,-1
840,43,576,0,110,73,1,-1,-1
841,43,577,0,110,73,1,-1,-1
842,43,578,0,111,73,1,-1,-1
843,43,578,0,112,73,1,-1,-1
844,43,579,0,112,73,1,-1,-1
845,43,580,0,112,73,1,-1,-1
846,43,580,0,114,73,1,-1,-1
847,43,581,0,114,73,1,-1,-1
848,43,582,0,114,73,1,-1,-1
849,43,582,0,116,73,1,-1,-1
850,43,583,0,116,73,1,-1,-1
851,43,584,0,116,73,1,-1,-1
852,43,585,0,117,73,1,-1,-1
853,43,585,0,118,73,1,-1,-1
854,43,586,0,119,73,1,-1,-1
855,43,586,0,121,73,1,-1,-1
856,43,587,0,122,73,1,-1,-1
857,43,588,0,123,73,1,-1,-1
858,43,588,0,124,73,1,-1,-1
859,43,589,0,125,73,1,-1,-1
860,43,589,0,127,73,1,-1,-1
861,43,590,0,128,73,1,-1,-1
862,43,591,0,129,73,1,-1,-1
863,43,591,0,131,73,1,-1,-1
864,43,592,0,132,74,1,-1,-1
865,43,592,0,134,75,1,-1,-1
866,43,593,0,135,76,1,-1,-1
867,43,593,0,137,77,1,-1,-1
868,43,594,0,138,77,1,-1,-1
869,43,594,0,140,78,1,-1,-1
870,43,595,0,141,79,1,-1,-1
871,43,595,0,143,80,1,-1,-1
872,43,596,0,144,81,1,-1,-1
873,43,596,0,145,81,1,-1,-1
874,43,596,0,147,82,1,-1,-1
875,43,596,0,149,83,1,-1,-1
876,43,597,0,150,83,1,-1,-1
877,43,597,0,152,84,1,-1,-1
878,43,597,0,153,85,1,-1,-1
879,43,598,0,154,85,1,-1,-1
880,43,598,0,156,86,1,-1,-1
881,43,598,0,158,87,1,-1,-1
882,43,599,0,159,88,1,-1,-1
883,43,599,0,159,89,1,-1,-1
884,43,599,0,159,90,1,-1,-1
885,43,599,0,159,91,1,-1,-1
886,43,599,0,160,92,1,-1,-1
887,43,600,0,159,93,1,-1,-1
888,43,600,0,159,94,1,-1,-1
889,43,600,0,160,95,1,-1,-1
890,43,600,0,160,96,1,-1,-1
891,43,600,0,160,97,1,-1,-1
892,43,601,0,160,98,1,-1,-1
893,43,601,0,161,98,1,-1,-1
894,43,602,0,161,99,1,-1,-1
895,43,603,0,161,99,1,-1,-1
896,43,603,0,162,100,1,-1,-1
897,43,604,0,162,100,1,-1,-1
898,43,605,0,162,101,1,-1,-1
899,43,605,0,163,101,1,-1,-1
900,43,606,0,163,102,1,-1,-1
901,43,607,0,163,103,1,-1,-1
902,43,607,0,165,104,1,-1,-1
903,43,607,0,167,105,1,-1,-1
904,43,607,0,170,106,1,-1,-1
905,43,608,0,171,107,1,-1,-1
906,43,608,0,173,108,1,-1,-1
907,43,608,0,176,109,1,-1,-1
908,43,608,0,178,110,1,-1,-1
909,43,609,0,179,111,1,-1,-1
910,43,609,0,182,112,1,-1,-1
911,43,609,0,184,113,1,-1,-1
912,43,609,0,186,114,1,-1,-1
913,43,610,0,188,115,1,-1,-1
914,43,610,0,190,116,1,-1,-1
915,43,610,0,192,117,1,-1,-1
916,43,611,0,194,118,1,-1,-1
917,43,611,0,196,119,1,-1,-1
918,43,611,0,198,120,1,-1,-1
919,43,611,0,201,121,1,-1,-1
920,43,612,0,202,122,1,-1,-1
921,43,612,0,204,123,1,-1,-1
922,43,612,0,207,124,1,-1,-1
923,43,612,0,209,125,1,-1,-1
924,43,613,0,210,126,1,-1,-1
925,43,613,0,213,127,1,-1,-1
926,43,613,0,215,128,1,-1,-1
927,43,613,0,217,129,1,-1,-1
928,43,614,0,219,130,1,-1,-1
929,43,614,0,221,131,1,-1,-1
930,43,614,0,223,132,1,-1,-1
931,43,615,0,225,134,1,-1,-1
932,43,615,0,225,136,1,-1,-1
933,43,616,0,225,138,1,-1,-1
934,43,617,0,224,141,1,-1,-1
935,43,618,0,224,143,1,-1,-1
936,43,619,0,224,146,1,-1,-1
937,43,619,0,224,148,1,-1,-1
938,43,620,0,224,150,1,-1,-1
939,43,621,0,223,153,1,-1,-1
940,43,622,0,223,155,1,-1,-1
941,43,623,0,223,158,1,-1,-1
942,43,624,0,223,158,1,-1,-1
943,43,625,0,223,158,1,-1,-1
944,43,626,0,223,158,1,-1,-1
945,43,627,0,223,158,1,-1,-1
946,43,628,0,223,158,1,-1,-1
947,43,629,0,223,158,1,-1,-1
948,43,630,0,223,158,1,-1,-1
949,43,631,0,223,158,1,-1,-1
950,43,632,0,223,158,1,-1,-1
951,43,633,0,223,159,1,-1,-1
952,43,632,0,223,160,1,-1,-1
953,43,632,0,223,162,1,-1,-1
954,43,632,0,223,163,1,-1,-1
955,43,632,0,223,165,1,-1,-1
956,43,632,0,223,166,1,-1,-1
957,43,632,0,222,168,1,-1,-1
958,43,632,0,222,169,1,-1,-1
959,43,632,0,222,171,1,-1,-1
960,43,632,0,222,172,1,-1,-1
961,43,632,0,222,174,1,-1,-1
962,43,631,0,222,176,1,-1,-1
963,43,631,0,222,179,1,-1,-1
964,43,631,0,222,182,1,-1,-1
965,43,631,0,222,185,1,-1,-1
966,43,631,0,222,188,1,-1,-1
967,43,631,0,221,190,1,-1,-1
968,43,631,0,221,193,1,-1,-1
969,43,631,0,221,196,1,-1,-1
970,43,631,0,221,199,1,-1,-1
971,43,631,0,221,202,1,-1,-1
972,43,631,0,221,201,1,-1,-1
973,43,632,0,221,201,1,-1,-1
974,43,633,0,221,201,1,-1,-1
975,43,633,0,222,201,1,-1,-1
976,43,634,0,222,201,1,-1,-1
977,43,635,0,222,201,1,-1,-1
978,43,635,0,223,201,1,-1,-1
979,43,636,0,223,201,1,-1,-1
980,43,637,0,223,201,1,-1,-1
981,43,638,0,223,201,1,-1,-1
982,43,638,0,223,202,1,-1,-1
983,43,639,0,223,204,1,-1,-1
984,43,640,0,223,206,1,-1,-1
985,43,641,0,223,208,1,-1,-1
986,43,642,0,223,210,1,-1,-1
987,43,642,0,224,212,1,-1,-1
988,43,643,0,224,214,1,-1,-1
989,43,644,0,224,216,1,-1,-1
990,43,645,0,224,218,1,-1,-1
991,43,646,0,224,220,1,-1,-1
992,43,645,0,224,220,1,-1,-1
993,43,645,0,224,221,1,-1,-1
994,43,645,0,224,222,1,-1,-1
995,43,645,0,224,223,1,-1,-1
996,43,645,0,224,224,1,-1,-1
997,43,645,0,223,225,1,-1,-1
998,43,645,0,223,226,1,-1,-1
999,43,645,0,223,227,1,-1,-1
1000,43,645,0,223,228,1,-1,-1
1001,43,645,0,223,229,1,-1,-1
1002,43,645,0,223,231,1,-1,-1
1003,43,646,0,223,234,1,-1,-1
1004,43,646,0,223,236,1,-1,-1
1005,43,647,0,223,239,1,-1,-1
1006,43,648,0,222,241,1,-1,-1
1007,43,648,0,223,244,1,-1,-1
1008,43,649,0,222,246,1,-1,-1
1009,43,649,0,223,249,1,-1,-1
1010,43,650,0,222,251,1,-1,-1
1011,43,651,0,222,254,1,-1,-1
1012,43,652,0,221,255,1,-1,-1
1013,43,653,0,221,257,1,-1,-1
1014,43,654,0,221,258,1,-1,-1
1015,43,655,0,221,260,1,-1,-1
1016,43,656,0,221,261,1,-1,-1
1017,43,657,0,221,263,1,-1,-1
1018,43,658,0,221,264,1,-1,-1
1019,43,659,0,221,266,1,-1,-1
1020,43,660,0,221,267,1,-1,-1
1021,43,661,0,221,269,1,-1,-1
1022,43,661,0,221,271,1,-1,-1
1023,43,662,0,221,273,1,-1,-1
1024,43,663,0,221,275,1,-1,-1
1025,43,664,0,221,277,1,-1,-1
1026,43,665,0,221,279,1,-1,-1
1027,43,666,0,220,281,1,-1,-1
1028,43,667,0,220,283,1,-1,-1
1029,43,668,0,220,285,1,-1,-1
1030,43,669,0,220,287,1,-1,-1
1031,43,670,0,220,290,1,-1,-1
1032,43,669,0,223,291,1,-1,-1
1033,43,669,0,225,293,1,-1,-1
1034,43,669,0,227,295,1,-1,-1
1035,43,669,0,229,297,1,-1,-1
1036,43,669,0,232,299,1,-1,-1
1037,43,668,0,235,301,1,-1,-1
1038,43,668,0,237,303,1,-1,-1
1039,43,668,0,239,305,1,-1,-1
1040,43,668,0,241,307,1,-1,-1
1041,43,668,0,244,309,1,-1,-1
1042,43,668,0,244,311,1,-1,-1
1043,43,669,0,244,314,1,-1,-1
1044,43,670,0,243,316,1,-1,-1
1045,43,670,0,244,319,1,-1,-1
1046,43,671,0,244,322,1,-1,-1
1047,43,672,0,243,324,1,-1,-1
1048,43,672,0,244,327,1,-1,-1
1049,43,673,0,243,329,1,-1,-1
1050,43,674,0,243,332,1,-1,-1
1051,43,675,0,243,335,1,-1,-1
1052,43,676,0,243,338,1,-1,-1
1053,43,677,0,243,341,1,-1,-1
1054,43,678,0,244,344,1,-1,-1
1055,43,680,0,243,347,1,-1,-1
1056,43,681,0,244,350,1,-1,-1
1057,43,682,0,244,353,1,-1,-1
1058,43,684,0,243,356,1,-1,-1
1059,43,685,0,244,359,1,-1,-1
1060,43,686,0,244,362,1,-1,-1
1061,43,688,0,244,366,1,-1,-1
1062,43,688,0,245,368,1,-1,-1
1063,43,688,0,246,371,1,-1,-1
1064,43,688,0,247,373,1,-1,-1
1065,43,688,0,248,376,1,-1,-1
1066,43,688,0,249,378,1,-1,-1
1067,43,688,0,250,381,1,-1,-1
1068,43,688,0,251,383,1,-1,-1
1069,43,688,0,252,386,1,-1,-1
1070,43,688,0,253,388,1,-1,-1
1071,43,688,0,254,391,1,-1,-1
1072,43,688,0,256,393,1,-1,-1
1073,43,689,0,258,396,1,-1,-1
1074,43,690,0,260,399,1,-1,-1
1075,43,691,0,262,402,1,-1,-1
1076,43,692,0,264,405,1,-1,-1
1077,43,692,0,266,407,1,-1,-1
1078,43,693,0,268,410,1,-1,-1
1079,43,694,0,270,413,1,-1,-1
1080,43,695,0,272,416,1,-1,-1
1081,43,696,0,274,419,1,-1,-1
1082,43,696,0,274,422,1,-1,-1
1083,43,696,0,274,425,1,-1,-1
1084,43,696,0,274,428,1,-1,-1
1085,43,697,0,274,431,1,-1,-1
1086,43,697,0,274,434,1,-1,-1
1087,43,697,0,274,437,1,-1,-1
1088,43,698,0,274,440,1,-1,-1
1089,43,698,0,274,443,1,-1,-1
1090,43,698,0,274,446,1,-1,-1
1091,43,699,0,274,450,1,-1,-1
1092,43,699,0,274,453,1,-1,-1
1093,43,700,0,274,457,1,-1,-1
1094,43,700,0,274,460,1,-1,-1
1095,43,701,0,274,464,1,-1,-1
1096,43,701,0,274,467,1,-1,-1
1097,43,702,0,274,471,1,-1,-1
1098,43,702,0,274,474,1,-1,-1
1099,43,703,0,274,478,1,-1,-1
1100,43,703,0,274,481,1,-1,-1
1101,43,704,0,274,485,1,-1,-1
1102,43,705,0,274,489,1,-1,-1
1103,43,706,0,274,493,1,-1,-1
1104,43,707,0,274,497,1,-1,-1
1105,43,709,0,274,501,1,-1,-1
1106,43,710,0,274,505,1,-1,-1
1107,43,711,0,274,509,1,-1,-1
1108,43,713,0,274,513,1,-1,-1
1109,43,714,0,274,517,1,-1,-1
1110,43,715,0,274,521,1,-1,-1
1111,43,717,0,274,525,1,-1,-1
1112,43,718,0,274,525,1,-1,-1
1113,43,719,0,274,526,1,-1,-1
1114,43,720,1,274,525,1,-1,-1
1115,43,721,1,274,526,1,-1,-1
1116,43,723,2,273,526,1,-1,-1
1117,43,724,2,273,526,1,-1,-1
1118,43,725,2,274,527,1,-1,-1
1119,43,726,3,274,527,1,-1,-1
1120,43,727,3,274,527,1,-1,-1
1121,43,729,4,273,527,1,-1,-1
1122,43,730,4,273,528,1,-1,-1
1123,43,731,4,273,528,1,-1,-1
1124,43,732,5,273,528,1,-1,-1
1125,43,733,5,274,529,1,-1,-1
1126,43,735,6,273,528,1,-1,-1
1127,43,736,6,273,529,1,-1,-1
1128,43,737,6,273,530,1,-1,-1
1129,43,738,7,273,529,1,-1,-1
1130,43,739,7,273,530,1,-1,-1
1131,43,741,8,273,530,1,-1,-1
1132,43,741,8,273,530,1,-1,-1
1133,43,741,8,273,530,1,-1,-1
1134,43,741,8,273,530,1,-1,-1
1135,43,741,8,273,530,1,-1,-1
1136,43,741,8,273,530,1,-1,-1
1137,43,741,8,273,530,1,-1,-1
1138,43,741,8,273,530,1,-1,-1
1139,43,741,8,273,530,1,-1,-1
1140,43,741,8,274,530,1,-1,-1
1141,43,742,8,273,530,1,-1,-1
1142,43,742,8,273,530,1,-1,-1
1143,43,742,8,273,530,1,-1,-1
1144,43,742,8,273,530,1,-1,-1
1145,43,742,8,273,530,1,-1,-1
1146,43,742,8,273,530,1,-1,-1
1147,43,742,8,273,530,1,-1,-1
1148,43,742,8,273,530,1,-1,-1
1149,43,742,8,274,530,1,-1,-1
1150,43,742,8,274,530,1,-1,-1
1151,43,743,8,273,530,1,-1,-1
1152,43,743,8,273,530,1,-1,-1
1153,43,743,8,273,530,1,-1,-1
1154,43,743,8,273,530,1,-1,-1
1155,43,743,8,273,530,1,-1,-1
1156,43,743,8,273,530,1,-1,-1
1157,43,743,8,274,530,1,-1,-1
1158,43,743,8,274,530,1,-1,-1
1159,43,743,8,274,530,1,-1,-1
1160,43,743,8,274,530,1,-1,-1
1161,43,744,8,273,530,1,-1,-1
1162,43,744,8,273,530,1,-1,-1
1163,43,744,8,273,530,1,-1,-1
1164,43,744,8,273,530,1,-1,-1
1165,43,744,8,273,530,1,-1,-1
1166,43,744,8,274,530,1,-1,-1
1167,43,744,8,274,530,1,-1,-1
1168,43,744,8,274,530,1,-1,-1
1169,43,744,8,274,530,1,-1,-1
1170,43,744,8,274,530,1,-1,-1
1171,43,745,8,273,530,1,-1,-1
1172,43,745,8,273,530,1,-1,-1
1173,43,745,8,273,530,1,-1,-1
1174,43,745,8,274,530,1,-1,-1
1175,43,745,8,274,530,1,-1,-1
1176,43,745,8,274,530,1,-1,-1
1177,43,745,8,274,530,1,-1,-1
1178,43,745,8,274,530,1,-1,-1
1179,43,745,8,274,530,1,-1,-1
1180,43,745,8,274,530,1,-1,-1
1181,43,746,8,273,530,1,-1,-1
1182,43,746,8,273,530,1,-1,-1
1183,43,746,8,274,530,1,-1,-1
1184,43,746,8,274,530,1,-1,-1
1185,43,746,8,274,530,1,-1,-1
1186,43,746,8,274,530,1,-1,-1
1187,43,746,8,274,530,1,-1,-1
1188,43,746,8,274,530,1,-1,-1
1189,43,746,8,274,530,1,-1,-1
1190,43,746,8,274,530,1,-1,-1
1191,43,747,8,274,530,1,-1,-1
1192,43,746,11,274,527,1,-1,-1
1193,43,746,14,274,524,1,-1,-1
1194,43,746,17,274,521,1,-1,-1
1195,43,746,21,274,517,1,-1,-1
1196,43,746,24,274,514,1,-1,-1
1197,43,746,27,274,511,1,-1,-1
1198,43,746,31,274,507,1,-1,-1
1199,43,746,34,274,504,1,-1,-1
1200,43,746,37,274,501,1,-1,-1
1201,43,746,41,274,497,1,-1,-1
1202,43,713,32,308,497,1,-1,-1
1203,43,681,23,341,497,1,-1,-1
1204,43,649,14,374,498,1,-1,-1
1205,43,649,16,373,496,1,-1,-1
1206,43,649,18,373,494,1,-1,-1
1207,43,649,20,373,492,1,-1,-1
1208,43,650,23,372,489,1,-1,-1
1209,43,650,23,371,488,1,-1,-1
1210,43,650,24,370,487,1,-1,-1
1211,43,650,25,370,486,1,-1,-1
1212,43,650,25,369,486,1,-1,-1
1213,43,650,26,368,485,1,-1,-1
1214,43,650,27,368,483,1,-1,-1
1215,43,650,28,367,482,1,-1,-1
1216,43,650,28,366,482,1,-1,-1
1217,43,650,29,366,481,1,-1,-1
1218,43,650,30,365,480,1,-1,-1
1219,43,651,31,364,479,1,-1,-1
1220,43,651,31,364,479,1,-1,-1
1221,43,652,32,364,478,1,-1,-1
1222,43,652,33,364,477,1,-1,-1
1223,43,653,33,364,477,1,-1,-1
1224,43,654,34,364,477,1,-1,-1
1225,43,654,35,364,476,1,-1,-1
1226,43,655,35,364,476,1,-1,-1
1227,43,655,36,364,475,1,-1,-1
1228,43,656,37,364,474,1,-1,-1
1229,43,657,38,364,474,1,-1,-1
1230,43,657,38,363,474,1,-1,-1
1231,43,658,38,362,474,1,-1,-1
1232,43,658,38,362,475,1,-1,-1
1233,43,659,38,361,475,1,-1,-1
1234,43,660,39,360,475,1,-1,-1
1235,43,660,39,360,475,1,-1,-1
1236,43,661,39,359,476,1,-1,-1
1237,43,661,39,359,476,1,-1,-1
1238,43,662,40,357,476,1,-1,-1
1239,43,663,40,356,476,1,-1,-1
1240,43,663,40,356,477,1,-1,-1
1241,43,664,40,355,477,1,-1,-1
1242,43,664,41,355,477,1,-1,-1
1243,43,665,41,354,477,1,-1,-1
1244,43,666,41,353,478,1,-1,-1
1245,43,666,41,353,478,1,-1,-1
1246,43,667,42,351,478,1,-1,-1
1247,43,667,42,351,478,1,-1,-1
1248,43,668,42,350,479,1,-1,-1
1249,43,669,42,349,479,1,-1,-1
1250,43,669,43,349,479,1,-1,-1
1251,43,670,43,348,479,1,-1,-1
1252,43,671,43,347,480,1,-1,-1
1253,43,671,43,347,480,1,-1,-1
1254,43,672,44,345,480,1,-1,-1
1255,43,672,44,345,480,1,-1,-1
1256,43,673,44,344,481,1,-1,-1
1257,43,674,44,343,481,1,-1,-1
1258,43,674,45,343,481,1,-1,-1
1259,43,675,45,342,481,1,-1,-1
1260,43,675,45,342,482,1,-1,-1
1261,43,676,45,341,482,1,-1,-1
1262,43,677,46,339,482,1,-1,-1
1263,43,677,46,339,482,1,-1,-1
1264,43,678,46,338,483,1,-1,-1
1265,43,678,46,338,483,1,-1,-1
1266,43,679,47,337,483,1,-1,-1
1267,43,680,47,336,483,1,-1,-1
1268,43,680,47,336,484,1,-1,-1
1269,43,681,47,335,484,1,-1,-1
1270,43,682,48,334,484,1,-1,-1
1271,43,682,47,334,485,1,-1,-1
1272,43,683,47,333,485,1,-1,-1
1273,43,683,47,333,486,1,-1,-1
1274,43,684,47,332,486,1,-1,-1
1275,43,684,47,332,486,1,-1,-1
1276,43,685,47,332,487,1,-1,-1
1277,43,686,47,331,487,1,-1,-1
1278,43,686,47,331,487,1,-1,-1
1279,43,687,47,330,488,1,-1,-1
1280,43,687,47,330,488,1,-1,-1
1281,43,688,47,330,488,1,-1,-1
1282,43,688,47,330,489,1,-1,-1
1283,43,689,47,329,489,1,-1,-1
1284,43,690,47,328,489,1,-1,-1
1285,43,690,47,328,490,1,-1,-1
1286,43,691,47,328,490,1,-1,-1
1287,43,691,47,328,490,1,-1,-1
1288,43,692,47,327,491,1,-1,-1
1289,43,692,47,327,491,1,-1,-1
1290,43,693,47,326,491,1,-1,-1
1291,43,694,47,326,492,1,-1,-1
1292,43,694,48,325,490,1,-1,-1
1293,43,695,49,324,489,1,-1,-1
1294,43,695,50,324,488,1,-1,-1
1295,43,696,51,323,487,1,-1,-1
1296,43,697,53,322,485,1,-1,-1
1297,43,697,54,322,484,1,-1,-1
1298,43,698,55,321,483,1,-1,-1
1299,43,698,56,321,482,1,-1,-1
1300,43,699,57,320,481,1,-1,-1
1301,43,700,59,319,479,1,-1,-1
1302,43,700,59,319,478,1,-1,-1
1303,43,701,59,318,478,1,-1,-1
1304,43,701,59,318,477,1,-1,-1
1305,43,702,59,317,477,1,-1,-1
1306,43,703,59,316,476,1,-1,-1
1307,43,703,59,316,476,1,-1,-1
1308,43,704,59,315,475,1,-1,-1
1309,43,704,59,315,475,1,-1,-1
1310,43,705,59,314,474,1,-1,-1
1311,43,706,59,314,474,1,-1,-1
1312,43,706,59,313,474,1,-1,-1
1313,43,707,60,312,473,1,-1,-1
1314,43,707,61,311,472,1,-1,-1
1315,43,708,62,310,471,1,-1,-1
1316,43,709,63,309,471,1,-1,-1
1317,43,709,63,308,471,1,-1,-1
1318,43,710,64,307,470,1,-1,-1
1319,43,710,65,306,469,1,-1,-1
1320,43,711,66,305,468,1,-1,-1
1321,43,712,67,304,468,1,-1,-1
1322,43,712,67,304,467,1,-1,-1
1323,43,712,67,304,467,1,-1,-1
1324,43,712,67,304,467,1,-1,-1
1325,43,712,68,304,466,1,-1,-1
1326,43,712,68,304,466,1,-1,-1
1327,43,712,68,304,466,1,-1,-1
1328,43,712,69,304,465,1,-1,-1
1329,43,712,69,304,465,1,-1,-1
1330,43,712,69,304,465,1,-1,-1
1331,43,713,70,304,464,1,-1,-1
1332,43,713,71,304,463,1,-1,-1
1333,43,713,72,304,462,1,-1,-1
1334,43,713,74,304,460,1,-1,-1
1335,43,713,75,304,459,1,-1,-1
1336,43,713,77,304,458,1,-1,-1
1337,43,713,78,304,457,1,-1,-1
1338,43,713,79,304,456,1,-1,-1
1339,43,713,81,304,454,1,-1,-1
1340,43,713,82,304,453,1,-1,-1
1341,43,714,84,304,452,1,-1,-1
1342,43,714,85,304,451,1,-1,-1
1343,43,714,86,304,450,1,-1,-1
1344,43,714,87,305,450,1,-1,-1
1345,43,714,88,305,449,1,-1,-1
1346,43,715,89,305,449,1,-1,-1
