1,11,956,366,63,169,1,-1,-1
2,11,955,365,63,170,1,-1,-1
3,11,954,365,64,170,1,-1,-1
4,11,953,365,65,170,1,-1,-1
5,11,953,365,65,170,1,-1,-1
6,11,952,365,66,170,1,-1,-1
7,11,951,365,67,170,1,-1,-1
8,11,951,365,67,170,1,-1,-1
9,11,950,365,68,170,1,-1,-1
10,11,949,365,69,170,1,-1,-1
11,11,948,364,70,171,1,-1,-1
12,11,948,364,70,171,1,-1,-1
13,11,947,364,71,171,1,-1,-1
14,11,946,364,72,171,1,-1,-1
15,11,946,364,72,171,1,-1,-1
16,11,945,364,73,171,1,-1,-1
17,11,944,364,74,171,1,-1,-1
18,11,943,364,75,171,1,-1,-1
19,11,943,364,75,171,1,-1,-1
20,11,942,363,76,172,1,-1,-1
21,11,941,363,77,172,1,-1,-1
22,11,941,363,77,172,1,-1,-1
23,11,940,363,78,172,1,-1,-1
24,11,939,363,79,172,1,-1,-1
25,11,939,363,79,172,1,-1,-1
26,11,938,363,80,172,1,-1,-1
27,11,937,363,81,172,1,-1,-1
28,11,936,363,82,172,1,-1,-1
29,11,936,362,82,173,1,-1,-1
30,11,935,362,83,173,1,-1,-1
31,11,934,362,84,173,1,-1,-1
32,11,934,362,84,173,1,-1,-1
33,11,933,362,85,173,1,-1,-1
34,11,932,362,86,173,1,-1,-1
35,11,931,362,87,173,1,-1,-1
36,11,931,362,87,173,1,-1,-1
37,11,930,362,88,173,1,-1,-1
38,11,929,361,89,174,1,-1,-1
39,11,929,361,89,174,1,-1,-1
40,11,928,361,90,174,1,-1,-1
41,11,927,361,91,174,1,-1,-1
42,11,926,361,92,174,1,-1,-1
43,11,926,361,92,174,1,-1,-1
44,11,925,361,93,174,1,-1,-1
45,11,924,361,94,174,1,-1,-1
46,11,924,361,94,174,1,-1,-1
47,11,923,360,95,175,1,-1,-1
48,11,922,360,96,175,1,-1,-1
49,11,922,360,96,175,1,-1,-1
50,11,921,360,97,175,1,-1,-1
51,11,920,360,98,175,1,-1,-1
52,11,919,360,99,175,1,-1,-1
53,11,919,360,99,175,1,-1,-1
54,11,918,360,100,175,1,-1,-1
55,11,917,360,101,175,1,-1,-1
56,11,917,359,101,176,1,-1,-1
57,11,916,359,102,176,1,-1,-1
58,11,915,359,103,176,1,-1,-1
59,11,914,359,104,176,1,-1,-1
60,11,914,359,104,176,1,-1,-1
61,11,913,359,105,176,1,-1,-1
62,11,912,359,106,176,1,-1,-1
63,11,912,359,106,176,1,-1,-1
64,11,911,359,107,176,1,-1,-1
65,11,910,358,108,177,1,-1,-1
66,11,909,358,109,177,1,-1,-1
67,11,909,358,109,177,1,-1,-1
68,11,908,358,110,177,1,-1,-1
69,11,907,358,111,177,1,-1,-1
70,11,907,358,111,177,1,-1,-1
71,11,906,358,112,177,1,-1,-1
72,11,905,358,113,177,1,-1,-1
73,11,905,358,113,177,1,-1,-1
74,11,904,358,113,177,1,-1,-1
75,11,904,358,113,177,1,-1,-1
76,11,904,358,113,177,1,-1,-1
77,11,904,359,113,176,1,-1,-1
78,11,903,359,114,176,1,-1,-1
79,11,903,359,114,176,1,-1,-1
80,11,903,360,114,175,1,-1,-1
81,11,903,360,114,175,1,-1,-1
82,11,902,360,115,175,1,-1,-1
83,11,902,361,115,174,1,-1,-1
84,11,902,361,115,174,1,-1,-1
85,11,902,361,115,174,1,-1,-1
86,11,902,362,115,173,1,-1,-1
87,11,901,362,116,173,1,-1,-1
88,11,901,362,116,173,1,-1,-1
89,11,901,363,116,172,1,-1,-1
90,11,901,363,116,172,1,-1,-1
91,11,900,363,117,172,1,-1,-1
92,11,900,363,117,172,1,-1,-1
93,11,900,364,117,171,1,-1,-1
94,11,900,364,117,171,1,-1,-1
95,11,900,364,117,171,1,-1,-1
96,11,899,365,118,170,1,-1,-1
97,11,899,365,118,170,1,-1,-1
98,11,899,365,118,170,1,-1,-1
99,11,899,366,118,169,1,-1,-1
100,11,898,366,119,169,1,-1,-1
101,11,898,366,119,169,1,-1,-1
102,11,898,367,119,168,1,-1,-1
103,11,898,367,119,168,1,-1,-1
104,11,898,367,119,168,1,-1,-1
105,11,897,368,120,167,1,-1,-1
106,11,897,368,120,167,1,-1,-1
107,11,897,368,120,167,1,-1,-1
108,11,897,369,120,166,1,-1,-1
109,11,896,369,121,166,1,-1,-1
110,11,896,369,121,166,1,-1,-1
111,11,896,369,121,166,1,-1,-1
112,11,896,370,121,165,1,-1,-1
113,11,896,370,121,165,1,-1,-1
114,11,895,370,122,165,1,-1,-1
115,11,895,371,122,164,1,-1,-1
116,11,895,371,122,164,1,-1,-1
117,11,895,371,122,164,1,-1,-1
118,11,894,372,123,163,1,-1,-1
119,11,894,372,123,163,1,-1,-1
120,11,894,372,123,163,1,-1,-1
121,11,894,373,123,162,1,-1,-1
122,11,893,373,124,162,1,-1,-1
123,11,893,373,124,162,1,-1,-1
124,11,893,374,124,161,1,-1,-1
125,11,893,374,124,161,1,-1,-1
126,11,893,374,124,161,1,-1,-1
127,11,892,374,125,161,1,-1,-1
128,11,892,375,125,160,1,-1,-1
129,11,892,375,125,160,1,-1,-1
130,11,892,375,125,160,1,-1,-1
131,11,891,376,126,159,1,-1,-1
132,11,891,376,126,159,1,-1,-1
133,11,891,376,126,159,1,-1,-1
134,11,891,377,126,158,1,-1,-1
135,11,891,377,126,158,1,-1,-1
136,11,890,377,127,158,1,-1,-1
137,11,890,378,127,157,1,-1,-1
138,11,890,378,127,157,1,-1,-1
139,11,890,378,127,157,1,-1,-1
140,11,889,379,128,156,1,-1,-1
141,11,889,379,128,156,1,-1,-1
142,11,889,379,128,156,1,-1,-1
143,11,889,380,128,155,1,-1,-1
144,11,889,380,128,155,1,-1,-1
145,11,888,380,129,155,1,-1,-1
146,11,888,380,129,155,1,-1,-1
147,11,888,381,129,154,1,-1,-1
148,11,888,381,129,154,1,-1,-1
149,11,887,381,130,154,1,-1,-1
150,11,887,382,130,153,1,-1,-1
151,11,887,382,130,153,1,-1,-1
152,11,887,382,130,153,1,-1,-1
153,11,887,383,130,152,1,-1,-1
154,11,886,383,131,152,1,-1,-1
155,11,886,383,131,152,1,-1,-1
156,11,886,384,131,151,1,-1,-1
157,11,886,384,131,151,1,-1,-1
158,11,885,384,132,151,1,-1,-1
159,11,885,385,132,150,1,-1,-1
160,11,885,385,132,150,1,-1,-1
161,11,885,385,132,150,1,-1,-1
162,11,885,386,132,150,1,-1,-1
163,11,884,386,132,150,1,-1,-1
164,11,884,386,132,150,1,-1,-1
165,11,884,387,132,149,1,-1,-1
166,11,884,387,132,149,1,-1,-1
167,11,883,387,133,149,1,-1,-1
168,11,883,388,133,148,1,-1,-1
169,11,883,388,133,148,1,-1,-1
170,11,883,388,133,148,1,-1,-1
171,11,882,389,134,147,1,-1,-1
172,11,882,389,134,147,1,-1,-1
173,11,882,389,134,147,1,-1,-1
174,11,882,390,134,146,1,-1,-1
175,11,882,390,134,146,1,-1,-1
176,11,881,390,135,146,1,-1,-1
177,11,881,391,135,145,1,-1,-1
178,11,881,391,135,145,1,-1,-1
179,11,881,391,135,145,1,-1,-1
180,11,880,392,136,144,1,-1,-1
181,11,880,392,136,144,1,-1,-1
182,11,880,392,136,144,1,-1,-1
183,11,880,393,136,143,1,-1,-1
184,11,880,393,136,143,1,-1,-1
185,11,879,393,137,143,1,-1,-1
186,11,879,394,137,142,1,-1,-1
187,11,879,394,137,142,1,-1,-1
188,11,879,394,137,142,1,-1,-1
189,11,878,395,138,141,1,-1,-1
190,11,878,395,138,141,1,-1,-1
191,11,878,395,138,141,1,-1,-1
192,11,878,396,138,140,1,-1,-1
193,11,878,396,138,140,1,-1,-1
194,11,877,396,139,140,1,-1,-1
195,11,877,397,139,139,1,-1,-1
196,11,877,397,139,139,1,-1,-1
197,11,877,397,139,139,1,-1,-1
198,11,876,398,140,138,1,-1,-1
199,11,876,398,140,138,1,-1,-1
200,11,876,398,140,138,1,-1,-1
201,11,876,399,140,137,1,-1,-1
202,11,876,399,140,137,1,-1,-1
203,11,875,399,141,137,1,-1,-1
204,11,875,400,141,136,1,-1,-1
205,11,875,400,141,136,1,-1,-1
206,11,875,400,141,136,1,-1,-1
207,11,874,401,142,135,1,-1,-1
208,11,874,401,142,135,1,-1,-1
209,11,874,401,142,135,1,-1,-1
210,11,874,402,142,134,1,-1,-1
211,11,873,402,143,134,1,-1,-1
212,11,873,402,143,134,1,-1,-1
213,11,873,403,143,133,1,-1,-1
214,11,873,403,143,133,1,-1,-1
215,11,873,403,143,133,1,-1,-1
216,11,872,404,144,132,1,-1,-1
217,11,872,404,144,132,1,-1,-1
218,11,872,404,144,132,1,-1,-1
219,11,872,405,144,131,1,-1,-1
220,11,871,405,145,131,1,-1,-1
221,11,871,405,145,131,1,-1,-1
222,11,871,406,145,130,1,-1,-1
223,11,871,406,145,130,1,-1,-1
224,11,871,406,145,130,1,-1,-1
225,11,870,407,146,129,1,-1,-1
226,11,870,407,146,129,1,-1,-1
227,11,870,407,146,129,1,-1,-1
228,11,870,408,146,128,1,-1,-1
229,11,869,408,147,128,1,-1,-1
230,11,869,408,147,128,1,-1,-1
231,11,869,409,147,127,1,-1,-1
232,11,869,409,147,127,1,-1,-1
233,11,869,409,147,127,1,-1,-1
234,11,868,410,148,126,1,-1,-1
235,11,868,410,148,126,1,-1,-1
236,11,868,410,148,126,1,-1,-1
237,11,868,411,148,125,1,-1,-1
238,11,867,411,149,125,1,-1,-1
239,11,867,411,149,125,1,-1,-1
240,11,867,412,149,124,1,-1,-1
241,11,867,412,149,124,1,-1,-1
242,11,867,412,149,124,1,-1,-1
243,11,866,413,150,123,1,-1,-1
244,11,866,413,150,123,1,-1,-1
245,11,866,413,150,123,1,-1,-1
246,11,866,414,150,122,1,-1,-1
247,11,865,414,151,122,1,-1,-1
248,11,865,414,151,122,1,-1,-1
249,11,865,415,151,121,1,-1,-1
250,11,865,415,151,121,1,-1,-1
251,11,864,415,152,121,1,-1,-1
252,11,864,416,152,120,1,-1,-1
253,11,864,416,152,120,1,-1,-1
254,11,864,416,152,120,1,-1,-1
255,11,864,417,152,119,1,-1,-1
256,11,863,417,153,119,1,-1,-1
257,11,863,417,153,119,1,-1,-1
258,11,863,418,153,118,1,-1,-1
259,11,863,418,153,118,1,-1,-1
260,11,862,418,154,118,1,-1,-1
261,11,862,419,154,117,1,-1,-1
262,11,862,419,154,117,1,-1,-1
263,11,862,419,154,117,1,-1,-1
264,11,862,420,154,116,1,-1,-1
265,11,861,420,155,116,1,-1,-1
266,11,861,420,155,116,1,-1,-1
267,11,861,421,155,115,1,-1,-1
268,11,861,421,155,115,1,-1,-1
269,11,860,421,156,115,1,-1,-1
270,11,860,422,156,114,1,-1,-1
271,11,860,422,156,114,1,-1,-1
272,11,860,422,156,114,1,-1,-1
273,11,860,423,156,113,1,-1,-1
274,11,859,423,157,113,1,-1,-1
275,11,859,423,157,113,1,-1,-1
276,11,859,424,157,112,1,-1,-1
277,11,859,424,157,112,1,-1,-1
278,11,858,424,158,112,1,-1,-1
279,11,858,425,158,111,1,-1,-1
280,11,858,425,158,111,1,-1,-1
281,11,858,425,158,111,1,-1,-1
282,11,858,426,158,111,1,-1,-1
283,11,857,425,159,111,1,-1,-1
284,11,857,424,159,112,1,-1,-1
285,11,857,423,159,113,1,-1,-1
286,11,857,422,159,114,1,-1,-1
287,11,856,422,160,114,1,-1,-1
288,11,856,421,160,115,1,-1,-1
289,11,856,420,160,116,1,-1,-1
290,11,856,419,160,117,1,-1,-1
291,11,856,418,160,118,1,-1,-1
292,11,855,418,161,118,1,-1,-1
293,11,855,417,161,119,1,-1,-1
294,11,855,416,161,120,1,-1,-1
295,11,855,415,161,121,1,-1,-1
296,11,855,414,161,122,1,-1,-1
297,11,854,414,162,122,1,-1,-1
298,11,854,413,162,123,1,-1,-1
299,11,854,412,162,124,1,-1,-1
300,11,854,411,162,125,1,-1,-1
301,11,854,411,162,125,1,-1,-1
302,11,854,411,162,124,1,-1,-1
303,11,854,411,162,124,1,-1,-1
304,11,854,411,162,124,1,-1,-1
305,11,854,411,162,124,1,-1,-1
306,11,854,411,162,124,1,-1,-1
307,11,854,411,162,124,1,-1,-1
308,11,854,411,162,124,1,-1,-1
309,11,854,411,162,124,1,-1,-1
310,11,854,411,162,124,1,-1,-1
311,11,854,411,162,124,1,-1,-1
312,11,854,411,162,124,1,-1,-1
313,11,854,411,162,124,1,-1,-1
314,11,854,411,162,124,1,-1,-1
315,11,854,411,162,124,1,-1,-1
316,11,855,411,161,124,1,-1,-1
317,11,855,411,161,124,1,-1,-1
318,11,855,411,161,124,1,-1,-1
319,11,855,411,161,124,1,-1,-1
320,11,855,411,161,124,1,-1,-1
321,11,855,411,161,124,1,-1,-1
322,11,855,411,161,124,1,-1,-1
323,11,855,411,161,124,1,-1,-1
324,11,855,411,161,124,1,-1,-1
325,11,855,411,161,124,1,-1,-1
326,11,855,411,161,124,1,-1,-1
327,11,855,411,161,124,1,-1,-1
328,11,855,411,161,124,1,-1,-1
329,11,855,411,161,124,1,-1,-1
330,11,855,411,161,124,1,-1,-1
331,11,856,411,160,124,1,-1,-1
332,11,856,411,160,124,1,-1,-1
333,11,856,411,160,124,1,-1,-1
334,11,856,411,160,124,1,-1,-1
335,11,856,411,160,124,1,-1,-1
336,11,856,411,160,124,1,-1,-1
337,11,856,411,160,124,1,-1,-1
338,11,856,411,160,124,1,-1,-1
339,11,856,411,160,124,1,-1,-1
340,11,856,411,160,124,1,-1,-1
341,11,856,411,160,124,1,-1,-1
342,11,856,411,160,124,1,-1,-1
343,11,856,411,160,124,1,-1,-1
344,11,856,411,160,124,1,-1,-1
345,11,856,411,160,124,1,-1,-1
346,11,857,411,159,124,1,-1,-1
347,11,857,411,159,124,1,-1,-1
348,11,857,411,159,124,1,-1,-1
349,11,857,411,159,124,1,-1,-1
350,11,857,411,159,124,1,-1,-1
351,11,857,411,159,124,1,-1,-1
352,11,857,411,159,124,1,-1,-1
353,11,857,411,159,124,1,-1,-1
354,11,857,411,159,124,1,-1,-1
355,11,857,411,159,124,1,-1,-1
356,11,857,411,159,124,1,-1,-1
357,11,857,411,159,124,1,-1,-1
358,11,857,411,159,124,1,-1,-1
359,11,857,411,159,124,1,-1,-1
360,11,857,411,159,124,1,-1,-1
361,11,858,412,158,123,1,-1,-1
362,11,858,412,158,123,1,-1,-1
363,11,858,412,158,123,1,-1,-1
364,11,858,412,158,123,1,-1,-1
365,11,858,412,158,123,1,-1,-1
366,11,858,412,158,123,1,-1,-1
367,11,858,412,158,123,1,-1,-1
368,11,858,412,158,123,1,-1,-1
369,11,858,412,158,123,1,-1,-1
370,11,858,412,158,123,1,-1,-1
371,11,858,412,158,123,1,-1,-1
372,11,858,412,158,123,1,-1,-1
373,11,858,412,158,123,1,-1,-1
374,11,858,412,158,123,1,-1,-1
375,11,858,412,158,123,1,-1,-1
376,11,859,412,157,123,1,-1,-1
377,11,859,412,157,123,1,-1,-1
378,11,859,412,157,123,1,-1,-1
379,11,859,412,157,123,1,-1,-1
380,11,859,412,157,123,1,-1,-1
381,11,859,412,157,123,1,-1,-1
382,11,859,412,157,123,1,-1,-1
383,11,859,412,157,123,1,-1,-1
384,11,859,412,157,123,1,-1,-1
385,11,859,412,157,123,1,-1,-1
386,11,859,412,157,123,1,-1,-1
387,11,859,412,157,123,1,-1,-1
388,11,859,412,157,123,1,-1,-1
389,11,859,412,157,123,1,-1,-1
390,11,859,412,157,123,1,-1,-1
391,11,860,412,156,123,1,-1,-1
392,11,860,412,156,123,1,-1,-1
393,11,860,412,156,123,1,-1,-1
394,11,860,412,156,123,1,-1,-1
395,11,860,412,156,123,1,-1,-1
396,11,860,412,156,123,1,-1,-1
397,11,860,412,156,123,1,-1,-1
398,11,860,412,156,123,1,-1,-1
399,11,860,412,156,123,1,-1,-1
400,11,860,412,156,123,1,-1,-1
401,11,860,412,156,123,1,-1,-1
402,11,860,412,156,123,1,-1,-1
403,11,860,412,156,123,1,-1,-1
404,11,860,412,156,123,1,-1,-1
405,11,860,412,156,123,1,-1,-1
406,11,861,412,155,123,1,-1,-1
407,11,861,412,155,123,1,-1,-1
408,11,861,412,155,123,1,-1,-1
409,11,861,412,155,123,1,-1,-1
410,11,861,412,155,123,1,-1,-1
411,11,861,412,155,123,1,-1,-1
412,11,861,412,155,123,1,-1,-1
413,11,861,412,155,123,1,-1,-1
414,11,861,412,155,123,1,-1,-1
415,11,861,412,155,123,1,-1,-1
416,11,861,412,155,123,1,-1,-1
417,11,861,412,155,123,1,-1,-1
418,11,861,412,155,123,1,-1,-1
419,11,861,412,155,123,1,-1,-1
420,11,861,412,155,123,1,-1,-1
421,11,862,413,154,122,1,-1,-1
422,11,862,413,154,122,1,-1,-1
423,11,862,413,154,122,1,-1,-1
424,11,862,413,154,122,1,-1,-1
425,11,862,413,154,122,1,-1,-1
426,11,862,413,154,122,1,-1,-1
427,11,862,413,154,122,1,-1,-1
428,11,862,413,154,122,1,-1,-1
429,11,862,413,154,122,1,-1,-1
430,11,862,413,154,122,1,-1,-1
431,11,862,413,154,122,1,-1,-1
432,11,862,413,154,122,1,-1,-1
433,11,862,413,154,122,1,-1,-1
434,11,862,413,154,122,1,-1,-1
435,11,862,413,154,122,1,-1,-1
436,11,863,413,153,122,1,-1,-1
437,11,863,413,153,122,1,-1,-1
438,11,863,413,153,122,1,-1,-1
439,11,863,413,153,122,1,-1,-1
440,11,863,413,153,122,1,-1,-1
441,11,863,413,153,122,1,-1,-1
442,11,863,413,153,122,1,-1,-1
443,11,863,413,153,122,1,-1,-1
444,11,863,413,153,122,1,-1,-1
445,11,863,413,153,122,1,-1,-1
446,11,863,413,153,122,1,-1,-1
447,11,863,413,153,122,1,-1,-1
448,11,863,413,153,122,1,-1,-1
449,11,863,413,153,122,1,-1,-1
450,11,863,413,153,122,1,-1,-1
451,11,864,413,152,122,1,-1,-1
452,11,864,413,152,122,1,-1,-1
453,11,864,413,152,122,1,-1,-1
454,11,864,413,152,122,1,-1,-1
455,11,864,413,152,122,1,-1,-1
456,11,864,413,152,122,1,-1,-1
457,11,864,413,152,122,1,-1,-1
458,11,864,413,152,122,1,-1,-1
459,11,864,413,152,122,1,-1,-1
460,11,864,413,152,122,1,-1,-1
461,11,864,413,152,122,1,-1,-1
462,11,864,413,152,122,1,-1,-1
463,11,864,413,152,122,1,-1,-1
464,11,864,413,152,122,1,-1,-1
465,11,864,413,152,122,1,-1,-1
466,11,865,413,151,122,1,-1,-1
467,11,865,413,151,122,1,-1,-1
468,11,865,413,151,122,1,-1,-1
469,11,865,413,151,122,1,-1,-1
470,11,865,413,151,122,1,-1,-1
471,11,865,413,151,122,1,-1,-1
472,11,865,413,151,122,1,-1,-1
473,11,865,413,151,122,1,-1,-1
474,11,865,413,151,122,1,-1,-1
475,11,865,413,151,122,1,-1,-1
476,11,865,413,151,122,1,-1,-1
477,11,865,413,151,122,1,-1,-1
478,11,865,413,151,122,1,-1,-1
479,11,865,413,151,122,1,-1,-1
480,11,865,413,151,122,1,-1,-1
481,11,866,414,150,121,1,-1,-1
482,11,866,414,150,121,1,-1,-1
483,11,866,414,150,121,1,-1,-1
484,11,866,414,150,121,1,-1,-1
485,11,866,414,150,121,1,-1,-1
486,11,866,414,150,121,1,-1,-1
487,11,866,414,150,121,1,-1,-1
488,11,866,414,150,121,1,-1,-1
489,11,866,414,150,121,1,-1,-1
490,11,866,414,150,121,1,-1,-1
491,11,866,414,150,121,1,-1,-1
492,11,866,414,150,121,1,-1,-1
493,11,866,414,150,121,1,-1,-1
494,11,866,414,150,121,1,-1,-1
495,11,866,414,150,121,1,-1,-1
496,11,867,414,149,121,1,-1,-1
497,11,867,414,149,121,1,-1,-1
498,11,867,414,149,121,1,-1,-1
499,11,867,414,149,121,1,-1,-1
500,11,867,414,149,121,1,-1,-1
501,11,867,414,149,121,1,-1,-1
502,11,867,414,149,121,1,-1,-1
503,11,867,414,149,121,1,-1,-1
504,11,867,414,149,121,1,-1,-1
505,11,867,414,149,121,1,-1,-1
506,11,867,414,149,121,1,-1,-1
507,11,867,414,149,121,1,-1,-1
508,11,867,414,149,121,1,-1,-1
509,11,867,414,149,121,1,-1,-1
510,11,867,414,149,121,1,-1,-1
511,11,868,414,148,121,1,-1,-1
512,11,868,414,148,121,1,-1,-1
513,11,868,414,148,121,1,-1,-1
514,11,868,414,148,121,1,-1,-1
515,11,868,414,148,121,1,-1,-1
516,11,868,414,148,121,1,-1,-1
517,11,868,414,148,121,1,-1,-1
518,11,868,414,148,121,1,-1,-1
519,11,868,414,148,121,1,-1,-1
520,11,868,414,148,121,1,-1,-1
521,11,868,414,148,121,1,-1,-1
522,11,868,414,148,121,1,-1,-1
523,11,868,414,148,121,1,-1,-1
524,11,868,414,148,121,1,-1,-1
525,11,868,414,148,121,1,-1,-1
526,11,869,414,147,121,1,-1,-1
527,11,869,414,147,121,1,-1,-1
528,11,869,414,147,121,1,-1,-1
529,11,869,414,147,121,1,-1,-1
530,11,869,414,147,121,1,-1,-1
531,11,869,414,147,121,1,-1,-1
532,11,869,414,147,121,1,-1,-1
533,11,869,414,147,121,1,-1,-1
534,11,869,414,147,121,1,-1,-1
535,11,869,414,147,121,1,-1,-1
536,11,869,414,147,121,1,-1,-1
537,11,869,414,147,121,1,-1,-1
538,11,869,414,147,121,1,-1,-1
539,11,869,414,147,121,1,-1,-1
540,11,869,414,147,121,1,-1,-1
541,11,870,415,146,120,1,-1,-1
542,11,870,415,146,120,1,-1,-1
543,11,870,415,146,120,1,-1,-1
544,11,870,415,146,120,1,-1,-1
545,11,870,415,146,120,1,-1,-1
546,11,870,415,146,120,1,-1,-1
547,11,870,415,146,120,1,-1,-1
548,11,870,415,146,120,1,-1,-1
549,11,870,415,146,120,1,-1,-1
550,11,870,415,146,120,1,-1,-1
551,11,870,415,146,120,1,-1,-1
552,11,870,415,146,120,1,-1,-1
553,11,870,415,146,120,1,-1,-1
554,11,870,415,146,120,1,-1,-1
555,11,870,415,146,120,1,-1,-1
556,11,871,415,145,120,1,-1,-1
557,11,871,415,145,120,1,-1,-1
558,11,871,415,145,120,1,-1,-1
559,11,871,415,145,120,1,-1,-1
560,11,871,415,145,120,1,-1,-1
561,11,871,415,145,120,1,-1,-1
562,11,871,415,145,120,1,-1,-1
563,11,871,415,145,120,1,-1,-1
564,11,871,415,145,120,1,-1,-1
565,11,871,415,145,120,1,-1,-1
566,11,871,415,145,120,1,-1,-1
567,11,871,415,145,120,1,-1,-1
568,11,871,415,145,120,1,-1,-1
569,11,871,415,145,120,1,-1,-1
570,11,871,415,145,120,1,-1,-1
571,11,872,415,144,120,1,-1,-1
572,11,872,415,144,120,1,-1,-1
573,11,872,415,144,120,1,-1,-1
574,11,872,415,144,120,1,-1,-1
575,11,872,415,144,120,1,-1,-1
576,11,872,415,144,120,1,-1,-1
577,11,872,415,144,120,1,-1,-1
578,11,872,415,144,120,1,-1,-1
579,11,872,415,144,120,1,-1,-1
580,11,872,415,144,120,1,-1,-1
581,11,872,415,144,120,1,-1,-1
582,11,872,415,144,120,1,-1,-1
583,11,872,415,144,120,1,-1,-1
584,11,872,415,144,120,1,-1,-1
585,11,872,415,144,120,1,-1,-1
586,11,873,415,143,120,1,-1,-1
587,11,873,415,143,120,1,-1,-1
588,11,873,415,143,120,1,-1,-1
589,11,873,415,143,120,1,-1,-1
590,11,873,415,143,120,1,-1,-1
591,11,873,415,143,120,1,-1,-1
592,11,873,415,143,120,1,-1,-1
593,11,873,415,143,120,1,-1,-1
594,11,873,415,143,120,1,-1,-1
595,11,873,415,143,120,1,-1,-1
596,11,873,415,143,120,1,-1,-1
597,11,873,415,143,120,1,-1,-1
598,11,873,415,143,120,1,-1,-1
599,11,873,415,143,120,1,-1,-1
600,11,873,415,143,120,1,-1,-1
601,11,874,416,142,119,1,-1,-1
602,11,883,430,134,105,1,-1,-1
603,11,892,444,126,91,1,-1,-1
604,11,902,458,118,77,1,-1,-1
181,12,267,0,203,82,1,-1,-1
182,12,266,0,204,82,1,-1,-1
183,12,266,0,204,82,1,-1,-1
184,12,266,0,204,82,1,-1,-1
185,12,266,0,204,82,1,-1,-1
186,12,266,0,205,82,1,-1,-1
187,12,266,0,205,82,1,-1,-1
188,12,266,0,205,82,1,-1,-1
189,12,266,0,205,83,1,-1,-1
190,12,266,0,205,83,1,-1,-1
191,12,266,0,206,83,1,-1,-1
192,12,266,0,206,83,1,-1,-1
193,12,266,0,206,83,1,-1,-1
194,12,266,0,206,83,1,-1,-1
195,12,266,0,206,83,1,-1,-1
196,12,266,0,207,84,1,-1,-1
197,12,266,0,207,84,1,-1,-1
198,12,266,0,207,84,1,-1,-1
199,12,266,0,207,84,1,-1,-1
200,12,266,0,207,84,1,-1,-1
201,12,266,0,208,84,1,-1,-1
202,12,266,0,208,84,1,-1,-1
203,12,266,0,208,84,1,-1,-1
204,12,266,0,208,85,1,-1,-1
205,12,266,0,208,85,1,-1,-1
206,12,266,0,209,85,1,-1,-1
207,12,266,0,209,85,1,-1,-1
208,12,266,0,209,85,1,-1,-1
209,12,266,0,209,85,1,-1,-1
210,12,266,0,209,85,1,-1,-1
211,12,266,0,210,86,1,-1,-1
212,12,266,0,210,86,1,-1,-1
213,12,266,0,210,86,1,-1,-1
214,12,266,0,210,86,1,-1,-1
215,12,266,0,210,86,1,-1,-1
216,12,266,0,211,86,1,-1,-1
217,12,266,0,211,86,1,-1,-1
218,12,266,0,211,86,1,-1,-1
219,12,266,0,211,87,1,-1,-1
220,12,266,0,211,87,1,-1,-1
221,12,266,0,212,87,1,-1,-1
222,12,266,0,212,87,1,-1,-1
223,12,266,0,212,87,1,-1,-1
224,12,266,0,212,87,1,-1,-1
225,12,266,0,212,87,1,-1,-1
226,12,266,0,213,88,1,-1,-1
227,12,266,0,213,88,1,-1,-1
228,12,266,0,213,88,1,-1,-1
229,12,266,0,213,88,1,-1,-1
230,12,266,0,213,88,1,-1,-1
231,12,266,0,214,88,1,-1,-1
232,12,266,0,214,88,1,-1,-1
233,12,266,0,214,88,1,-1,-1
234,12,266,0,214,89,1,-1,-1
235,12,266,0,214,89,1,-1,-1
236,12,266,0,215,89,1,-1,-1
237,12,266,0,215,89,1,-1,-1
238,12,266,0,215,89,1,-1,-1
239,12,266,0,215,89,1,-1,-1
240,12,266,0,215,89,1,-1,-1
241,12,266,0,216,90,1,-1,-1
242,12,266,0,216,90,1,-1,-1
243,12,266,0,216,90,1,-1,-1
244,12,266,0,217,90,1,-1,-1
245,12,266,0,217,91,1,-1,-1
246,12,266,0,218,91,1,-1,-1
247,12,266,0,218,91,1,-1,-1
248,12,266,0,218,91,1,-1,-1
249,12,266,0,219,92,1,-1,-1
250,12,266,0,219,92,1,-1,-1
251,12,266,0,220,92,1,-1,-1
252,12,266,0,220,92,1,-1,-1
253,12,266,0,220,93,1,-1,-1
254,12,266,0,221,93,1,-1,-1
255,12,266,0,221,93,1,-1,-1
256,12,266,0,222,93,1,-1,-1
257,12,266,0,222,94,1,-1,-1
258,12,266,0,222,94,1,-1,-1
259,12,266,0,223,94,1,-1,-1
260,12,266,0,223,94,1,-1,-1
261,12,266,0,224,95,1,-1,-1
262,12,266,0,224,95,1,-1,-1
263,12,266,0,224,95,1,-1,-1
264,12,267,0,224,95,1,-1,-1
265,12,267,0,224,95,1,-1,-1
266,12,268,0,224,95,1,-1,-1
267,12,268,0,224,95,1,-1,-1
268,12,268,0,224,95,1,-1,-1
269,12,269,0,224,95,1,-1,-1
270,12,269,0,224,95,1,-1,-1
271,12,270,0,224,95,1,-1,-1
272,12,270,0,224,95,1,-1,-1
273,12,270,0,224,95,1,-1,-1
274,12,270,0,224,95,1,-1,-1
275,12,270,0,224,96,1,-1,-1
276,12,271,0,224,96,1,-1,-1
277,12,271,0,224,96,1,-1,-1
278,12,271,0,224,97,1,-1,-1
279,12,271,0,224,97,1,-1,-1
280,12,271,0,224,97,1,-1,-1
281,12,272,0,224,98,1,-1,-1
282,12,272,0,224,98,1,-1,-1
283,12,272,0,224,98,1,-1,-1
284,12,272,0,224,98,1,-1,-1
285,12,272,0,224,99,1,-1,-1
286,12,273,0,224,99,1,-1,-1
287,12,273,0,224,99,1,-1,-1
288,12,273,0,224,100,1,-1,-1
289,12,273,0,224,100,1,-1,-1
290,12,273,0,224,100,1,-1,-1
291,12,274,0,224,101,1,-1,-1
292,12,274,0,224,101,1,-1,-1
293,12,274,0,224,101,1,-1,-1
294,12,274,0,224,101,1,-1,-1
295,12,274,0,224,102,1,-1,-1
296,12,275,0,224,102,1,-1,-1
297,12,275,0,224,102,1,-1,-1
298,12,275,0,224,103,1,-1,-1
299,12,275,0,224,103,1,-1,-1
300,12,275,0,224,103,1,-1,-1
301,12,276,0,224,104,1,-1,-1
302,12,276,0,224,104,1,-1,-1
303,12,276,0,224,104,1,-1,-1
304,12,276,0,224,104,1,-1,-1
305,12,276,0,224,104,1,-1,-1
306,12,276,0,224,105,1,-1,-1
307,12,276,0,224,105,1,-1,-1
308,12,277,0,223,105,1,-1,-1
309,12,277,0,223,105,1,-1,-1
310,12,277,0,223,105,1,-1,-1
311,12,277,0,223,106,1,-1,-1
312,12,277,0,224,106,1,-1,-1
313,12,277,0,224,106,1,-1,-1
314,12,278,0,223,106,1,-1,-1
315,12,278,0,223,106,1,-1,-1
316,12,278,0,223,107,1,-1,-1
317,12,278,1,223,106,1,-1,-1
318,12,278,1,223,106,1,-1,-1
319,12,278,1,223,106,1,-1,-1
320,12,279,1,222,106,1,-1,-1
321,12,279,1,222,107,1,-1,-1
322,12,279,1,222,107,1,-1,-1
323,12,279,1,223,107,1,-1,-1
324,12,279,1,223,107,1,-1,-1
325,12,279,1,223,107,1,-1,-1
326,12,280,1,222,108,1,-1,-1
327,12,280,1,222,108,1,-1,-1
328,12,280,1,222,108,1,-1,-1
329,12,280,1,222,108,1,-1,-1
330,12,280,1,222,108,1,-1,-1
331,12,280,1,222,109,1,-1,-1
332,12,281,1,221,109,1,-1,-1
333,12,281,2,221,108,1,-1,-1
334,12,281,2,222,108,1,-1,-1
335,12,281,2,222,108,1,-1,-1
336,12,281,2,222,109,1,-1,-1
337,12,281,2,222,109,1,-1,-1
338,12,282,2,221,109,1,-1,-1
339,12,282,2,221,109,1,-1,-1
340,12,282,2,221,110,1,-1,-1
341,12,282,2,221,110,1,-1,-1
342,12,282,2,221,110,1,-1,-1
343,12,282,2,221,110,1,-1,-1
344,12,283,2,220,110,1,-1,-1
345,12,283,2,221,111,1,-1,-1
346,12,283,2,221,111,1,-1,-1
347,12,283,2,221,111,1,-1,-1
348,12,283,2,221,111,1,-1,-1
349,12,283,3,221,110,1,-1,-1
350,12,283,3,221,111,1,-1,-1
351,12,284,3,220,111,1,-1,-1
352,12,284,3,220,111,1,-1,-1
353,12,284,3,220,111,1,-1,-1
354,12,284,3,220,111,1,-1,-1
355,12,284,3,220,112,1,-1,-1
356,12,284,3,221,112,1,-1,-1
357,12,285,3,220,112,1,-1,-1
358,12,285,3,220,112,1,-1,-1
359,12,285,3,220,112,1,-1,-1
360,12,285,3,220,113,1,-1,-1
361,12,285,3,220,113,1,-1,-1
362,12,285,3,220,113,1,-1,-1
363,12,286,3,219,113,1,-1,-1
364,12,286,4,219,112,1,-1,-1
365,12,286,4,219,113,1,-1,-1
366,12,286,4,219,113,1,-1,-1
367,12,286,4,220,113,1,-1,-1
368,12,286,4,220,113,1,-1,-1
369,12,287,4,219,113,1,-1,-1
370,12,287,4,219,114,1,-1,-1
371,12,287,4,219,114,1,-1,-1
372,12,287,4,219,114,1,-1,-1
373,12,287,4,219,114,1,-1,-1
374,12,287,4,219,115,1,-1,-1
375,12,288,4,218,115,1,-1,-1
376,12,288,4,218,115,1,-1,-1
377,12,288,4,219,115,1,-1,-1
378,12,288,4,219,115,1,-1,-1
379,12,288,4,219,116,1,-1,-1
380,12,288,5,219,115,1,-1,-1
381,12,289,5,218,115,1,-1,-1
382,12,289,5,218,115,1,-1,-1
383,12,289,5,218,115,1,-1,-1
384,12,289,5,218,116,1,-1,-1
385,12,289,5,218,116,1,-1,-1
386,12,289,5,218,116,1,-1,-1
387,12,290,5,217,116,1,-1,-1
388,12,290,5,218,116,1,-1,-1
389,12,290,5,218,117,1,-1,-1
390,12,290,5,218,117,1,-1,-1
391,12,290,5,218,117,1,-1,-1
392,12,290,5,218,117,1,-1,-1
393,12,291,5,217,117,1,-1,-1
394,12,291,5,217,118,1,-1,-1
395,12,291,5,217,118,1,-1,-1
396,12,291,6,217,117,1,-1,-1
397,12,291,6,217,117,1,-1,-1
398,12,291,6,217,117,1,-1,-1
399,12,291,6,218,118,1,-1,-1
400,12,292,6,217,118,1,-1,-1
401,12,292,6,217,118,1,-1,-1
402,12,292,6,217,118,1,-1,-1
403,12,292,6,217,118,1,-1,-1
404,12,292,6,217,119,1,-1,-1
405,12,292,6,217,119,1,-1,-1
406,12,293,6,216,119,1,-1,-1
407,12,293,6,216,119,1,-1,-1
408,12,293,6,216,120,1,-1,-1
409,12,293,6,216,120,1,-1,-1
410,12,293,6,217,120,1,-1,-1
411,12,293,7,217,119,1,-1,-1
412,12,294,7,216,119,1,-1,-1
413,12,294,7,216,120,1,-1,-1
414,12,294,7,216,120,1,-1,-1
415,12,294,7,216,120,1,-1,-1
416,12,294,7,216,120,1,-1,-1
417,12,294,7,216,120,1,-1,-1
418,12,295,7,215,121,1,-1,-1
419,12,295,7,215,121,1,-1,-1
420,12,295,7,215,121,1,-1,-1
421,12,295,7,216,121,1,-1,-1
422,12,295,7,216,121,1,-1,-1
423,12,295,7,216,122,1,-1,-1
424,12,296,7,215,122,1,-1,-1
425,12,296,7,215,122,1,-1,-1
426,12,296,7,215,122,1,-1,-1
427,12,296,8,215,121,1,-1,-1
428,12,296,8,215,122,1,-1,-1
429,12,296,8,215,122,1,-1,-1
430,12,297,8,214,122,1,-1,-1
431,12,297,8,214,122,1,-1,-1
432,12,297,8,215,122,1,-1,-1
433,12,297,8,215,123,1,-1,-1
434,12,297,8,215,123,1,-1,-1
435,12,297,8,215,123,1,-1,-1
436,12,298,8,214,123,1,-1,-1
437,12,298,8,214,123,1,-1,-1
438,12,298,8,214,124,1,-1,-1
439,12,298,8,214,124,1,-1,-1
440,12,298,8,214,124,1,-1,-1
441,12,298,8,214,124,1,-1,-1
442,12,299,9,214,124,1,-1,-1
443,12,298,9,214,124,1,-1,-1
444,12,298,9,214,124,1,-1,-1
445,12,297,10,214,124,1,-1,-1
446,12,297,10,214,124,1,-1,-1
447,12,297,11,214,124,1,-1,-1
448,12,296,11,214,124,1,-1,-1
449,12,296,11,214,124,1,-1,-1
450,12,296,12,214,124,1,-1,-1
451,12,295,12,214,124,1,-1,-1
452,12,295,13,214,124,1,-1,-1
453,12,294,13,214,124,1,-1,-1
454,12,294,14,214,124,1,-1,-1
455,12,294,14,214,124,1,-1,-1
456,12,293,14,214,124,1,-1,-1
457,12,293,15,214,124,1,-1,-1
458,12,293,15,214,124,1,-1,-1
459,12,292,16,214,124,1,-1,-1
460,12,292,16,214,124,1,-1,-1
461,12,292,17,214,124,1,-1,-1
462,12,291,17,214,124,1,-1,-1
463,12,291,17,214,124,1,-1,-1
464,12,290,18,214,124,1,-1,-1
465,12,290,18,214,124,1,-1,-1
466,12,290,19,214,124,1,-1,-1
467,12,289,19,214,124,1,-1,-1
468,12,289,19,214,124,1,-1,-1
469,12,289,20,214,124,1,-1,-1
470,12,288,20,214,124,1,-1,-1
471,12,288,21,214,124,1,-1,-1
472,12,287,21,214,124,1,-1,-1
473,12,287,22,214,124,1,-1,-1
474,12,287,22,214,124,1,-1,-1
475,12,286,22,214,124,1,-1,-1
476,12,286,23,214,124,1,-1,-1
477,12,286,23,214,124,1,-1,-1
478,12,285,24,214,124,1,-1,-1
479,12,285,24,214,124,1,-1,-1
480,12,285,25,214,124,1,-1,-1
481,12,284,25,214,124,1,-1,-1
482,12,283,25,214,124,1,-1,-1
483,12,282,25,214,124,1,-1,-1
484,12,281,25,214,124,1,-1,-1
485,12,280,26,214,124,1,-1,-1
486,12,279,26,214,124,1,-1,-1
487,12,278,26,214,124,1,-1,-1
488,12,277,26,214,124,1,-1,-1
489,12,276,27,214,124,1,-1,-1
490,12,275,27,214,124,1,-1,-1
491,12,275,27,214,124,1,-1,-1
492,12,274,27,214,124,1,-1,-1
493,12,273,27,214,124,1,-1,-1
494,12,272,28,214,124,1,-1,-1
495,12,271,28,214,124,1,-1,-1
496,12,270,28,214,124,1,-1,-1
497,12,269,28,214,124,1,-1,-1
498,12,268,29,214,124,1,-1,-1
499,12,267,29,214,124,1,-1,-1
500,12,266,29,214,124,1,-1,-1
501,12,265,29,214,124,1,-1,-1
502,12,265,30,214,124,1,-1,-1
503,12,264,30,214,124,1,-1,-1
504,12,263,30,214,124,1,-1,-1
505,12,263,30,214,124,1,-1,-1
506,12,262,30,214,124,1,-1,-1
507,12,262,30,214,124,1,-1,-1
508,12,261,30,214,124,1,-1,-1
509,12,261,30,214,124,1,-1,-1
510,12,260,30,214,124,1,-1,-1
511,12,260,30,214,124,1,-1,-1
512,12,259,30,214,124,1,-1,-1
513,12,259,30,214,124,1,-1,-1
514,12,258,31,214,124,1,-1,-1
515,12,258,31,214,124,1,-1,-1
516,12,257,31,214,124,1,-1,-1
517,12,257,31,214,124,1,-1,-1
518,12,256,31,214,124,1,-1,-1
519,12,256,31,214,124,1,-1,-1
520,12,255,31,214,124,1,-1,-1
521,12,254,31,214,124,1,-1,-1
522,12,254,31,214,124,1,-1,-1
523,12,253,31,214,124,1,-1,-1
524,12,253,31,214,124,1,-1,-1
525,12,252,31,214,124,1,-1,-1
526,12,252,32,214,124,1,-1,-1
527,12,251,32,214,124,1,-1,-1
528,12,251,32,214,124,1,-1,-1
529,12,250,32,214,124,1,-1,-1
530,12,250,32,214,124,1,-1,-1
531,12,249,32,214,124,1,-1,-1
532,12,249,32,214,124,1,-1,-1
533,12,248,32,214,124,1,-1,-1
534,12,248,32,214,124,1,-1,-1
535,12,247,32,214,124,1,-1,-1
536,12,247,32,214,124,1,-1,-1
537,12,246,32,214,124,1,-1,-1
538,12,246,33,214,124,1,-1,-1
539,12,246,32,214,124,1,-1,-1
540,12,246,32,214,124,1,-1,-1
541,12,246,32,214,124,1,-1,-1
542,12,246,32,214,124,1,-1,-1
543,12,246,32,214,124,1,-1,-1
544,12,246,31,214,124,1,-1,-1
545,12,246,31,214,124,1,-1,-1
546,12,246,31,214,124,1,-1,-1
547,12,246,31,214,124,1,-1,-1
548,12,246,31,214,124,1,-1,-1
549,12,246,30,214,124,1,-1,-1
550,12,246,30,214,124,1,-1,-1
551,12,246,30,214,124,1,-1,-1
552,12,246,30,214,124,1,-1,-1
553,12,246,30,214,124,1,-1,-1
554,12,246,29,214,124,1,-1,-1
555,12,246,29,214,124,1,-1,-1
556,12,246,29,214,124,1,-1,-1
557,12,246,29,214,124,1,-1,-1
558,12,246,29,214,124,1,-1,-1
559,12,246,28,214,124,1,-1,-1
560,12,246,28,214,124,1,-1,-1
561,12,246,28,214,124,1,-1,-1
562,12,246,28,214,124,1,-1,-1
563,12,246,28,214,124,1,-1,-1
564,12,246,27,214,124,1,-1,-1
565,12,246,27,214,124,1,-1,-1
566,12,246,27,214,124,1,-1,-1
567,12,246,27,214,124,1,-1,-1
568,12,246,27,214,124,1,-1,-1
569,12,246,26,214,124,1,-1,-1
570,12,246,26,214,124,1,-1,-1
571,12,246,26,214,124,1,-1,-1
572,12,246,26,214,124,1,-1,-1
573,12,246,26,214,124,1,-1,-1
574,12,246,25,214,124,1,-1,-1
575,12,246,25,214,124,1,-1,-1
576,12,246,25,214,124,1,-1,-1
577,12,246,25,214,124,1,-1,-1
578,12,246,25,214,124,1,-1,-1
579,12,246,24,214,124,1,-1,-1
580,12,246,24,214,124,1,-1,-1
581,12,246,24,214,124,1,-1,-1
582,12,246,24,214,124,1,-1,-1
583,12,246,24,214,124,1,-1,-1
584,12,246,24,214,124,1,-1,-1
585,12,246,24,214,124,1,-1,-1
586,12,246,24,214,124,1,-1,-1
587,12,246,24,214,124,1,-1,-1
588,12,246,24,214,124,1,-1,-1
589,12,246,24,214,124,1,-1,-1
590,12,246,24,214,124,1,-1,-1
591,12,246,24,214,124,1,-1,-1
592,12,246,24,214,124,1,-1,-1
593,12,246,24,214,124,1,-1,-1
594,12,246,24,214,124,1,-1,-1
595,12,246,24,214,124,1,-1,-1
596,12,246,24,214,124,1,-1,-1
597,12,246,24,214,124,1,-1,-1
598,12,246,24,214,124,1,-1,-1
599,12,246,24,214,124,1,-1,-1
600,12,246,24,214,124,1,-1,-1
601,12,246,24,214,124,1,-1,-1
602,12,250,23,207,125,1,-1,-1
603,12,254,22,200,126,1,-1,-1
604,12,259,22,192,127,1,-1,-1
