301,64,711,0,245,126,1,-1,-1
302,64,711,0,245,126,1,-1,-1
303,64,711,0,245,126,1,-1,-1
304,64,711,0,245,126,1,-1,-1
305,64,711,0,245,126,1,-1,-1
306,64,711,0,245,126,1,-1,-1
307,64,711,0,245,126,1,-1,-1
308,64,711,0,245,126,1,-1,-1
309,64,711,0,245,126,1,-1,-1
310,64,711,0,245,126,1,-1,-1
311,64,711,0,245,126,1,-1,-1
312,64,711,0,245,126,1,-1,-1
313,64,711,0,245,126,1,-1,-1
314,64,711,0,245,126,1,-1,-1
315,64,711,0,245,126,1,-1,-1
316,64,711,0,245,126,1,-1,-1
317,64,711,0,245,126,1,-1,-1
318,64,711,0,245,126,1,-1,-1
319,64,711,0,245,126,1,-1,-1
320,64,711,0,245,126,1,-1,-1
321,64,711,0,245,126,1,-1,-1
322,64,711,0,245,126,1,-1,-1
323,64,711,0,245,126,1,-1,-1
324,64,711,0,245,126,1,-1,-1
325,64,711,0,245,126,1,-1,-1
326,64,711,0,245,126,1,-1,-1
327,64,711,0,245,126,1,-1,-1
328,64,711,0,245,126,1,-1,-1
329,64,711,0,245,126,1,-1,-1
330,64,711,0,245,126,1,-1,-1
331,64,711,0,245,126,1,-1,-1
332,64,711,0,245,126,1,-1,-1
333,64,711,0,245,126,1,-1,-1
334,64,711,0,245,126,1,-1,-1
335,64,711,0,245,126,1,-1,-1
336,64,711,0,245,126,1,-1,-1
337,64,711,0,245,126,1,-1,-1
338,64,711,0,245,126,1,-1,-1
339,64,711,0,245,126,1,-1,-1
340,64,711,0,245,126,1,-1,-1
341,64,711,0,245,126,1,-1,-1
342,64,711,0,245,126,1,-1,-1
343,64,711,0,245,126,1,-1,-1
344,64,711,0,245,126,1,-1,-1
345,64,711,0,245,126,1,-1,-1
346,64,711,0,245,126,1,-1,-1
347,64,711,0,245,126,1,-1,-1
348,64,711,0,245,126,1,-1,-1
349,64,711,0,245,126,1,-1,-1
350,64,711,0,245,126,1,-1,-1
351,64,711,0,245,126,1,-1,-1
352,64,711,0,245,126,1,-1,-1
353,64,711,0,245,126,1,-1,-1
354,64,711,0,245,126,1,-1,-1
355,64,711,0,245,126,1,-1,-1
356,64,711,0,245,126,1,-1,-1
357,64,711,0,245,126,1,-1,-1
358,64,711,0,245,126,1,-1,-1
359,64,711,0,245,126,1,-1,-1
360,64,711,0,245,126,1,-1,-1
361,64,711,0,245,126,1,-1,-1
362,64,711,0,245,126,1,-1,-1
363,64,711,0,245,126,1,-1,-1
364,64,711,0,245,126,1,-1,-1
365,64,711,0,245,126,1,-1,-1
366,64,711,0,245,126,1,-1,-1
367,64,711,0,245,126,1,-1,-1
368,64,711,0,245,126,1,-1,-1
369,64,711,0,245,126,1,-1,-1
370,64,711,0,245,126,1,-1,-1
371,64,711,0,245,126,1,-1,-1
372,64,711,0,245,126,1,-1,-1
373,64,711,0,245,126,1,-1,-1
374,64,711,0,245,126,1,-1,-1
375,64,711,0,245,126,1,-1,-1
376,64,711,0,245,126,1,-1,-1
377,64,711,0,245,126,1,-1,-1
378,64,711,0,245,126,1,-1,-1
379,64,711,0,245,126,1,-1,-1
380,64,711,0,245,126,1,-1,-1
381,64,711,0,245,126,1,-1,-1
382,64,711,0,245,126,1,-1,-1
383,64,711,0,245,126,1,-1,-1
384,64,711,0,245,126,1,-1,-1
385,64,711,0,245,126,1,-1,-1
386,64,711,0,245,126,1,-1,-1
387,64,711,0,245,126,1,-1,-1
388,64,711,0,245,126,1,-1,-1
389,64,711,0,245,126,1,-1,-1
390,64,711,0,245,126,1,-1,-1
391,64,711,0,245,126,1,-1,-1
392,64,711,0,245,126,1,-1,-1
393,64,711,0,245,126,1,-1,-1
394,64,711,0,245,126,1,-1,-1
395,64,711,0,245,126,1,-1,-1
396,64,711,0,245,126,1,-1,-1
397,64,711,0,245,126,1,-1,-1
398,64,711,0,245,126,1,-1,-1
399,64,711,0,245,126,1,-1,-1
400,64,711,0,245,126,1,-1,-1
401,64,711,0,245,126,1,-1,-1
402,64,711,0,245,126,1,-1,-1
403,64,711,0,245,126,1,-1,-1
404,64,711,0,245,126,1,-1,-1
405,64,711,0,245,126,1,-1,-1
406,64,711,0,245,126,1,-1,-1
407,64,711,0,245,126,1,-1,-1
408,64,711,0,245,126,1,-1,-1
409,64,711,0,245,126,1,-1,-1
410,64,711,0,245,126,1,-1,-1
411,64,711,0,245,126,1,-1,-1
412,64,711,0,245,126,1,-1,-1
413,64,711,0,245,126,1,-1,-1
414,64,711,0,245,126,1,-1,-1
415,64,711,0,245,126,1,-1,-1
416,64,711,0,245,126,1,-1,-1
417,64,711,0,245,126,1,-1,-1
418,64,711,0,245,126,1,-1,-1
419,64,711,0,245,126,1,-1,-1
420,64,711,0,245,126,1,-1,-1
421,64,711,0,245,126,1,-1,-1
422,64,711,0,245,126,1,-1,-1
423,64,711,0,245,126,1,-1,-1
424,64,711,0,245,126,1,-1,-1
425,64,711,0,245,126,1,-1,-1
426,64,711,0,245,126,1,-1,-1
427,64,711,0,245,126,1,-1,-1
428,64,711,0,245,126,1,-1,-1
429,64,711,0,245,126,1,-1,-1
430,64,711,0,245,126,1,-1,-1
431,64,711,0,245,126,1,-1,-1
432,64,711,0,245,126,1,-1,-1
433,64,711,0,245,126,1,-1,-1
434,64,711,0,245,126,1,-1,-1
435,64,711,0,245,126,1,-1,-1
436,64,711,0,245,126,1,-1,-1
437,64,711,0,245,126,1,-1,-1
438,64,711,0,245,126,1,-1,-1
439,64,711,0,245,126,1,-1,-1
440,64,711,0,245,126,1,-1,-1
441,64,711,0,245,126,1,-1,-1
442,64,711,0,245,126,1,-1,-1
443,64,711,0,245,126,1,-1,-1
444,64,711,0,245,126,1,-1,-1
445,64,711,0,245,126,1,-1,-1
446,64,711,0,245,126,1,-1,-1
447,64,711,0,245,126,1,-1,-1
448,64,711,0,245,126,1,-1,-1
449,64,711,0,245,126,1,-1,-1
450,64,711,0,245,126,1,-1,-1
451,64,711,0,245,126,1,-1,-1
452,64,711,0,245,126,1,-1,-1
453,64,711,0,245,126,1,-1,-1
454,64,711,0,245,126,1,-1,-1
455,64,711,0,245,126,1,-1,-1
456,64,711,0,245,126,1,-1,-1
457,64,711,0,245,126,1,-1,-1
458,64,711,0,245,126,1,-1,-1
459,64,711,0,245,126,1,-1,-1
460,64,711,0,245,126,1,-1,-1
461,64,711,0,245,126,1,-1,-1
462,64,711,0,245,126,1,-1,-1
463,64,711,0,245,126,1,-1,-1
464,64,711,0,245,126,1,-1,-1
465,64,711,0,245,126,1,-1,-1
466,64,711,0,245,126,1,-1,-1
467,64,711,0,245,126,1,-1,-1
468,64,711,0,245,126,1,-1,-1
469,64,711,0,245,126,1,-1,-1
470,64,711,0,245,126,1,-1,-1
471,64,711,0,245,126,1,-1,-1
472,64,711,0,245,126,1,-1,-1
473,64,711,0,245,126,1,-1,-1
474,64,711,0,245,126,1,-1,-1
475,64,711,0,245,126,1,-1,-1
476,64,711,0,245,126,1,-1,-1
477,64,711,0,245,126,1,-1,-1
478,64,711,0,245,126,1,-1,-1
479,64,711,0,245,126,1,-1,-1
480,64,711,0,245,126,1,-1,-1
481,64,711,0,245,126,1,-1,-1
482,64,711,0,245,126,1,-1,-1
483,64,711,0,245,126,1,-1,-1
484,64,711,0,245,126,1,-1,-1
485,64,711,0,245,126,1,-1,-1
486,64,711,0,245,126,1,-1,-1
487,64,711,0,245,126,1,-1,-1
488,64,711,0,245,126,1,-1,-1
489,64,711,0,245,126,1,-1,-1
490,64,711,0,245,126,1,-1,-1
491,64,711,0,245,126,1,-1,-1
492,64,711,0,245,126,1,-1,-1
493,64,711,0,245,126,1,-1,-1
494,64,711,0,245,126,1,-1,-1
495,64,711,0,245,126,1,-1,-1
496,64,711,0,245,126,1,-1,-1
497,64,711,0,245,126,1,-1,-1
498,64,711,0,245,126,1,-1,-1
499,64,711,0,245,126,1,-1,-1
500,64,711,0,245,126,1,-1,-1
501,64,711,0,245,126,1,-1,-1
502,64,711,0,245,126,1,-1,-1
503,64,711,0,245,126,1,-1,-1
504,64,711,0,245,126,1,-1,-1
505,64,711,0,245,126,1,-1,-1
506,64,711,0,245,126,1,-1,-1
507,64,711,0,245,126,1,-1,-1
508,64,711,0,245,126,1,-1,-1
509,64,711,0,245,126,1,-1,-1
510,64,711,0,245,126,1,-1,-1
511,64,711,0,245,126,1,-1,-1
512,64,711,0,245,126,1,-1,-1
513,64,711,0,245,126,1,-1,-1
514,64,711,0,245,126,1,-1,-1
515,64,711,0,245,126,1,-1,-1
516,64,711,0,245,126,1,-1,-1
517,64,711,0,245,126,1,-1,-1
518,64,711,0,245,126,1,-1,-1
519,64,711,0,245,126,1,-1,-1
520,64,711,0,245,126,1,-1,-1
521,64,711,0,245,126,1,-1,-1
522,64,711,0,245,126,1,-1,-1
523,64,711,0,245,126,1,-1,-1
524,64,711,0,245,126,1,-1,-1
525,64,711,0,245,126,1,-1,-1
526,64,711,0,245,126,1,-1,-1
527,64,711,0,245,126,1,-1,-1
528,64,711,0,245,126,1,-1,-1
529,64,711,0,245,126,1,-1,-1
530,64,711,0,245,126,1,-1,-1
531,64,711,0,245,126,1,-1,-1
532,64,711,0,245,126,1,-1,-1
533,64,711,0,245,126,1,-1,-1
534,64,711,0,245,126,1,-1,-1
535,64,711,0,245,126,1,-1,-1
536,64,711,0,245,126,1,-1,-1
537,64,711,0,245,126,1,-1,-1
538,64,711,0,245,126,1,-1,-1
539,64,711,0,245,126,1,-1,-1
540,64,711,0,245,126,1,-1,-1
541,64,711,0,245,126,1,-1,-1
542,64,711,0,245,126,1,-1,-1
543,64,711,0,245,126,1,-1,-1
544,64,711,0,245,126,1,-1,-1
545,64,711,0,245,126,1,-1,-1
546,64,711,0,245,126,1,-1,-1
547,64,711,0,245,126,1,-1,-1
548,64,711,0,245,126,1,-1,-1
549,64,711,0,245,126,1,-1,-1
550,64,711,0,245,126,1,-1,-1
551,64,711,0,245,126,1,-1,-1
552,64,711,0,245,126,1,-1,-1
553,64,711,0,245,126,1,-1,-1
554,64,711,0,245,126,1,-1,-1
555,64,711,0,245,126,1,-1,-1
556,64,711,0,245,126,1,-1,-1
557,64,711,0,245,126,1,-1,-1
558,64,711,0,245,126,1,-1,-1
559,64,711,0,245,126,1,-1,-1
560,64,711,0,245,126,1,-1,-1
561,64,711,0,245,126,1,-1,-1
562,64,711,0,245,126,1,-1,-1
563,64,711,0,245,126,1,-1,-1
564,64,711,0,245,126,1,-1,-1
565,64,711,0,245,126,1,-1,-1
566,64,711,0,245,126,1,-1,-1
567,64,711,0,245,126,1,-1,-1
568,64,711,0,245,126,1,-1,-1
569,64,711,0,245,126,1,-1,-1
570,64,711,0,245,126,1,-1,-1
571,64,711,0,245,126,1,-1,-1
572,64,711,0,245,126,1,-1,-1
573,64,711,0,245,126,1,-1,-1
574,64,711,0,245,126,1,-1,-1
575,64,711,0,245,126,1,-1,-1
576,64,711,0,245,126,1,-1,-1
577,64,711,0,245,126,1,-1,-1
578,64,711,0,245,126,1,-1,-1
579,64,711,0,245,126,1,-1,-1
580,64,711,0,245,126,1,-1,-1
581,64,711,0,245,126,1,-1,-1
582,64,711,0,245,126,1,-1,-1
583,64,711,0,245,126,1,-1,-1
584,64,711,0,245,126,1,-1,-1
585,64,711,0,245,126,1,-1,-1
586,64,711,0,245,126,1,-1,-1
587,64,711,0,245,126,1,-1,-1
588,64,711,0,245,126,1,-1,-1
589,64,711,0,245,126,1,-1,-1
590,64,711,0,245,126,1,-1,-1
591,64,711,0,245,126,1,-1,-1
592,64,711,0,245,126,1,-1,-1
593,64,711,0,245,126,1,-1,-1
594,64,711,0,245,126,1,-1,-1
595,64,711,0,245,126,1,-1,-1
596,64,711,0,245,126,1,-1,-1
597,64,711,0,245,126,1,-1,-1
598,64,711,0,245,126,1,-1,-1
599,64,711,0,245,126,1,-1,-1
600,64,711,0,245,126,1,-1,-1
601,64,711,0,245,126,1,-1,-1
602,64,710,0,246,126,1,-1,-1
603,64,710,0,246,126,1,-1,-1
604,64,710,0,247,126,1,-1,-1
605,64,710,0,247,126,1,-1,-1
606,64,710,0,247,126,1,-1,-1
607,64,710,0,248,126,1,-1,-1
608,64,710,0,248,126,1,-1,-1
609,64,710,0,248,126,1,-1,-1
610,64,710,0,249,126,1,-1,-1
611,64,710,0,249,126,1,-1,-1
612,64,710,0,250,126,1,-1,-1
613,64,710,0,250,126,1,-1,-1
614,64,710,0,250,126,1,-1,-1
615,64,710,0,251,126,1,-1,-1
616,64,710,0,251,126,1,-1,-1
617,64,710,0,251,126,1,-1,-1
618,64,710,0,252,126,1,-1,-1
619,64,710,0,252,126,1,-1,-1
620,64,710,0,252,126,1,-1,-1
621,64,710,0,253,126,1,-1,-1
622,64,710,0,253,126,1,-1,-1
623,64,709,0,255,127,1,-1,-1
624,64,709,0,255,127,1,-1,-1
625,64,709,0,255,127,1,-1,-1
626,64,709,0,256,127,1,-1,-1
627,64,709,0,256,127,1,-1,-1
628,64,709,0,256,127,1,-1,-1
629,64,709,0,257,127,1,-1,-1
630,64,709,0,257,127,1,-1,-1
631,64,709,0,257,127,1,-1,-1
632,64,709,0,258,127,1,-1,-1
633,64,709,0,258,127,1,-1,-1
634,64,709,0,259,127,1,-1,-1
635,64,709,0,259,127,1,-1,-1
636,64,709,0,259,127,1,-1,-1
637,64,709,0,260,127,1,-1,-1
638,64,709,0,260,127,1,-1,-1
639,64,709,0,260,127,1,-1,-1
640,64,709,0,261,127,1,-1,-1
641,64,709,0,261,127,1,-1,-1
642,64,709,0,261,127,1,-1,-1
643,64,709,0,262,127,1,-1,-1
644,64,708,0,263,128,1,-1,-1
645,64,708,0,264,128,1,-1,-1
646,64,708,0,264,128,1,-1,-1
647,64,708,0,264,128,1,-1,-1
648,64,708,0,265,128,1,-1,-1
649,64,708,0,265,128,1,-1,-1
650,64,708,0,265,128,1,-1,-1
651,64,708,0,266,128,1,-1,-1
652,64,708,0,266,128,1,-1,-1
653,64,708,0,266,128,1,-1,-1
654,64,708,0,267,128,1,-1,-1
655,64,708,0,267,128,1,-1,-1
656,64,708,0,268,128,1,-1,-1
657,64,708,0,268,128,1,-1,-1
658,64,708,0,268,128,1,-1,-1
659,64,708,0,269,128,1,-1,-1
660,64,708,0,269,128,1,-1,-1
661,64,708,0,269,128,1,-1,-1
662,64,708,0,270,128,1,-1,-1
663,64,708,0,270,128,1,-1,-1
664,64,708,0,270,128,1,-1,-1
665,64,708,0,271,128,1,-1,-1
666,64,707,0,272,129,1,-1,-1
667,64,707,0,273,129,1,-1,-1
668,64,707,0,273,129,1,-1,-1
669,64,707,0,273,129,1,-1,-1
670,64,707,0,274,129,1,-1,-1
671,64,707,0,274,129,1,-1,-1
672,64,707,0,274,129,1,-1,-1
673,64,707,0,275,129,1,-1,-1
674,64,707,0,275,129,1,-1,-1
675,64,707,0,275,129,1,-1,-1
676,64,707,0,276,129,1,-1,-1
677,64,707,0,276,129,1,-1,-1
678,64,707,0,277,129,1,-1,-1
679,64,707,0,277,129,1,-1,-1
680,64,707,0,277,129,1,-1,-1
681,64,707,0,278,129,1,-1,-1
682,64,707,0,278,129,1,-1,-1
683,64,707,0,278,129,1,-1,-1
684,64,707,0,279,129,1,-1,-1
685,64,707,0,279,129,1,-1,-1
686,64,707,0,279,129,1,-1,-1
687,64,706,0,281,130,1,-1,-1
688,64,706,0,281,130,1,-1,-1
689,64,706,0,282,130,1,-1,-1
690,64,706,0,282,130,1,-1,-1
691,64,706,0,282,130,1,-1,-1
692,64,706,0,283,130,1,-1,-1
693,64,706,0,283,130,1,-1,-1
694,64,706,0,283,130,1,-1,-1
695,64,706,0,284,130,1,-1,-1
696,64,706,0,284,130,1,-1,-1
697,64,706,0,284,130,1,-1,-1
698,64,706,0,285,130,1,-1,-1
699,64,706,0,285,130,1,-1,-1
700,64,706,0,286,130,1,-1,-1
701,64,706,0,286,130,1,-1,-1
702,64,706,0,286,130,1,-1,-1
703,64,706,0,287,130,1,-1,-1
704,64,706,0,287,130,1,-1,-1
705,64,706,0,287,130,1,-1,-1
706,64,706,0,288,130,1,-1,-1
707,64,706,0,288,130,1,-1,-1
708,64,706,0,289,131,1,-1,-1
