1,2,450,0,177,166,1,-1,-1
2,2,450,0,177,165,1,-1,-1
3,2,450,0,177,165,1,-1,-1
4,2,450,0,177,165,1,-1,-1
5,2,450,0,177,165,1,-1,-1
6,2,450,0,177,164,1,-1,-1
7,2,450,0,177,164,1,-1,-1
8,2,450,0,177,164,1,-1,-1
9,2,450,0,177,164,1,-1,-1
10,2,450,0,177,164,1,-1,-1
11,2,450,0,177,163,1,-1,-1
12,2,450,0,177,163,1,-1,-1
13,2,450,0,177,163,1,-1,-1
14,2,450,0,177,163,1,-1,-1
15,2,450,0,177,163,1,-1,-1
16,2,450,0,177,162,1,-1,-1
17,2,450,0,177,162,1,-1,-1
18,2,450,0,177,162,1,-1,-1
19,2,450,0,177,162,1,-1,-1
20,2,450,0,177,161,1,-1,-1
21,2,450,0,177,161,1,-1,-1
22,2,450,0,177,161,1,-1,-1
23,2,450,0,177,161,1,-1,-1
24,2,450,0,177,161,1,-1,-1
25,2,450,0,177,160,1,-1,-1
26,2,450,0,177,160,1,-1,-1
27,2,450,0,177,160,1,-1,-1
28,2,450,0,177,160,1,-1,-1
29,2,450,0,177,160,1,-1,-1
30,2,450,0,177,159,1,-1,-1
31,2,450,0,177,159,1,-1,-1
32,2,450,0,177,159,1,-1,-1
33,2,450,0,177,159,1,-1,-1
34,2,450,0,177,158,1,-1,-1
35,2,450,0,177,158,1,-1,-1
36,2,450,0,177,158,1,-1,-1
37,2,450,0,177,158,1,-1,-1
38,2,450,0,177,158,1,-1,-1
39,2,450,0,177,157,1,-1,-1
40,2,450,0,177,157,1,-1,-1
41,2,450,0,177,157,1,-1,-1
42,2,450,0,177,157,1,-1,-1
43,2,450,0,177,157,1,-1,-1
44,2,450,0,177,156,1,-1,-1
45,2,450,0,177,156,1,-1,-1
46,2,450,0,177,156,1,-1,-1
47,2,450,0,177,156,1,-1,-1
48,2,450,0,177,156,1,-1,-1
49,2,450,0,177,155,1,-1,-1
50,2,450,0,177,155,1,-1,-1
51,2,450,0,177,155,1,-1,-1
52,2,450,0,177,155,1,-1,-1
53,2,450,0,177,154,1,-1,-1
54,2,450,0,177,154,1,-1,-1
55,2,450,0,177,154,1,-1,-1
56,2,450,0,177,154,1,-1,-1
57,2,450,0,177,154,1,-1,-1
58,2,450,0,177,153,1,-1,-1
59,2,450,0,177,153,1,-1,-1
60,2,450,0,177,153,1,-1,-1
61,2,450,0,177,153,1,-1,-1
62,2,450,0,177,153,1,-1,-1
63,2,450,0,177,152,1,-1,-1
64,2,450,0,177,152,1,-1,-1
65,2,450,0,177,152,1,-1,-1
66,2,450,0,177,152,1,-1,-1
67,2,450,0,177,151,1,-1,-1
68,2,450,0,177,151,1,-1,-1
69,2,450,0,177,151,1,-1,-1
70,2,450,0,177,151,1,-1,-1
71,2,450,0,177,151,1,-1,-1
72,2,450,0,177,150,1,-1,-1
73,2,450,0,177,150,1,-1,-1
74,2,450,0,177,150,1,-1,-1
75,2,450,0,177,150,1,-1,-1
76,2,450,0,177,150,1,-1,-1
77,2,450,0,177,149,1,-1,-1
78,2,450,0,177,149,1,-1,-1
79,2,450,0,177,149,1,-1,-1
80,2,450,0,177,149,1,-1,-1
81,2,450,0,177,148,1,-1,-1
82,2,450,0,177,148,1,-1,-1
83,2,450,0,177,148,1,-1,-1
84,2,450,0,177,148,1,-1,-1
85,2,450,0,177,148,1,-1,-1
86,2,450,0,177,147,1,-1,-1
87,2,450,0,177,147,1,-1,-1
88,2,450,0,177,147,1,-1,-1
89,2,450,0,177,147,1,-1,-1
90,2,450,0,177,147,1,-1,-1
91,2,450,0,177,146,1,-1,-1
92,2,450,0,177,146,1,-1,-1
93,2,450,0,177,146,1,-1,-1
94,2,450,0,177,146,1,-1,-1
95,2,450,0,177,146,1,-1,-1
96,2,450,0,177,145,1,-1,-1
97,2,450,0,177,145,1,-1,-1
98,2,450,0,177,145,1,-1,-1
99,2,450,0,177,145,1,-1,-1
100,2,450,0,177,144,1,-1,-1
101,2,450,0,177,144,1,-1,-1
102,2,450,0,177,144,1,-1,-1
103,2,450,0,177,144,1,-1,-1
104,2,450,0,177,144,1,-1,-1
105,2,450,0,177,143,1,-1,-1
106,2,450,0,177,143,1,-1,-1
107,2,450,0,177,143,1,-1,-1
108,2,450,0,177,143,1,-1,-1
109,2,450,0,177,143,1,-1,-1
110,2,450,0,177,142,1,-1,-1
111,2,450,0,177,142,1,-1,-1
112,2,450,0,177,142,1,-1,-1
113,2,450,0,177,142,1,-1,-1
114,2,450,0,177,141,1,-1,-1
115,2,450,0,177,141,1,-1,-1
116,2,450,0,177,141,1,-1,-1
117,2,450,0,177,141,1,-1,-1
118,2,450,0,177,141,1,-1,-1
119,2,450,0,177,140,1,-1,-1
120,2,450,0,177,140,1,-1,-1
121,2,450,0,177,140,1,-1,-1
122,2,450,0,177,140,1,-1,-1
123,2,450,0,177,140,1,-1,-1
124,2,450,0,177,139,1,-1,-1
125,2,450,0,177,139,1,-1,-1
126,2,450,0,177,139,1,-1,-1
127,2,450,0,177,139,1,-1,-1
128,2,450,0,177,138,1,-1,-1
129,2,450,0,177,138,1,-1,-1
130,2,450,0,177,138,1,-1,-1
131,2,450,0,177,138,1,-1,-1
132,2,450,0,177,138,1,-1,-1
133,2,450,0,177,137,1,-1,-1
134,2,450,0,177,137,1,-1,-1
135,2,451,0,177,137,1,-1,-1
136,2,451,0,177,137,1,-1,-1
137,2,451,0,177,137,1,-1,-1
138,2,451,0,177,136,1,-1,-1
139,2,451,0,177,136,1,-1,-1
140,2,451,0,177,136,1,-1,-1
141,2,451,0,177,136,1,-1,-1
142,2,451,0,177,136,1,-1,-1
143,2,451,0,177,135,1,-1,-1
144,2,451,0,177,135,1,-1,-1
145,2,451,0,177,135,1,-1,-1
146,2,451,0,177,135,1,-1,-1
147,2,451,0,177,134,1,-1,-1
148,2,451,0,177,134,1,-1,-1
149,2,451,0,177,134,1,-1,-1
150,2,451,0,177,134,1,-1,-1
151,2,451,0,177,134,1,-1,-1
152,2,451,0,177,133,1,-1,-1
153,2,451,0,177,133,1,-1,-1
154,2,451,0,177,133,1,-1,-1
155,2,451,0,177,133,1,-1,-1
156,2,451,0,177,133,1,-1,-1
157,2,451,0,177,132,1,-1,-1
158,2,451,0,177,132,1,-1,-1
159,2,451,0,177,132,1,-1,-1
160,2,451,0,177,132,1,-1,-1
161,2,451,0,177,131,1,-1,-1
162,2,451,0,177,131,1,-1,-1
163,2,451,0,177,131,1,-1,-1
164,2,451,0,177,131,1,-1,-1
165,2,451,0,177,131,1,-1,-1
166,2,451,0,177,130,1,-1,-1
167,2,451,0,177,130,1,-1,-1
168,2,451,0,177,130,1,-1,-1
169,2,451,0,177,130,1,-1,-1
170,2,451,0,177,130,1,-1,-1
171,2,451,0,177,129,1,-1,-1
172,2,451,0,177,129,1,-1,-1
173,2,451,0,177,129,1,-1,-1
174,2,451,0,177,129,1,-1,-1
175,2,451,0,177,128,1,-1,-1
176,2,451,0,177,128,1,-1,-1
177,2,451,0,177,128,1,-1,-1
178,2,451,0,177,128,1,-1,-1
179,2,451,0,177,128,1,-1,-1
180,2,451,0,177,127,1,-1,-1
181,2,451,0,177,127,1,-1,-1
182,2,451,0,177,127,1,-1,-1
183,2,451,0,177,127,1,-1,-1
184,2,451,0,177,127,1,-1,-1
185,2,451,0,177,126,1,-1,-1
186,2,451,0,177,126,1,-1,-1
187,2,451,0,177,126,1,-1,-1
188,2,451,0,177,126,1,-1,-1
189,2,451,0,177,126,1,-1,-1
190,2,451,0,177,125,1,-1,-1
191,2,451,0,177,125,1,-1,-1
192,2,451,0,177,125,1,-1,-1
193,2,451,0,177,125,1,-1,-1
194,2,451,0,177,124,1,-1,-1
195,2,451,0,177,124,1,-1,-1
196,2,451,0,177,124,1,-1,-1
197,2,451,0,177,124,1,-1,-1
198,2,451,0,177,124,1,-1,-1
199,2,451,0,177,123,1,-1,-1
200,2,451,0,177,123,1,-1,-1
201,2,451,0,177,123,1,-1,-1
202,2,451,0,177,123,1,-1,-1
203,2,451,0,177,123,1,-1,-1
204,2,451,0,177,122,1,-1,-1
205,2,451,0,177,122,1,-1,-1
206,2,451,0,177,122,1,-1,-1
207,2,451,0,177,122,1,-1,-1
208,2,451,0,177,121,1,-1,-1
209,2,451,0,177,121,1,-1,-1
210,2,451,0,177,121,1,-1,-1
211,2,451,0,177,121,1,-1,-1
212,2,451,0,177,121,1,-1,-1
213,2,451,0,177,120,1,-1,-1
214,2,451,0,177,120,1,-1,-1
215,2,451,0,177,120,1,-1,-1
216,2,451,0,177,120,1,-1,-1
217,2,451,0,177,120,1,-1,-1
218,2,451,0,177,119,1,-1,-1
219,2,451,0,177,119,1,-1,-1
220,2,451,0,177,119,1,-1,-1
221,2,451,0,177,119,1,-1,-1
222,2,451,0,177,118,1,-1,-1
223,2,451,0,177,118,1,-1,-1
224,2,451,0,177,118,1,-1,-1
225,2,451,0,177,118,1,-1,-1
226,2,451,0,177,118,1,-1,-1
227,2,451,0,177,117,1,-1,-1
228,2,451,0,177,117,1,-1,-1
229,2,451,0,177,117,1,-1,-1
230,2,451,0,177,117,1,-1,-1
231,2,451,0,177,117,1,-1,-1
232,2,451,0,177,116,1,-1,-1
233,2,451,0,177,116,1,-1,-1
234,2,451,0,177,116,1,-1,-1
235,2,451,0,177,116,1,-1,-1
236,2,451,0,177,116,1,-1,-1
237,2,451,0,177,115,1,-1,-1
238,2,451,0,177,115,1,-1,-1
239,2,451,0,177,115,1,-1,-1
240,2,451,0,177,115,1,-1,-1
241,2,451,0,177,114,1,-1,-1
242,2,451,0,177,114,1,-1,-1
243,2,451,0,177,114,1,-1,-1
244,2,451,0,177,114,1,-1,-1
245,2,451,0,177,114,1,-1,-1
246,2,451,0,177,113,1,-1,-1
247,2,451,0,177,113,1,-1,-1
248,2,451,0,177,113,1,-1,-1
249,2,451,0,177,113,1,-1,-1
250,2,451,0,177,113,1,-1,-1
251,2,451,0,177,112,1,-1,-1
252,2,451,0,177,112,1,-1,-1
253,2,451,0,177,112,1,-1,-1
254,2,451,0,177,112,1,-1,-1
255,2,451,0,177,111,1,-1,-1
256,2,451,0,177,111,1,-1,-1
257,2,451,0,177,111,1,-1,-1
258,2,451,0,177,111,1,-1,-1
259,2,451,0,177,111,1,-1,-1
260,2,451,0,177,110,1,-1,-1
261,2,451,0,177,110,1,-1,-1
262,2,451,0,177,110,1,-1,-1
263,2,451,0,177,110,1,-1,-1
264,2,451,0,177,110,1,-1,-1
265,2,451,0,177,109,1,-1,-1
266,2,451,0,177,109,1,-1,-1
267,2,451,0,177,109,1,-1,-1
268,2,451,0,177,109,1,-1,-1
269,2,452,0,177,109,1,-1,-1
1,41,51,69,394,469,1,-1,-1
2,41,48,69,397,468,1,-1,-1
3,41,46,69,399,468,1,-1,-1
4,41,44,69,401,467,1,-1,-1
5,41,42,69,403,467,1,-1,-1
6,41,40,69,405,467,1,-1,-1
7,41,37,69,408,466,1,-1,-1
8,41,35,69,410,466,1,-1,-1
9,41,33,69,412,465,1,-1,-1
10,41,31,69,414,465,1,-1,-1
11,41,29,69,416,465,1,-1,-1
12,41,28,69,416,465,1,-1,-1
13,41,27,69,416,465,1,-1,-1
14,41,26,69,416,465,1,-1,-1
15,41,26,69,416,465,1,-1,-1
16,41,25,70,416,464,1,-1,-1
17,41,24,70,416,464,1,-1,-1
18,41,24,70,415,465,1,-1,-1
19,41,23,70,416,465,1,-1,-1
20,41,22,70,416,465,1,-1,-1
21,41,22,71,415,464,1,-1,-1
22,41,21,71,415,464,1,-1,-1
23,41,20,71,416,464,1,-1,-1
24,41,19,71,416,464,1,-1,-1
25,41,19,71,415,465,1,-1,-1
26,41,18,72,415,464,1,-1,-1
27,41,17,72,416,464,1,-1,-1
28,41,17,72,415,464,1,-1,-1
29,41,16,72,415,464,1,-1,-1
30,41,15,72,415,464,1,-1,-1
31,41,15,73,415,464,1,-1,-1
32,41,14,72,415,464,1,-1,-1
33,41,14,72,415,464,1,-1,-1
34,41,14,72,415,464,1,-1,-1
35,41,14,72,415,464,1,-1,-1
36,41,14,72,415,464,1,-1,-1
37,41,14,72,414,464,1,-1,-1
38,41,14,72,414,464,1,-1,-1
39,41,14,72,414,464,1,-1,-1
40,41,14,72,414,464,1,-1,-1
41,41,14,72,414,464,1,-1,-1
42,41,14,72,413,464,1,-1,-1
43,41,14,72,413,464,1,-1,-1
44,41,14,72,413,464,1,-1,-1
45,41,14,72,413,464,1,-1,-1
46,41,14,72,413,464,1,-1,-1
47,41,14,72,412,464,1,-1,-1
48,41,14,72,412,464,1,-1,-1
49,41,14,72,412,464,1,-1,-1
50,41,14,72,412,464,1,-1,-1
51,41,14,72,412,464,1,-1,-1
52,41,14,72,411,464,1,-1,-1
53,41,14,72,411,464,1,-1,-1
54,41,14,72,411,464,1,-1,-1
55,41,14,72,411,464,1,-1,-1
56,41,14,72,411,464,1,-1,-1
57,41,14,72,410,463,1,-1,-1
58,41,14,72,410,463,1,-1,-1
59,41,14,72,410,463,1,-1,-1
60,41,14,72,410,463,1,-1,-1
61,41,14,72,410,463,1,-1,-1
62,41,14,72,409,463,1,-1,-1
63,41,14,72,409,463,1,-1,-1
64,41,14,72,409,463,1,-1,-1
65,41,14,72,409,463,1,-1,-1
66,41,14,72,409,463,1,-1,-1
67,41,14,72,408,463,1,-1,-1
68,41,14,72,408,463,1,-1,-1
69,41,14,72,408,463,1,-1,-1
70,41,14,72,408,463,1,-1,-1
71,41,14,72,408,463,1,-1,-1
72,41,14,72,407,463,1,-1,-1
73,41,14,72,407,463,1,-1,-1
74,41,14,72,407,463,1,-1,-1
75,41,14,72,407,463,1,-1,-1
76,41,14,72,407,463,1,-1,-1
77,41,14,72,406,463,1,-1,-1
78,41,14,72,406,463,1,-1,-1
79,41,14,72,406,463,1,-1,-1
80,41,14,72,406,463,1,-1,-1
81,41,14,72,406,463,1,-1,-1
82,41,13,71,406,463,1,-1,-1
83,41,13,71,405,463,1,-1,-1
84,41,13,71,404,463,1,-1,-1
85,41,13,71,403,463,1,-1,-1
86,41,13,71,403,463,1,-1,-1
87,41,13,71,402,462,1,-1,-1
88,41,13,71,401,462,1,-1,-1
89,41,13,71,400,462,1,-1,-1
90,41,13,71,399,462,1,-1,-1
91,41,13,71,399,462,1,-1,-1
92,41,12,70,399,462,1,-1,-1
93,41,12,70,398,462,1,-1,-1
94,41,12,70,397,462,1,-1,-1
95,41,12,70,396,462,1,-1,-1
96,41,12,70,396,462,1,-1,-1
97,41,12,70,395,461,1,-1,-1
98,41,12,70,394,461,1,-1,-1
99,41,12,70,393,461,1,-1,-1
100,41,12,70,392,461,1,-1,-1
101,41,12,70,392,461,1,-1,-1
102,41,11,69,391,461,1,-1,-1
103,41,11,69,390,461,1,-1,-1
104,41,11,69,389,461,1,-1,-1
105,41,11,69,387,461,1,-1,-1
106,41,11,69,386,461,1,-1,-1
107,41,11,69,385,460,1,-1,-1
108,41,11,69,383,460,1,-1,-1
109,41,11,69,382,460,1,-1,-1
110,41,11,69,381,460,1,-1,-1
111,41,11,69,380,460,1,-1,-1
112,41,11,69,380,460,1,-1,-1
113,41,11,69,380,460,1,-1,-1
114,41,11,70,380,459,1,-1,-1
115,41,11,70,380,459,1,-1,-1
116,41,11,70,380,460,1,-1,-1
117,41,11,71,380,459,1,-1,-1
118,41,11,71,380,459,1,-1,-1
119,41,11,71,380,459,1,-1,-1
120,41,11,72,380,458,1,-1,-1
121,41,11,72,380,459,1,-1,-1
122,41,11,72,380,459,1,-1,-1
123,41,11,73,380,458,1,-1,-1
124,41,11,73,380,458,1,-1,-1
125,41,11,74,380,457,1,-1,-1
126,41,11,74,380,458,1,-1,-1
127,41,11,74,380,458,1,-1,-1
128,41,11,75,380,457,1,-1,-1
129,41,11,75,380,457,1,-1,-1
130,41,11,75,380,457,1,-1,-1
131,41,11,76,380,457,1,-1,-1
132,41,11,76,380,457,1,-1,-1
133,41,11,76,380,457,1,-1,-1
134,41,11,77,380,456,1,-1,-1
135,41,11,77,380,456,1,-1,-1
136,41,11,78,380,456,1,-1,-1
137,41,11,78,380,456,1,-1,-1
138,41,11,78,380,456,1,-1,-1
139,41,11,79,380,455,1,-1,-1
140,41,11,79,380,455,1,-1,-1
141,41,11,79,380,456,1,-1,-1
142,41,11,80,380,455,1,-1,-1
143,41,11,80,380,455,1,-1,-1
144,41,11,80,380,455,1,-1,-1
145,41,11,81,380,454,1,-1,-1
146,41,11,81,380,455,1,-1,-1
147,41,11,81,380,455,1,-1,-1
148,41,11,82,380,454,1,-1,-1
149,41,11,82,380,454,1,-1,-1
150,41,11,83,380,453,1,-1,-1
151,41,11,83,380,454,1,-1,-1
152,41,11,83,380,454,1,-1,-1
153,41,11,84,380,453,1,-1,-1
154,41,11,84,380,453,1,-1,-1
155,41,11,84,380,453,1,-1,-1
156,41,11,85,380,453,1,-1,-1
157,41,11,85,380,453,1,-1,-1
158,41,11,85,380,453,1,-1,-1
159,41,11,86,380,452,1,-1,-1
160,41,11,86,380,452,1,-1,-1
161,41,11,87,380,452,1,-1,-1
162,41,9,86,380,453,1,-1,-1
163,41,8,86,379,453,1,-1,-1
164,41,6,86,380,453,1,-1,-1
165,41,5,86,379,453,1,-1,-1
166,41,4,85,378,454,1,-1,-1
167,41,2,85,379,454,1,-1,-1
168,41,1,85,378,454,1,-1,-1
169,41,0,85,378,454,1,-1,-1
170,41,0,85,378,454,1,-1,-1
171,41,0,85,378,454,1,-1,-1
172,41,0,85,378,454,1,-1,-1
173,41,0,85,378,454,1,-1,-1
174,41,0,85,378,454,1,-1,-1
175,41,0,85,378,454,1,-1,-1
176,41,0,85,378,454,1,-1,-1
177,41,0,85,378,454,1,-1,-1
178,41,0,85,378,454,1,-1,-1
179,41,0,85,378,454,1,-1,-1
180,41,0,85,378,454,1,-1,-1
181,41,0,85,378,454,1,-1,-1
182,41,0,85,378,454,1,-1,-1
183,41,0,85,378,454,1,-1,-1
184,41,0,85,378,454,1,-1,-1
185,41,0,85,378,454,1,-1,-1
186,41,0,85,378,454,1,-1,-1
187,41,0,85,378,454,1,-1,-1
188,41,0,85,378,454,1,-1,-1
1,42,693,139,329,398,1,-1,-1
2,42,693,139,329,397,1,-1,-1
3,42,694,139,328,397,1,-1,-1
4,42,695,139,327,397,1,-1,-1
5,42,696,139,326,397,1,-1,-1
6,42,697,139,325,397,1,-1,-1
7,42,698,139,324,397,1,-1,-1
8,42,698,139,324,396,1,-1,-1
9,42,699,139,323,396,1,-1,-1
10,42,700,139,322,396,1,-1,-1
11,42,701,139,321,396,1,-1,-1
12,42,702,139,320,396,1,-1,-1
13,42,703,139,319,396,1,-1,-1
14,42,704,139,318,396,1,-1,-1
15,42,704,139,318,395,1,-1,-1
16,42,705,139,317,395,1,-1,-1
17,42,706,139,316,395,1,-1,-1
18,42,707,139,315,395,1,-1,-1
19,42,708,139,314,395,1,-1,-1
20,42,709,139,313,395,1,-1,-1
21,42,710,139,312,395,1,-1,-1
22,42,711,138,311,395,1,-1,-1
23,42,713,138,309,395,1,-1,-1
24,42,715,138,307,395,1,-1,-1
25,42,717,138,305,395,1,-1,-1
26,42,719,138,303,395,1,-1,-1
27,42,721,138,301,394,1,-1,-1
28,42,723,138,299,394,1,-1,-1
29,42,725,138,297,394,1,-1,-1
30,42,727,138,295,394,1,-1,-1
31,42,729,138,294,394,1,-1,-1
32,42,729,139,293,392,1,-1,-1
33,42,730,141,292,390,1,-1,-1
34,42,731,143,291,388,1,-1,-1
35,42,732,145,289,385,1,-1,-1
36,42,732,146,289,384,1,-1,-1
37,42,733,148,288,382,1,-1,-1
38,42,734,150,286,380,1,-1,-1
39,42,735,152,285,377,1,-1,-1
40,42,736,154,284,375,1,-1,-1
41,42,736,155,283,374,1,-1,-1
42,42,737,157,282,371,1,-1,-1
43,42,738,159,281,369,1,-1,-1
44,42,739,161,279,367,1,-1,-1
45,42,739,162,279,366,1,-1,-1
46,42,740,164,278,363,1,-1,-1
47,42,741,166,276,361,1,-1,-1
48,42,742,168,275,359,1,-1,-1
49,42,743,170,274,357,1,-1,-1
50,42,743,171,274,357,1,-1,-1
51,42,743,172,274,357,1,-1,-1
52,42,744,173,274,357,1,-1,-1
53,42,744,175,274,356,1,-1,-1
54,42,744,176,274,356,1,-1,-1
55,42,745,177,274,356,1,-1,-1
56,42,745,178,274,356,1,-1,-1
57,42,745,180,274,355,1,-1,-1
58,42,746,181,274,355,1,-1,-1
59,42,746,182,274,355,1,-1,-1
60,42,746,183,274,355,1,-1,-1
61,42,747,185,274,354,1,-1,-1
62,42,747,184,273,354,1,-1,-1
63,42,747,184,273,354,1,-1,-1
64,42,748,184,272,354,1,-1,-1
65,42,748,184,272,354,1,-1,-1
66,42,749,184,271,354,1,-1,-1
67,42,749,184,271,354,1,-1,-1
68,42,750,184,270,354,1,-1,-1
69,42,750,184,270,354,1,-1,-1
70,42,751,184,269,354,1,-1,-1
71,42,751,184,269,354,1,-1,-1
72,42,751,184,269,354,1,-1,-1
73,42,752,184,268,354,1,-1,-1
74,42,752,184,268,354,1,-1,-1
75,42,753,184,267,354,1,-1,-1
76,42,753,184,267,354,1,-1,-1
77,42,754,184,266,354,1,-1,-1
78,42,754,184,266,354,1,-1,-1
79,42,755,184,265,354,1,-1,-1
80,42,755,184,265,354,1,-1,-1
81,42,756,184,264,354,1,-1,-1
82,42,756,185,264,352,1,-1,-1
83,42,757,186,264,351,1,-1,-1
84,42,758,187,263,350,1,-1,-1
85,42,759,189,263,348,1,-1,-1
86,42,758,190,263,347,1,-1,-1
87,42,758,192,263,345,1,-1,-1
88,42,757,193,264,344,1,-1,-1
89,42,757,195,263,342,1,-1,-1
90,42,756,196,264,341,1,-1,-1
91,42,756,198,264,340,1,-1,-1
92,42,757,198,262,339,1,-1,-1
93,42,758,199,260,338,1,-1,-1
94,42,759,200,259,337,1,-1,-1
95,42,760,201,257,336,1,-1,-1
96,42,761,202,256,334,1,-1,-1
97,42,762,202,254,334,1,-1,-1
98,42,763,203,253,333,1,-1,-1
99,42,764,204,251,332,1,-1,-1
100,42,765,205,249,330,1,-1,-1
101,42,766,206,248,329,1,-1,-1
102,42,767,206,246,329,1,-1,-1
103,42,768,207,245,328,1,-1,-1
104,42,769,208,243,326,1,-1,-1
105,42,770,209,242,325,1,-1,-1
106,42,771,210,240,324,1,-1,-1
107,42,772,211,239,323,1,-1,-1
108,42,760,212,251,323,1,-1,-1
109,42,749,213,263,324,1,-1,-1
110,42,738,215,275,324,1,-1,-1
111,42,740,216,273,322,1,-1,-1
112,42,742,217,271,321,1,-1,-1
113,42,744,219,269,319,1,-1,-1
114,42,746,220,267,318,1,-1,-1
115,42,748,221,265,317,1,-1,-1
116,42,750,223,263,315,1,-1,-1
117,42,752,224,261,314,1,-1,-1
118,42,754,225,259,313,1,-1,-1
119,42,756,227,257,311,1,-1,-1
120,42,758,228,255,310,1,-1,-1
121,42,761,230,253,308,1,-1,-1
122,42,761,231,252,306,1,-1,-1
123,42,761,232,252,305,1,-1,-1
124,42,761,233,252,304,1,-1,-1
125,42,761,234,252,303,1,-1,-1
126,42,761,236,252,301,1,-1,-1
127,42,761,237,252,299,1,-1,-1
128,42,761,238,252,298,1,-1,-1
129,42,761,239,252,297,1,-1,-1
130,42,761,240,252,296,1,-1,-1
131,42,761,242,252,294,1,-1,-1
132,42,761,243,251,292,1,-1,-1
133,42,761,245,251,290,1,-1,-1
134,42,761,246,251,289,1,-1,-1
135,42,761,248,251,287,1,-1,-1
136,42,761,249,251,286,1,-1,-1
137,42,761,251,251,284,1,-1,-1
138,42,761,252,251,283,1,-1,-1
139,42,761,254,251,281,1,-1,-1
140,42,761,255,251,280,1,-1,-1
141,42,761,257,251,278,1,-1,-1
142,42,761,258,250,276,1,-1,-1
143,42,761,260,250,274,1,-1,-1
144,42,761,262,250,272,1,-1,-1
145,42,761,264,250,270,1,-1,-1
146,42,761,266,250,268,1,-1,-1
147,42,761,268,250,266,1,-1,-1
148,42,761,270,250,264,1,-1,-1
149,42,761,272,250,262,1,-1,-1
150,42,761,274,250,260,1,-1,-1
151,42,761,276,250,258,1,-1,-1
152,42,761,277,249,256,1,-1,-1
153,42,761,279,249,254,1,-1,-1
154,42,761,281,249,252,1,-1,-1
155,42,761,282,249,251,1,-1,-1
156,42,761,284,249,249,1,-1,-1
157,42,761,286,249,247,1,-1,-1
158,42,761,287,249,246,1,-1,-1
159,42,761,289,249,244,1,-1,-1
160,42,761,291,249,242,1,-1,-1
161,42,761,293,249,240,1,-1,-1
162,42,762,295,249,238,1,-1,-1
163,42,763,297,249,236,1,-1,-1
164,42,765,299,248,234,1,-1,-1
165,42,766,302,248,231,1,-1,-1
166,42,768,304,247,229,1,-1,-1
167,42,769,306,247,227,1,-1,-1
168,42,770,309,247,224,1,-1,-1
169,42,772,311,246,222,1,-1,-1
170,42,773,313,246,220,1,-1,-1
171,42,775,316,246,218,1,-1,-1
172,42,776,318,244,216,1,-1,-1
173,42,778,320,242,214,1,-1,-1
174,42,779,323,240,211,1,-1,-1
175,42,781,325,238,210,1,-1,-1
176,42,782,328,236,207,1,-1,-1
177,42,784,330,234,205,1,-1,-1
178,42,785,332,232,204,1,-1,-1
179,42,787,335,230,201,1,-1,-1
180,42,788,337,228,199,1,-1,-1
