1,12,0,43,376,190,1,-1,-1
2,12,0,43,376,190,1,-1,-1
3,12,0,43,376,190,1,-1,-1
4,12,0,43,376,190,1,-1,-1
5,12,0,43,376,190,1,-1,-1
6,12,0,43,376,190,1,-1,-1
7,12,0,43,376,190,1,-1,-1
8,12,0,43,376,190,1,-1,-1
9,12,0,43,376,190,1,-1,-1
10,12,0,43,376,190,1,-1,-1
11,12,0,43,376,190,1,-1,-1
12,12,0,43,376,190,1,-1,-1
13,12,0,43,376,190,1,-1,-1
14,12,0,43,376,190,1,-1,-1
15,12,0,43,376,190,1,-1,-1
16,12,0,43,376,190,1,-1,-1
17,12,0,43,376,190,1,-1,-1
18,12,0,43,376,190,1,-1,-1
19,12,0,43,376,190,1,-1,-1
20,12,0,43,376,190,1,-1,-1
21,12,0,43,376,190,1,-1,-1
22,12,0,43,376,190,1,-1,-1
23,12,0,43,376,190,1,-1,-1
24,12,0,43,376,190,1,-1,-1
25,12,0,43,376,190,1,-1,-1
26,12,0,43,376,190,1,-1,-1
27,12,0,43,376,190,1,-1,-1
28,12,0,43,376,190,1,-1,-1
29,12,0,43,376,190,1,-1,-1
30,12,0,43,376,190,1,-1,-1
31,12,0,43,376,190,1,-1,-1
32,12,0,43,376,190,1,-1,-1
33,12,0,43,376,190,1,-1,-1
34,12,0,43,376,190,1,-1,-1
35,12,0,43,376,190,1,-1,-1
36,12,0,43,376,190,1,-1,-1
37,12,0,43,376,190,1,-1,-1
38,12,0,43,376,190,1,-1,-1
39,12,0,43,376,190,1,-1,-1
40,12,0,43,376,190,1,-1,-1
41,12,0,43,376,190,1,-1,-1
42,12,0,43,376,190,1,-1,-1
43,12,0,43,376,190,1,-1,-1
44,12,0,43,376,190,1,-1,-1
45,12,0,43,376,190,1,-1,-1
46,12,0,43,376,190,1,-1,-1
47,12,0,43,376,190,1,-1,-1
48,12,0,43,376,190,1,-1,-1
49,12,0,43,376,190,1,-1,-1
50,12,0,43,376,190,1,-1,-1
51,12,0,43,376,190,1,-1,-1
52,12,0,43,376,190,1,-1,-1
53,12,0,43,376,190,1,-1,-1
54,12,0,43,376,190,1,-1,-1
55,12,0,43,376,190,1,-1,-1
56,12,0,43,376,190,1,-1,-1
57,12,0,43,376,190,1,-1,-1
58,12,0,43,376,190,1,-1,-1
59,12,0,43,376,190,1,-1,-1
60,12,0,43,376,190,1,-1,-1
61,12,0,43,376,190,1,-1,-1
62,12,0,43,376,190,1,-1,-1
63,12,0,43,376,190,1,-1,-1
64,12,0,43,376,190,1,-1,-1
65,12,0,43,376,190,1,-1,-1
66,12,0,43,376,190,1,-1,-1
67,12,0,43,376,190,1,-1,-1
68,12,0,43,376,190,1,-1,-1
69,12,0,43,376,190,1,-1,-1
70,12,0,43,376,190,1,-1,-1
71,12,0,43,376,190,1,-1,-1
72,12,0,43,376,190,1,-1,-1
73,12,0,43,376,190,1,-1,-1
74,12,0,43,376,190,1,-1,-1
75,12,0,43,376,190,1,-1,-1
76,12,0,43,376,190,1,-1,-1
77,12,0,43,376,190,1,-1,-1
78,12,0,43,376,190,1,-1,-1
79,12,0,43,376,190,1,-1,-1
80,12,0,43,376,190,1,-1,-1
81,12,0,43,376,190,1,-1,-1
82,12,0,43,376,190,1,-1,-1
83,12,0,43,376,190,1,-1,-1
84,12,0,43,376,190,1,-1,-1
85,12,0,43,376,190,1,-1,-1
86,12,0,43,376,190,1,-1,-1
87,12,0,43,376,190,1,-1,-1
88,12,0,43,376,190,1,-1,-1
89,12,0,43,376,190,1,-1,-1
90,12,0,43,376,190,1,-1,-1
91,12,0,43,376,190,1,-1,-1
92,12,0,43,376,190,1,-1,-1
93,12,0,43,376,190,1,-1,-1
94,12,0,43,376,190,1,-1,-1
95,12,0,43,376,190,1,-1,-1
96,12,0,43,376,190,1,-1,-1
97,12,0,43,376,190,1,-1,-1
98,12,0,43,376,190,1,-1,-1
99,12,0,43,376,190,1,-1,-1
100,12,0,43,376,190,1,-1,-1
101,12,0,43,376,190,1,-1,-1
102,12,0,43,376,190,1,-1,-1
103,12,0,43,376,190,1,-1,-1
104,12,0,43,376,190,1,-1,-1
105,12,0,43,376,190,1,-1,-1
106,12,0,43,376,190,1,-1,-1
107,12,0,43,376,190,1,-1,-1
108,12,0,43,376,190,1,-1,-1
109,12,0,43,376,190,1,-1,-1
110,12,0,43,376,190,1,-1,-1
111,12,0,43,376,190,1,-1,-1
112,12,0,43,376,190,1,-1,-1
113,12,0,43,376,190,1,-1,-1
114,12,0,43,376,190,1,-1,-1
115,12,0,43,376,190,1,-1,-1
116,12,0,43,376,190,1,-1,-1
117,12,0,43,376,190,1,-1,-1
118,12,0,43,376,190,1,-1,-1
119,12,0,43,376,190,1,-1,-1
120,12,0,43,376,190,1,-1,-1
121,12,0,43,376,190,1,-1,-1
122,12,0,43,376,190,1,-1,-1
123,12,0,43,376,190,1,-1,-1
124,12,0,43,376,190,1,-1,-1
125,12,0,43,376,190,1,-1,-1
126,12,0,43,376,190,1,-1,-1
127,12,0,43,376,190,1,-1,-1
128,12,0,43,376,190,1,-1,-1
129,12,0,43,376,190,1,-1,-1
130,12,0,43,376,190,1,-1,-1
131,12,0,43,376,190,1,-1,-1
132,12,0,43,376,190,1,-1,-1
133,12,0,43,376,190,1,-1,-1
134,12,0,43,376,190,1,-1,-1
135,12,0,43,376,190,1,-1,-1
136,12,0,43,376,190,1,-1,-1
137,12,0,43,376,190,1,-1,-1
138,12,0,43,376,190,1,-1,-1
139,12,0,43,376,190,1,-1,-1
140,12,0,43,376,190,1,-1,-1
141,12,0,43,376,190,1,-1,-1
142,12,0,43,376,190,1,-1,-1
143,12,0,43,376,190,1,-1,-1
144,12,0,43,376,190,1,-1,-1
145,12,0,43,376,190,1,-1,-1
146,12,0,43,376,190,1,-1,-1
147,12,0,43,376,190,1,-1,-1
148,12,0,43,376,190,1,-1,-1
149,12,0,43,376,190,1,-1,-1
150,12,0,43,376,190,1,-1,-1
151,12,0,43,376,190,1,-1,-1
152,12,0,43,376,190,1,-1,-1
153,12,0,43,376,190,1,-1,-1
154,12,0,43,376,190,1,-1,-1
155,12,0,43,376,190,1,-1,-1
156,12,0,43,376,190,1,-1,-1
157,12,0,43,376,190,1,-1,-1
158,12,0,43,376,190,1,-1,-1
159,12,0,43,376,190,1,-1,-1
160,12,0,43,376,190,1,-1,-1
161,12,0,43,376,190,1,-1,-1
162,12,0,43,376,190,1,-1,-1
163,12,0,43,376,190,1,-1,-1
164,12,0,43,376,190,1,-1,-1
165,12,0,43,376,190,1,-1,-1
166,12,0,43,376,190,1,-1,-1
167,12,0,43,376,190,1,-1,-1
168,12,0,43,376,190,1,-1,-1
169,12,0,43,376,190,1,-1,-1
170,12,0,43,376,190,1,-1,-1
171,12,0,43,376,190,1,-1,-1
172,12,0,43,376,190,1,-1,-1
173,12,0,43,376,190,1,-1,-1
174,12,0,43,376,190,1,-1,-1
175,12,0,43,376,190,1,-1,-1
176,12,0,43,376,190,1,-1,-1
177,12,0,43,376,190,1,-1,-1
178,12,0,43,376,190,1,-1,-1
179,12,0,43,376,190,1,-1,-1
180,12,0,43,376,190,1,-1,-1
181,12,0,43,376,190,1,-1,-1
182,12,0,43,376,190,1,-1,-1
183,12,0,43,376,190,1,-1,-1
184,12,0,43,376,190,1,-1,-1
185,12,0,43,376,190,1,-1,-1
186,12,0,43,376,190,1,-1,-1
187,12,0,43,376,190,1,-1,-1
188,12,0,43,376,190,1,-1,-1
189,12,0,43,376,190,1,-1,-1
190,12,0,43,376,190,1,-1,-1
191,12,0,43,376,190,1,-1,-1
192,12,0,43,376,190,1,-1,-1
193,12,0,43,376,190,1,-1,-1
194,12,0,43,376,190,1,-1,-1
195,12,0,43,376,190,1,-1,-1
196,12,0,43,376,190,1,-1,-1
197,12,0,43,376,190,1,-1,-1
198,12,0,43,376,190,1,-1,-1
199,12,0,43,376,190,1,-1,-1
200,12,0,43,376,190,1,-1,-1
201,12,0,43,376,190,1,-1,-1
202,12,0,43,376,190,1,-1,-1
203,12,0,43,376,190,1,-1,-1
204,12,0,43,376,190,1,-1,-1
205,12,0,43,376,190,1,-1,-1
206,12,0,43,376,190,1,-1,-1
207,12,0,43,376,190,1,-1,-1
208,12,0,43,376,190,1,-1,-1
209,12,0,43,376,190,1,-1,-1
210,12,0,43,376,190,1,-1,-1
211,12,0,43,376,190,1,-1,-1
212,12,0,43,376,190,1,-1,-1
213,12,0,43,376,190,1,-1,-1
214,12,0,43,376,190,1,-1,-1
215,12,0,43,376,190,1,-1,-1
216,12,0,43,376,190,1,-1,-1
217,12,0,43,376,190,1,-1,-1
218,12,0,43,376,190,1,-1,-1
219,12,0,43,376,190,1,-1,-1
220,12,0,43,376,190,1,-1,-1
221,12,0,43,376,190,1,-1,-1
222,12,0,43,376,190,1,-1,-1
223,12,0,43,376,190,1,-1,-1
224,12,0,43,376,190,1,-1,-1
225,12,0,43,376,190,1,-1,-1
226,12,0,43,376,190,1,-1,-1
227,12,0,43,376,190,1,-1,-1
228,12,0,43,376,190,1,-1,-1
229,12,0,43,376,190,1,-1,-1
230,12,0,43,376,190,1,-1,-1
231,12,0,43,376,190,1,-1,-1
232,12,0,43,376,190,1,-1,-1
233,12,0,43,376,190,1,-1,-1
234,12,0,43,376,190,1,-1,-1
235,12,0,43,376,190,1,-1,-1
236,12,0,43,376,190,1,-1,-1
237,12,0,43,376,190,1,-1,-1
238,12,0,43,376,190,1,-1,-1
239,12,0,43,376,190,1,-1,-1
240,12,0,43,376,190,1,-1,-1
241,12,0,43,376,190,1,-1,-1
242,12,0,43,376,190,1,-1,-1
243,12,0,43,376,190,1,-1,-1
244,12,0,43,376,190,1,-1,-1
245,12,0,43,376,190,1,-1,-1
246,12,0,43,376,190,1,-1,-1
247,12,0,43,376,190,1,-1,-1
248,12,0,43,376,190,1,-1,-1
249,12,0,43,376,190,1,-1,-1
250,12,0,43,376,190,1,-1,-1
251,12,0,43,376,190,1,-1,-1
252,12,0,43,376,190,1,-1,-1
253,12,0,43,376,190,1,-1,-1
254,12,0,43,376,190,1,-1,-1
255,12,0,43,376,190,1,-1,-1
256,12,0,43,376,190,1,-1,-1
257,12,0,43,376,190,1,-1,-1
258,12,0,43,376,190,1,-1,-1
259,12,0,43,376,190,1,-1,-1
260,12,0,43,376,190,1,-1,-1
261,12,0,43,376,190,1,-1,-1
262,12,0,43,376,190,1,-1,-1
263,12,0,43,376,190,1,-1,-1
264,12,0,43,376,190,1,-1,-1
265,12,0,43,376,190,1,-1,-1
266,12,0,43,376,190,1,-1,-1
267,12,0,43,376,190,1,-1,-1
268,12,0,43,376,190,1,-1,-1
269,12,0,43,376,190,1,-1,-1
270,12,0,43,376,190,1,-1,-1
271,12,0,43,376,190,1,-1,-1
272,12,0,43,376,190,1,-1,-1
273,12,0,43,376,190,1,-1,-1
274,12,0,43,376,190,1,-1,-1
275,12,0,43,376,190,1,-1,-1
276,12,0,43,376,190,1,-1,-1
277,12,0,43,376,190,1,-1,-1
278,12,0,43,376,190,1,-1,-1
279,12,0,43,376,190,1,-1,-1
280,12,0,43,376,190,1,-1,-1
281,12,0,43,376,190,1,-1,-1
282,12,0,43,376,190,1,-1,-1
283,12,0,43,376,190,1,-1,-1
284,12,0,43,376,190,1,-1,-1
285,12,0,43,376,190,1,-1,-1
286,12,0,43,376,190,1,-1,-1
287,12,0,43,376,190,1,-1,-1
288,12,0,43,376,190,1,-1,-1
289,12,0,43,376,190,1,-1,-1
290,12,0,43,376,190,1,-1,-1
291,12,0,43,376,190,1,-1,-1
292,12,0,43,376,190,1,-1,-1
293,12,0,43,376,190,1,-1,-1
294,12,0,43,376,190,1,-1,-1
295,12,0,43,376,190,1,-1,-1
296,12,0,43,376,190,1,-1,-1
297,12,0,43,376,190,1,-1,-1
298,12,0,43,376,190,1,-1,-1
299,12,0,43,376,190,1,-1,-1
300,12,0,43,376,190,1,-1,-1
301,12,0,43,376,190,1,-1,-1
302,12,0,43,375,189,1,-1,-1
303,12,0,43,375,189,1,-1,-1
304,12,0,43,375,189,1,-1,-1
305,12,0,43,375,189,1,-1,-1
306,12,0,43,375,189,1,-1,-1
307,12,0,43,375,189,1,-1,-1
308,12,0,43,375,189,1,-1,-1
309,12,0,43,375,189,1,-1,-1
310,12,0,43,375,189,1,-1,-1
311,12,0,43,375,189,1,-1,-1
312,12,0,43,375,188,1,-1,-1
313,12,0,43,375,188,1,-1,-1
314,12,0,43,374,188,1,-1,-1
315,12,0,43,374,188,1,-1,-1
316,12,0,43,374,188,1,-1,-1
317,12,0,43,374,188,1,-1,-1
318,12,0,43,374,188,1,-1,-1
319,12,0,43,374,188,1,-1,-1
320,12,0,43,374,188,1,-1,-1
321,12,0,43,374,188,1,-1,-1
322,12,0,43,374,187,1,-1,-1
323,12,0,43,374,187,1,-1,-1
324,12,0,43,374,187,1,-1,-1
325,12,0,43,374,187,1,-1,-1
326,12,0,43,374,187,1,-1,-1
327,12,0,43,373,187,1,-1,-1
328,12,0,43,373,187,1,-1,-1
329,12,0,43,373,187,1,-1,-1
330,12,0,43,373,187,1,-1,-1
331,12,0,43,373,187,1,-1,-1
332,12,0,43,373,186,1,-1,-1
333,12,0,43,373,186,1,-1,-1
334,12,0,43,373,186,1,-1,-1
335,12,0,43,373,186,1,-1,-1
336,12,0,43,373,186,1,-1,-1
337,12,0,43,373,186,1,-1,-1
338,12,0,43,373,186,1,-1,-1
339,12,0,43,372,186,1,-1,-1
340,12,0,43,372,186,1,-1,-1
341,12,0,43,372,186,1,-1,-1
342,12,0,43,372,185,1,-1,-1
343,12,0,43,372,185,1,-1,-1
344,12,0,43,372,185,1,-1,-1
345,12,0,43,372,185,1,-1,-1
346,12,0,43,372,185,1,-1,-1
347,12,0,43,372,185,1,-1,-1
348,12,0,43,372,185,1,-1,-1
349,12,0,43,372,185,1,-1,-1
350,12,0,43,372,185,1,-1,-1
351,12,0,43,372,185,1,-1,-1
352,12,0,43,371,184,1,-1,-1
353,12,0,43,371,184,1,-1,-1
354,12,0,43,371,184,1,-1,-1
355,12,0,43,371,184,1,-1,-1
356,12,0,43,371,184,1,-1,-1
357,12,0,43,371,184,1,-1,-1
358,12,0,43,371,184,1,-1,-1
359,12,0,43,371,184,1,-1,-1
360,12,0,43,371,184,1,-1,-1
361,12,0,43,371,184,1,-1,-1
362,12,0,43,371,183,1,-1,-1
363,12,0,43,371,183,1,-1,-1
364,12,0,43,370,183,1,-1,-1
365,12,0,43,370,183,1,-1,-1
366,12,0,43,370,183,1,-1,-1
367,12,0,43,370,183,1,-1,-1
368,12,0,43,370,183,1,-1,-1
369,12,0,43,370,183,1,-1,-1
370,12,0,43,370,183,1,-1,-1
371,12,0,43,370,183,1,-1,-1
372,12,0,43,370,182,1,-1,-1
373,12,0,43,370,182,1,-1,-1
374,12,0,43,370,182,1,-1,-1
375,12,0,43,370,182,1,-1,-1
376,12,0,43,370,182,1,-1,-1
377,12,0,43,369,182,1,-1,-1
378,12,0,43,369,182,1,-1,-1
379,12,0,43,369,182,1,-1,-1
380,12,0,43,369,182,1,-1,-1
381,12,0,43,369,182,1,-1,-1
382,12,0,43,369,181,1,-1,-1
383,12,0,43,369,181,1,-1,-1
384,12,0,43,369,181,1,-1,-1
385,12,0,43,369,181,1,-1,-1
386,12,0,43,369,181,1,-1,-1
387,12,0,43,369,181,1,-1,-1
388,12,0,43,369,181,1,-1,-1
389,12,0,43,368,181,1,-1,-1
390,12,0,43,368,181,1,-1,-1
391,12,0,43,368,181,1,-1,-1
392,12,0,43,368,180,1,-1,-1
393,12,0,43,368,180,1,-1,-1
394,12,0,43,368,180,1,-1,-1
395,12,0,43,368,180,1,-1,-1
396,12,0,43,368,180,1,-1,-1
397,12,0,43,368,180,1,-1,-1
398,12,0,43,368,180,1,-1,-1
399,12,0,43,368,180,1,-1,-1
400,12,0,43,368,180,1,-1,-1
401,12,0,43,368,180,1,-1,-1
402,12,0,43,367,179,1,-1,-1
403,12,0,43,367,179,1,-1,-1
404,12,0,43,367,179,1,-1,-1
405,12,0,43,367,179,1,-1,-1
406,12,0,43,367,179,1,-1,-1
407,12,0,43,367,179,1,-1,-1
408,12,0,43,367,179,1,-1,-1
409,12,0,43,367,179,1,-1,-1
410,12,0,43,367,179,1,-1,-1
411,12,0,43,367,179,1,-1,-1
412,12,0,43,367,178,1,-1,-1
413,12,0,43,367,178,1,-1,-1
414,12,0,43,366,178,1,-1,-1
415,12,0,43,366,178,1,-1,-1
416,12,0,43,366,178,1,-1,-1
417,12,0,43,366,178,1,-1,-1
418,12,0,43,366,178,1,-1,-1
419,12,0,43,366,178,1,-1,-1
420,12,0,43,366,178,1,-1,-1
421,12,0,43,366,178,1,-1,-1
422,12,0,43,366,177,1,-1,-1
423,12,0,43,366,177,1,-1,-1
424,12,0,43,366,177,1,-1,-1
425,12,0,43,366,177,1,-1,-1
426,12,0,43,366,177,1,-1,-1
427,12,0,43,365,177,1,-1,-1
428,12,0,43,365,177,1,-1,-1
429,12,0,43,365,177,1,-1,-1
430,12,0,43,365,177,1,-1,-1
431,12,0,43,365,177,1,-1,-1
432,12,0,43,365,176,1,-1,-1
433,12,0,43,365,176,1,-1,-1
434,12,0,43,365,176,1,-1,-1
435,12,0,43,365,176,1,-1,-1
436,12,0,43,365,176,1,-1,-1
437,12,0,43,365,176,1,-1,-1
438,12,0,43,365,176,1,-1,-1
439,12,0,43,364,176,1,-1,-1
440,12,0,43,364,176,1,-1,-1
441,12,0,43,364,176,1,-1,-1
442,12,0,43,364,175,1,-1,-1
443,12,0,43,364,175,1,-1,-1
444,12,0,43,364,175,1,-1,-1
445,12,0,43,364,175,1,-1,-1
446,12,0,43,364,175,1,-1,-1
447,12,0,43,364,175,1,-1,-1
448,12,0,43,364,175,1,-1,-1
449,12,0,43,364,175,1,-1,-1
450,12,0,43,364,175,1,-1,-1
451,12,0,44,364,174,1,-1,-1
452,12,0,44,363,174,1,-1,-1
453,12,0,44,363,174,1,-1,-1
454,12,0,44,362,174,1,-1,-1
455,12,0,44,362,174,1,-1,-1
456,12,0,44,361,174,1,-1,-1
457,12,0,44,361,174,1,-1,-1
458,12,0,44,360,174,1,-1,-1
459,12,0,44,360,174,1,-1,-1
460,12,0,44,359,174,1,-1,-1
461,12,0,44,359,174,1,-1,-1
462,12,0,44,358,174,1,-1,-1
463,12,0,44,358,174,1,-1,-1
464,12,0,44,357,174,1,-1,-1
465,12,0,44,357,174,1,-1,-1
466,12,0,44,356,174,1,-1,-1
467,12,0,44,356,174,1,-1,-1
468,12,0,44,355,174,1,-1,-1
469,12,0,44,355,174,1,-1,-1
470,12,0,44,354,174,1,-1,-1
471,12,0,44,354,174,1,-1,-1
472,12,0,44,353,174,1,-1,-1
473,12,0,44,353,175,1,-1,-1
474,12,0,44,352,175,1,-1,-1
475,12,0,44,352,176,1,-1,-1
476,12,0,44,351,177,1,-1,-1
477,12,0,44,351,177,1,-1,-1
478,12,0,44,350,178,1,-1,-1
479,12,0,44,350,178,1,-1,-1
480,12,0,44,349,179,1,-1,-1
481,12,0,44,349,180,1,-1,-1
482,12,0,44,348,180,1,-1,-1
483,12,0,44,348,181,1,-1,-1
484,12,0,44,347,181,1,-1,-1
485,12,0,44,347,182,1,-1,-1
486,12,0,44,346,183,1,-1,-1
487,12,0,44,346,183,1,-1,-1
488,12,0,44,345,184,1,-1,-1
489,12,0,44,345,184,1,-1,-1
490,12,0,44,344,185,1,-1,-1
491,12,0,44,344,186,1,-1,-1
492,12,0,43,343,188,1,-1,-1
493,12,0,43,342,189,1,-1,-1
494,12,0,43,341,191,1,-1,-1
495,12,0,43,340,192,1,-1,-1
496,12,0,43,339,194,1,-1,-1
497,12,0,42,338,196,1,-1,-1
498,12,0,42,337,197,1,-1,-1
499,12,0,42,336,199,1,-1,-1
500,12,0,42,335,200,1,-1,-1
501,12,0,42,334,202,1,-1,-1
502,12,0,42,333,203,1,-1,-1
503,12,0,42,332,204,1,-1,-1
504,12,0,42,331,205,1,-1,-1
505,12,0,42,330,206,1,-1,-1
506,12,0,43,329,206,1,-1,-1
507,12,0,43,328,207,1,-1,-1
508,12,0,43,327,208,1,-1,-1
509,12,0,43,326,209,1,-1,-1
510,12,0,43,325,210,1,-1,-1
511,12,0,44,324,210,1,-1,-1
512,12,0,44,324,210,1,-1,-1
513,12,0,44,324,210,1,-1,-1
514,12,0,44,324,211,1,-1,-1
515,12,0,44,324,211,1,-1,-1
516,12,0,44,325,212,1,-1,-1
517,12,0,44,325,212,1,-1,-1
518,12,0,44,325,212,1,-1,-1
519,12,0,44,325,213,1,-1,-1
520,12,0,44,325,213,1,-1,-1
521,12,0,44,326,214,1,-1,-1
522,12,0,44,325,214,1,-1,-1
523,12,0,44,325,214,1,-1,-1
524,12,0,44,325,214,1,-1,-1
525,12,0,44,325,215,1,-1,-1
526,12,0,44,325,215,1,-1,-1
527,12,0,44,324,215,1,-1,-1
528,12,0,44,324,216,1,-1,-1
529,12,0,44,324,216,1,-1,-1
530,12,0,44,324,216,1,-1,-1
531,12,0,44,324,217,1,-1,-1
532,12,0,44,324,216,1,-1,-1
533,12,0,44,324,216,1,-1,-1
534,12,0,44,324,216,1,-1,-1
535,12,0,44,324,215,1,-1,-1
536,12,0,44,324,215,1,-1,-1
537,12,0,44,324,215,1,-1,-1
538,12,0,44,324,214,1,-1,-1
539,12,0,44,324,214,1,-1,-1
540,12,0,44,324,214,1,-1,-1
541,12,0,44,324,214,1,-1,-1
542,12,0,44,324,214,1,-1,-1
543,12,0,44,324,214,1,-1,-1
544,12,0,44,324,215,1,-1,-1
545,12,0,44,324,215,1,-1,-1
546,12,0,44,324,216,1,-1,-1
547,12,0,44,324,216,1,-1,-1
548,12,0,44,324,216,1,-1,-1
549,12,0,44,324,217,1,-1,-1
550,12,0,44,324,217,1,-1,-1
551,12,0,44,324,218,1,-1,-1
552,12,0,44,323,218,1,-1,-1
553,12,0,44,323,219,1,-1,-1
554,12,0,44,323,220,1,-1,-1
555,12,0,44,323,220,1,-1,-1
556,12,0,44,323,221,1,-1,-1
557,12,0,44,322,222,1,-1,-1
558,12,0,44,322,222,1,-1,-1
559,12,0,44,322,223,1,-1,-1
560,12,0,44,322,224,1,-1,-1
561,12,0,44,322,225,1,-1,-1
562,12,0,44,321,225,1,-1,-1
563,12,0,44,320,226,1,-1,-1
564,12,0,44,319,227,1,-1,-1
565,12,0,44,319,228,1,-1,-1
566,12,0,44,318,228,1,-1,-1
567,12,0,44,317,229,1,-1,-1
568,12,0,44,316,230,1,-1,-1
569,12,0,44,316,231,1,-1,-1
