601,6,100,283,223,236,1,-1,-1
602,6,98,282,224,237,1,-1,-1
603,6,96,282,225,237,1,-1,-1
604,6,94,282,226,237,1,-1,-1
605,6,92,282,227,237,1,-1,-1
606,6,90,282,228,237,1,-1,-1
607,6,88,282,229,237,1,-1,-1
608,6,86,282,230,237,1,-1,-1
609,6,84,282,231,237,1,-1,-1
610,6,82,282,232,237,1,-1,-1
611,6,81,282,232,237,1,-1,-1
612,6,85,281,233,237,1,-1,-1
613,6,89,280,234,237,1,-1,-1
614,6,93,279,236,237,1,-1,-1
615,6,90,278,237,237,1,-1,-1
616,6,88,277,237,237,1,-1,-1
617,6,86,276,238,237,1,-1,-1
618,6,83,276,239,236,1,-1,-1
619,6,81,275,240,236,1,-1,-1
620,6,79,274,240,236,1,-1,-1
621,6,77,274,241,235,1,-1,-1
622,6,76,269,241,235,1,-1,-1
623,6,75,264,242,235,1,-1,-1
624,6,75,259,241,235,1,-1,-1
625,6,74,254,242,235,1,-1,-1
626,6,74,249,241,235,1,-1,-1
627,6,73,244,242,235,1,-1,-1
628,6,72,239,242,235,1,-1,-1
629,6,72,234,242,235,1,-1,-1
630,6,71,229,242,235,1,-1,-1
631,6,71,224,242,235,1,-1,-1
632,6,70,219,242,235,1,-1,-1
633,6,70,214,242,236,1,-1,-1
634,6,70,214,242,236,1,-1,-1
635,6,71,215,242,236,1,-1,-1
636,6,71,215,242,236,1,-1,-1
637,6,72,216,242,236,1,-1,-1
638,6,73,217,241,236,1,-1,-1
639,6,73,217,242,236,1,-1,-1
640,6,74,218,242,236,1,-1,-1
641,6,74,219,242,235,1,-1,-1
642,6,75,219,242,236,1,-1,-1
643,6,76,220,241,236,1,-1,-1
644,6,76,221,242,235,1,-1,-1
645,6,77,221,241,236,1,-1,-1
646,6,78,222,241,236,1,-1,-1
647,6,78,223,242,235,1,-1,-1
648,6,79,223,241,236,1,-1,-1
649,6,79,224,242,235,1,-1,-1
650,6,80,225,241,235,1,-1,-1
651,6,81,225,241,236,1,-1,-1
652,6,81,226,241,235,1,-1,-1
653,6,82,227,241,235,1,-1,-1
654,6,82,227,242,235,1,-1,-1
655,6,83,228,241,235,1,-1,-1
656,6,84,229,241,235,1,-1,-1
657,6,84,229,241,235,1,-1,-1
658,6,85,230,241,235,1,-1,-1
659,6,86,231,241,235,1,-1,-1
601,7,225,101,150,221,1,-1,-1
602,7,221,100,150,221,1,-1,-1
603,7,217,99,150,221,1,-1,-1
604,7,213,98,150,221,1,-1,-1
605,7,209,97,150,221,1,-1,-1
606,7,205,96,151,221,1,-1,-1
607,7,201,95,151,221,1,-1,-1
608,7,197,94,151,221,1,-1,-1
609,7,193,93,151,221,1,-1,-1
610,7,189,92,151,221,1,-1,-1
611,7,186,91,151,222,1,-1,-1
612,7,198,100,151,222,1,-1,-1
613,7,210,109,151,222,1,-1,-1
614,7,223,118,151,222,1,-1,-1
615,7,229,105,151,222,1,-1,-1
616,7,235,92,151,222,1,-1,-1
617,7,241,80,151,222,1,-1,-1
618,7,248,67,151,222,1,-1,-1
619,7,254,55,151,222,1,-1,-1
620,7,260,42,151,222,1,-1,-1
621,7,267,30,151,222,1,-1,-1
622,7,262,32,151,222,1,-1,-1
623,7,257,35,151,222,1,-1,-1
624,7,253,38,151,222,1,-1,-1
625,7,248,41,151,222,1,-1,-1
626,7,244,43,151,222,1,-1,-1
627,7,239,46,151,222,1,-1,-1
628,7,234,49,151,222,1,-1,-1
629,7,230,52,151,222,1,-1,-1
630,7,225,54,151,222,1,-1,-1
631,7,221,57,151,222,1,-1,-1
632,7,216,60,151,222,1,-1,-1
633,7,212,63,151,222,1,-1,-1
634,7,212,61,151,222,1,-1,-1
635,7,213,60,151,222,1,-1,-1
636,7,214,59,151,222,1,-1,-1
637,7,215,58,151,222,1,-1,-1
638,7,216,57,151,222,1,-1,-1
639,7,217,56,151,221,1,-1,-1
640,7,218,54,150,222,1,-1,-1
641,7,219,53,150,222,1,-1,-1
642,7,219,52,151,222,1,-1,-1
643,7,220,51,151,222,1,-1,-1
644,7,221,50,151,221,1,-1,-1
645,7,222,49,151,221,1,-1,-1
646,7,223,48,151,221,1,-1,-1
647,7,224,46,150,222,1,-1,-1
648,7,225,45,150,222,1,-1,-1
649,7,226,44,150,221,1,-1,-1
650,7,227,43,150,221,1,-1,-1
651,7,227,42,151,221,1,-1,-1
652,7,228,41,151,221,1,-1,-1
653,7,229,39,150,222,1,-1,-1
654,7,230,38,150,221,1,-1,-1
655,7,231,37,150,221,1,-1,-1
656,7,232,36,150,221,1,-1,-1
657,7,233,35,150,221,1,-1,-1
658,7,234,34,150,221,1,-1,-1
659,7,235,33,150,221,1,-1,-1
601,9,592,363,26,44,1,-1,-1
602,9,592,365,26,45,1,-1,-1
603,9,593,368,26,45,1,-1,-1
604,9,593,370,26,46,1,-1,-1
605,9,594,373,26,46,1,-1,-1
606,9,594,376,26,46,1,-1,-1
607,9,595,378,26,47,1,-1,-1
608,9,595,381,26,47,1,-1,-1
609,9,596,383,26,48,1,-1,-1
610,9,596,386,26,48,1,-1,-1
611,9,597,389,26,48,1,-1,-1
612,9,597,392,26,48,1,-1,-1
613,9,597,395,27,49,1,-1,-1
614,9,597,398,28,49,1,-1,-1
615,9,597,401,28,50,1,-1,-1
616,9,597,405,29,49,1,-1,-1
617,9,597,408,30,50,1,-1,-1
618,9,597,411,30,50,1,-1,-1
619,9,597,414,31,51,1,-1,-1
620,9,597,417,32,51,1,-1,-1
621,9,598,421,32,51,1,-1,-1
622,9,598,424,32,52,1,-1,-1
623,9,598,428,32,52,1,-1,-1
624,9,599,431,31,53,1,-1,-1
625,9,599,435,31,53,1,-1,-1
626,9,599,438,31,54,1,-1,-1
627,9,600,442,31,54,1,-1,-1
628,9,600,446,31,54,1,-1,-1
629,9,600,449,31,55,1,-1,-1
630,9,601,453,30,55,1,-1,-1
631,9,601,456,30,56,1,-1,-1
632,9,601,460,30,56,1,-1,-1
633,9,602,464,30,56,1,-1,-1
634,9,602,467,30,54,1,-1,-1
635,9,603,471,30,52,1,-1,-1
636,9,603,474,31,50,1,-1,-1
637,9,604,478,30,48,1,-1,-1
638,9,605,481,30,47,1,-1,-1
639,9,605,485,31,44,1,-1,-1
640,9,606,488,31,43,1,-1,-1
641,9,607,492,30,41,1,-1,-1
642,9,607,495,31,39,1,-1,-1
601,10,462,0,160,158,1,-1,-1
602,10,462,0,160,158,1,-1,-1
603,10,462,0,160,158,1,-1,-1
604,10,462,0,160,158,1,-1,-1
605,10,462,0,160,158,1,-1,-1
606,10,462,0,160,158,1,-1,-1
607,10,462,0,160,158,1,-1,-1
608,10,462,0,160,158,1,-1,-1
609,10,462,0,160,158,1,-1,-1
610,10,462,0,160,158,1,-1,-1
611,10,462,0,160,158,1,-1,-1
612,10,462,0,160,158,1,-1,-1
613,10,462,0,160,158,1,-1,-1
614,10,462,0,160,158,1,-1,-1
615,10,462,0,160,158,1,-1,-1
616,10,462,0,160,158,1,-1,-1
617,10,462,0,160,158,1,-1,-1
618,10,462,0,160,158,1,-1,-1
619,10,462,0,160,158,1,-1,-1
620,10,462,0,160,158,1,-1,-1
621,10,462,0,160,158,1,-1,-1
622,10,462,0,160,158,1,-1,-1
623,10,462,0,160,158,1,-1,-1
624,10,462,0,160,158,1,-1,-1
625,10,462,0,160,158,1,-1,-1
626,10,462,0,160,158,1,-1,-1
627,10,462,0,160,158,1,-1,-1
628,10,462,0,160,158,1,-1,-1
629,10,462,0,160,158,1,-1,-1
630,10,462,0,160,158,1,-1,-1
631,10,462,0,160,158,1,-1,-1
632,10,462,0,160,158,1,-1,-1
633,10,462,0,160,158,1,-1,-1
634,10,462,0,160,158,1,-1,-1
635,10,462,0,160,158,1,-1,-1
636,10,462,0,160,158,1,-1,-1
637,10,462,0,160,158,1,-1,-1
638,10,462,0,160,158,1,-1,-1
639,10,462,0,160,158,1,-1,-1
640,10,462,0,160,158,1,-1,-1
641,10,462,0,160,158,1,-1,-1
642,10,462,0,160,158,1,-1,-1
643,10,462,0,160,158,1,-1,-1
644,10,462,0,160,158,1,-1,-1
645,10,462,0,160,158,1,-1,-1
646,10,462,0,160,158,1,-1,-1
647,10,462,0,160,158,1,-1,-1
648,10,462,0,160,158,1,-1,-1
649,10,462,0,160,158,1,-1,-1
650,10,462,0,160,158,1,-1,-1
651,10,462,0,160,158,1,-1,-1
652,10,462,0,160,158,1,-1,-1
653,10,462,0,160,158,1,-1,-1
654,10,462,0,160,158,1,-1,-1
655,10,462,0,160,158,1,-1,-1
656,10,462,0,160,158,1,-1,-1
657,10,462,0,160,158,1,-1,-1
658,10,462,0,160,158,1,-1,-1
659,10,462,0,160,158,1,-1,-1
601,14,642,271,141,71,1,-1,-1
602,14,642,271,140,72,1,-1,-1
603,14,642,271,140,74,1,-1,-1
604,14,642,271,140,75,1,-1,-1
605,14,642,271,140,77,1,-1,-1
606,14,642,271,140,78,1,-1,-1
607,14,642,271,140,80,1,-1,-1
608,14,642,271,140,81,1,-1,-1
609,14,642,271,140,83,1,-1,-1
610,14,642,271,140,84,1,-1,-1
611,14,642,271,140,86,1,-1,-1
612,14,642,271,140,88,1,-1,-1
613,14,642,271,140,89,1,-1,-1
614,14,642,271,140,91,1,-1,-1
615,14,642,271,140,92,1,-1,-1
616,14,642,271,140,94,1,-1,-1
617,14,642,271,140,95,1,-1,-1
618,14,642,271,140,97,1,-1,-1
619,14,642,271,140,98,1,-1,-1
620,14,642,271,140,100,1,-1,-1
621,14,642,271,140,102,1,-1,-1
622,14,643,275,140,102,1,-1,-1
623,14,645,280,140,102,1,-1,-1
624,14,646,284,140,102,1,-1,-1
625,14,648,289,140,102,1,-1,-1
626,14,649,293,140,102,1,-1,-1
627,14,651,298,140,102,1,-1,-1
628,14,652,303,140,102,1,-1,-1
629,14,654,307,140,102,1,-1,-1
630,14,655,312,140,102,1,-1,-1
631,14,657,316,140,102,1,-1,-1
632,14,658,321,140,102,1,-1,-1
633,14,660,326,140,102,1,-1,-1
634,14,658,324,140,102,1,-1,-1
635,14,657,322,140,102,1,-1,-1
636,14,656,321,140,102,1,-1,-1
637,14,655,319,140,102,1,-1,-1
638,14,653,317,140,102,1,-1,-1
639,14,652,316,140,102,1,-1,-1
640,14,651,314,140,102,1,-1,-1
641,14,650,313,140,102,1,-1,-1
642,14,651,317,140,102,1,-1,-1
643,14,653,321,139,102,1,-1,-1
644,14,654,326,140,101,1,-1,-1
645,14,656,330,139,102,1,-1,-1
646,14,657,334,140,102,1,-1,-1
647,14,659,339,139,101,1,-1,-1
648,14,660,343,140,101,1,-1,-1
649,14,662,347,139,102,1,-1,-1
650,14,663,352,140,101,1,-1,-1
651,14,665,356,139,101,1,-1,-1
652,14,666,360,139,102,1,-1,-1
653,14,668,365,139,101,1,-1,-1
654,14,669,369,139,101,1,-1,-1
655,14,671,373,139,101,1,-1,-1
656,14,672,378,139,101,1,-1,-1
657,14,674,382,139,101,1,-1,-1
658,14,675,386,139,101,1,-1,-1
659,14,677,391,139,101,1,-1,-1
631,15,790,234,227,130,1,-1,-1
632,15,790,234,227,130,1,-1,-1
633,15,790,234,227,130,1,-1,-1
634,15,790,234,227,130,1,-1,-1
635,15,790,234,227,130,1,-1,-1
636,15,790,234,227,130,1,-1,-1
637,15,790,234,227,130,1,-1,-1
638,15,790,234,227,130,1,-1,-1
639,15,790,234,227,130,1,-1,-1
640,15,790,234,227,130,1,-1,-1
641,15,790,234,227,130,1,-1,-1
642,15,790,234,227,130,1,-1,-1
643,15,790,234,227,130,1,-1,-1
644,15,790,234,227,130,1,-1,-1
645,15,790,234,227,130,1,-1,-1
646,15,790,234,227,130,1,-1,-1
647,15,790,234,227,130,1,-1,-1
648,15,790,234,227,130,1,-1,-1
649,15,790,234,227,130,1,-1,-1
650,15,790,234,227,130,1,-1,-1
651,15,790,234,227,130,1,-1,-1
652,15,790,234,227,130,1,-1,-1
653,15,790,234,227,130,1,-1,-1
654,15,790,234,227,130,1,-1,-1
655,15,790,234,227,130,1,-1,-1
656,15,790,234,227,130,1,-1,-1
657,15,790,234,227,130,1,-1,-1
658,15,790,234,227,130,1,-1,-1
659,15,790,234,227,130,1,-1,-1
112,25,467,192,16,27,1,-1,-1
113,25,466,193,16,27,1,-1,-1
114,25,466,194,16,27,1,-1,-1
115,25,465,195,16,27,1,-1,-1
116,25,465,196,16,27,1,-1,-1
117,25,465,198,16,27,1,-1,-1
118,25,464,199,16,27,1,-1,-1
119,25,464,200,16,27,1,-1,-1
120,25,463,201,16,27,1,-1,-1
121,25,463,202,16,27,1,-1,-1
122,25,463,204,16,27,1,-1,-1
123,25,462,205,16,27,1,-1,-1
124,25,461,207,17,27,1,-1,-1
125,25,461,208,16,28,1,-1,-1
126,25,460,210,17,28,1,-1,-1
127,25,459,211,17,29,1,-1,-1
128,25,459,213,17,28,1,-1,-1
129,25,458,214,17,29,1,-1,-1
130,25,458,216,17,29,1,-1,-1
131,25,457,218,18,29,1,-1,-1
132,25,456,219,18,30,1,-1,-1
133,25,456,221,18,29,1,-1,-1
134,25,455,222,18,30,1,-1,-1
135,25,454,224,19,30,1,-1,-1
136,25,454,225,18,31,1,-1,-1
137,25,453,227,19,31,1,-1,-1
138,25,453,229,19,31,1,-1,-1
139,25,452,231,19,31,1,-1,-1
140,25,451,233,19,31,1,-1,-1
141,25,450,235,19,31,1,-1,-1
142,25,450,237,18,32,1,-1,-1
143,25,449,238,19,33,1,-1,-1
144,25,448,240,20,33,1,-1,-1
145,25,447,242,21,33,1,-1,-1
146,25,446,244,22,33,1,-1,-1
147,25,445,246,23,34,1,-1,-1
148,25,443,247,23,35,1,-1,-1
149,25,442,248,23,36,1,-1,-1
150,25,440,249,24,37,1,-1,-1
151,25,439,251,24,38,1,-1,-1
152,25,438,253,24,37,1,-1,-1
153,25,438,255,23,36,1,-1,-1
154,25,438,257,22,35,1,-1,-1
155,25,437,259,23,35,1,-1,-1
156,25,436,261,24,36,1,-1,-1
157,25,435,263,25,37,1,-1,-1
158,25,434,265,26,38,1,-1,-1
159,25,434,267,27,39,1,-1,-1
160,25,443,246,24,35,1,-1,-1
161,25,453,225,20,31,1,-1,-1
162,25,463,204,16,27,1,-1,-1
163,25,456,218,18,31,1,-1,-1
164,25,449,233,20,35,1,-1,-1
165,25,442,247,22,39,1,-1,-1
166,25,435,262,24,43,1,-1,-1
167,25,429,277,25,47,1,-1,-1
168,25,427,279,26,47,1,-1,-1
169,25,426,282,26,46,1,-1,-1
170,25,425,284,26,46,1,-1,-1
171,25,424,287,26,45,1,-1,-1
172,25,423,289,27,45,1,-1,-1
173,25,421,292,28,44,1,-1,-1
174,25,420,294,28,44,1,-1,-1
175,25,419,297,28,43,1,-1,-1
176,25,418,299,28,43,1,-1,-1
177,25,417,302,29,43,1,-1,-1
178,25,415,304,30,43,1,-1,-1
179,25,414,306,30,44,1,-1,-1
180,25,413,308,30,45,1,-1,-1
181,25,412,311,30,45,1,-1,-1
182,25,411,313,30,46,1,-1,-1
183,25,410,315,30,47,1,-1,-1
184,25,409,318,30,47,1,-1,-1
185,25,408,320,31,47,1,-1,-1
186,25,407,322,31,48,1,-1,-1
187,25,406,325,31,48,1,-1,-1
188,25,405,327,31,49,1,-1,-1
189,25,404,329,31,50,1,-1,-1
190,25,403,332,31,50,1,-1,-1
191,25,402,334,31,51,1,-1,-1
192,25,401,336,32,51,1,-1,-1
193,25,400,339,32,51,1,-1,-1
194,25,399,341,32,52,1,-1,-1
195,25,398,343,32,53,1,-1,-1
196,25,397,346,32,53,1,-1,-1
197,25,396,348,32,54,1,-1,-1
198,25,395,350,32,55,1,-1,-1
199,25,394,353,33,55,1,-1,-1
200,25,392,355,34,56,1,-1,-1
201,25,391,358,34,56,1,-1,-1
202,25,390,361,34,56,1,-1,-1
203,25,389,364,35,56,1,-1,-1
204,25,388,367,35,56,1,-1,-1
205,25,387,370,35,57,1,-1,-1
206,25,386,373,35,57,1,-1,-1
207,25,385,376,36,57,1,-1,-1
208,25,384,379,36,57,1,-1,-1
209,25,383,382,36,57,1,-1,-1
210,25,382,385,37,57,1,-1,-1
211,25,381,388,37,58,1,-1,-1
212,25,380,391,37,58,1,-1,-1
213,25,379,394,37,58,1,-1,-1
214,25,378,397,38,58,1,-1,-1
215,25,377,400,38,58,1,-1,-1
216,25,376,403,38,58,1,-1,-1
217,25,375,406,39,59,1,-1,-1
218,25,373,408,39,60,1,-1,-1
219,25,372,411,39,61,1,-1,-1
220,25,371,414,39,61,1,-1,-1
221,25,370,417,39,62,1,-1,-1
222,25,369,420,39,62,1,-1,-1
223,25,368,423,38,63,1,-1,-1
224,25,367,426,38,63,1,-1,-1
225,25,366,429,38,64,1,-1,-1
226,25,365,432,38,64,1,-1,-1
227,25,364,435,38,65,1,-1,-1
228,25,363,438,38,65,1,-1,-1
229,25,362,442,38,65,1,-1,-1
230,25,361,446,38,65,1,-1,-1
231,25,360,450,38,65,1,-1,-1
232,25,359,454,39,65,1,-1,-1
233,25,358,458,39,64,1,-1,-1
234,25,357,462,39,64,1,-1,-1
235,25,356,466,39,64,1,-1,-1
236,25,355,470,39,64,1,-1,-1
237,25,355,474,39,64,1,-1,-1
238,25,354,477,39,61,1,-1,-1
239,25,354,480,38,58,1,-1,-1
240,25,354,483,38,55,1,-1,-1
241,25,353,487,38,51,1,-1,-1
242,25,353,490,38,48,1,-1,-1
243,25,353,493,37,45,1,-1,-1
244,25,352,497,37,41,1,-1,-1
245,25,352,500,37,38,1,-1,-1
246,25,352,503,36,35,1,-1,-1
155,26,598,7,125,117,1,-1,-1
156,26,597,7,125,117,1,-1,-1
157,26,597,7,125,117,1,-1,-1
158,26,597,7,125,117,1,-1,-1
159,26,597,7,125,117,1,-1,-1
160,26,597,7,125,118,1,-1,-1
161,26,597,7,125,118,1,-1,-1
162,26,596,7,125,118,1,-1,-1
163,26,596,7,125,118,1,-1,-1
164,26,596,7,125,118,1,-1,-1
165,26,596,7,125,119,1,-1,-1
166,26,596,7,125,119,1,-1,-1
167,26,596,7,125,119,1,-1,-1
168,26,596,7,125,119,1,-1,-1
169,26,595,7,125,120,1,-1,-1
170,26,595,7,125,120,1,-1,-1
171,26,595,7,125,120,1,-1,-1
172,26,595,7,125,120,1,-1,-1
173,26,595,7,125,120,1,-1,-1
174,26,595,7,125,121,1,-1,-1
175,26,595,7,125,121,1,-1,-1
176,26,594,7,125,121,1,-1,-1
177,26,594,7,125,121,1,-1,-1
178,26,594,7,125,122,1,-1,-1
179,26,594,7,125,122,1,-1,-1
180,26,594,7,125,122,1,-1,-1
181,26,594,7,125,122,1,-1,-1
182,26,594,7,125,122,1,-1,-1
183,26,593,7,125,123,1,-1,-1
184,26,593,7,125,123,1,-1,-1
185,26,593,7,125,123,1,-1,-1
186,26,593,7,125,123,1,-1,-1
187,26,593,7,125,124,1,-1,-1
188,26,593,7,125,124,1,-1,-1
189,26,593,7,125,124,1,-1,-1
190,26,592,7,125,124,1,-1,-1
191,26,592,7,125,124,1,-1,-1
192,26,592,7,125,125,1,-1,-1
193,26,592,7,125,125,1,-1,-1
194,26,592,7,125,125,1,-1,-1
195,26,592,7,125,125,1,-1,-1
196,26,592,7,125,126,1,-1,-1
197,26,591,7,125,126,1,-1,-1
198,26,591,7,125,126,1,-1,-1
199,26,591,7,125,126,1,-1,-1
200,26,591,7,125,126,1,-1,-1
201,26,591,7,125,127,1,-1,-1
202,26,591,7,125,127,1,-1,-1
203,26,590,7,125,127,1,-1,-1
204,26,590,7,125,127,1,-1,-1
205,26,590,7,125,127,1,-1,-1
206,26,590,7,125,128,1,-1,-1
207,26,590,7,125,128,1,-1,-1
208,26,590,7,125,128,1,-1,-1
209,26,590,7,125,128,1,-1,-1
210,26,589,7,125,129,1,-1,-1
211,26,589,7,125,129,1,-1,-1
212,26,589,7,125,129,1,-1,-1
213,26,589,7,125,129,1,-1,-1
214,26,589,7,125,129,1,-1,-1
215,26,589,7,125,130,1,-1,-1
216,26,589,7,125,130,1,-1,-1
217,26,588,7,125,130,1,-1,-1
218,26,588,7,125,130,1,-1,-1
219,26,588,7,125,131,1,-1,-1
220,26,588,7,125,131,1,-1,-1
221,26,588,7,125,131,1,-1,-1
222,26,588,7,125,131,1,-1,-1
223,26,588,7,125,131,1,-1,-1
224,26,587,7,125,132,1,-1,-1
225,26,587,7,125,132,1,-1,-1
226,26,587,7,125,132,1,-1,-1
227,26,587,7,125,132,1,-1,-1
228,26,587,7,125,133,1,-1,-1
229,26,587,7,125,133,1,-1,-1
230,26,587,7,125,133,1,-1,-1
231,26,586,7,125,133,1,-1,-1
232,26,586,7,125,133,1,-1,-1
233,26,586,7,125,134,1,-1,-1
234,26,586,7,125,134,1,-1,-1
235,26,586,7,125,134,1,-1,-1
236,26,586,7,125,134,1,-1,-1
237,26,586,7,125,135,1,-1,-1
238,26,586,7,125,135,1,-1,-1
239,26,586,7,125,135,1,-1,-1
240,26,586,7,125,135,1,-1,-1
241,26,586,7,125,136,1,-1,-1
242,26,586,8,125,135,1,-1,-1
243,26,586,8,125,135,1,-1,-1
244,26,586,8,126,135,1,-1,-1
245,26,587,8,125,136,1,-1,-1
246,26,587,9,125,135,1,-1,-1
247,26,587,9,125,135,1,-1,-1
248,26,587,9,125,135,1,-1,-1
249,26,587,9,125,136,1,-1,-1
250,26,587,10,126,135,1,-1,-1
251,26,587,10,126,135,1,-1,-1
252,26,588,10,125,135,1,-1,-1
253,26,588,10,125,136,1,-1,-1
254,26,588,10,125,136,1,-1,-1
255,26,588,11,125,135,1,-1,-1
256,26,588,11,125,135,1,-1,-1
257,26,588,11,126,136,1,-1,-1
258,26,588,11,126,136,1,-1,-1
259,26,588,12,126,135,1,-1,-1
260,26,589,12,125,135,1,-1,-1
261,26,589,12,125,136,1,-1,-1
262,26,589,12,125,136,1,-1,-1
263,26,589,13,126,135,1,-1,-1
264,26,589,13,126,135,1,-1,-1
265,26,589,13,126,136,1,-1,-1
266,26,589,13,126,136,1,-1,-1
267,26,590,13,125,136,1,-1,-1
268,26,590,14,125,135,1,-1,-1
269,26,590,14,125,136,1,-1,-1
270,26,590,14,126,136,1,-1,-1
271,26,590,14,126,136,1,-1,-1
272,26,590,15,126,135,1,-1,-1
273,26,590,15,126,136,1,-1,-1
274,26,590,15,126,136,1,-1,-1
275,26,591,15,125,136,1,-1,-1
276,26,591,16,126,135,1,-1,-1
277,26,591,16,126,136,1,-1,-1
278,26,591,16,126,136,1,-1,-1
279,26,591,16,126,136,1,-1,-1
280,26,591,16,126,136,1,-1,-1
281,26,591,17,126,136,1,-1,-1
282,26,592,17,125,136,1,-1,-1
283,26,592,17,126,136,1,-1,-1
284,26,592,17,126,136,1,-1,-1
285,26,592,18,126,136,1,-1,-1
286,26,592,18,126,136,1,-1,-1
287,26,592,18,126,136,1,-1,-1
288,26,592,18,126,136,1,-1,-1
289,26,593,19,126,136,1,-1,-1
290,26,593,18,125,137,1,-1,-1
291,26,593,18,125,138,1,-1,-1
292,26,593,18,125,138,1,-1,-1
293,26,593,18,125,139,1,-1,-1
294,26,593,18,125,139,1,-1,-1
295,26,593,18,125,140,1,-1,-1
296,26,593,17,125,141,1,-1,-1
297,26,593,17,125,142,1,-1,-1
298,26,593,17,125,142,1,-1,-1
299,26,593,17,125,143,1,-1,-1
300,26,593,17,125,143,1,-1,-1
301,26,593,17,125,144,1,-1,-1
302,26,593,16,125,145,1,-1,-1
303,26,593,16,125,146,1,-1,-1
304,26,593,16,125,146,1,-1,-1
305,26,593,16,124,147,1,-1,-1
306,26,593,16,124,147,1,-1,-1
307,26,593,16,124,148,1,-1,-1
308,26,593,15,124,149,1,-1,-1
309,26,593,15,124,150,1,-1,-1
310,26,593,15,124,150,1,-1,-1
311,26,593,15,124,151,1,-1,-1
312,26,593,15,124,151,1,-1,-1
313,26,593,15,124,152,1,-1,-1
314,26,593,14,124,153,1,-1,-1
315,26,593,14,124,154,1,-1,-1
316,26,593,14,124,154,1,-1,-1
317,26,593,14,124,155,1,-1,-1
318,26,593,14,124,155,1,-1,-1
319,26,593,14,124,156,1,-1,-1
320,26,590,11,125,149,1,-1,-1
321,26,588,9,125,142,1,-1,-1
322,26,586,7,125,135,1,-1,-1
323,37,600,63,160,192,1,-1,-1
324,37,601,63,160,192,1,-1,-1
325,37,603,63,160,192,1,-1,-1
326,37,604,63,160,192,1,-1,-1
327,37,606,63,160,192,1,-1,-1
328,37,608,63,160,192,1,-1,-1
329,37,609,63,160,192,1,-1,-1
330,37,611,63,160,192,1,-1,-1
331,37,613,63,160,192,1,-1,-1
332,37,613,62,160,192,1,-1,-1
333,37,613,62,160,192,1,-1,-1
334,37,613,62,160,192,1,-1,-1
335,37,613,62,160,192,1,-1,-1
336,37,613,62,160,192,1,-1,-1
337,37,613,62,160,192,1,-1,-1
338,37,613,62,160,192,1,-1,-1
339,37,613,62,160,192,1,-1,-1
340,37,613,62,160,192,1,-1,-1
341,37,613,62,160,192,1,-1,-1
342,37,613,62,160,192,1,-1,-1
343,37,613,62,160,192,1,-1,-1
344,37,613,62,160,192,1,-1,-1
345,37,613,62,160,192,1,-1,-1
346,37,613,62,160,192,1,-1,-1
347,37,613,62,160,192,1,-1,-1
348,37,613,62,160,192,1,-1,-1
349,37,613,62,160,192,1,-1,-1
350,37,613,62,160,192,1,-1,-1
351,37,613,62,160,192,1,-1,-1
352,37,613,62,160,192,1,-1,-1
353,37,613,62,160,192,1,-1,-1
354,37,613,62,160,192,1,-1,-1
355,37,613,62,160,192,1,-1,-1
356,37,613,62,160,192,1,-1,-1
357,37,614,62,160,192,1,-1,-1
358,37,614,62,160,192,1,-1,-1
359,37,614,62,160,192,1,-1,-1
360,37,614,62,160,192,1,-1,-1
361,37,614,62,160,192,1,-1,-1
362,37,614,62,160,192,1,-1,-1
363,37,614,62,160,192,1,-1,-1
364,37,614,62,160,192,1,-1,-1
365,37,614,62,160,192,1,-1,-1
366,37,614,62,160,192,1,-1,-1
367,37,614,62,160,192,1,-1,-1
368,37,614,62,160,192,1,-1,-1
369,37,614,62,160,192,1,-1,-1
370,37,614,62,160,192,1,-1,-1
371,37,614,62,160,192,1,-1,-1
372,37,614,62,160,192,1,-1,-1
373,37,614,62,160,192,1,-1,-1
374,37,614,62,160,192,1,-1,-1
375,37,614,62,160,192,1,-1,-1
376,37,614,62,160,192,1,-1,-1
377,37,614,62,160,192,1,-1,-1
378,37,614,62,160,192,1,-1,-1
379,37,614,62,160,192,1,-1,-1
380,37,614,62,160,192,1,-1,-1
381,37,614,62,160,192,1,-1,-1
382,37,614,62,160,192,1,-1,-1
383,37,615,62,160,191,1,-1,-1
384,37,615,62,160,191,1,-1,-1
385,37,615,62,160,191,1,-1,-1
386,37,615,62,160,191,1,-1,-1
387,37,615,62,160,191,1,-1,-1
388,37,615,62,160,191,1,-1,-1
389,37,615,62,160,191,1,-1,-1
390,37,615,62,160,191,1,-1,-1
391,37,615,62,160,191,1,-1,-1
392,37,615,62,160,191,1,-1,-1
393,37,615,62,160,191,1,-1,-1
394,37,615,62,160,191,1,-1,-1
395,37,615,62,160,191,1,-1,-1
396,37,615,62,160,191,1,-1,-1
397,37,615,62,160,191,1,-1,-1
398,37,615,62,160,191,1,-1,-1
399,37,615,62,160,191,1,-1,-1
400,37,615,62,160,191,1,-1,-1
401,37,615,61,160,192,1,-1,-1
402,37,615,61,160,192,1,-1,-1
403,37,615,61,160,192,1,-1,-1
404,37,615,61,160,192,1,-1,-1
405,37,615,61,160,192,1,-1,-1
406,37,615,61,160,192,1,-1,-1
407,37,615,61,160,192,1,-1,-1
408,37,615,61,160,192,1,-1,-1
409,37,616,61,160,192,1,-1,-1
410,37,616,61,160,192,1,-1,-1
411,37,616,61,160,192,1,-1,-1
412,37,616,61,160,192,1,-1,-1
413,37,616,61,160,192,1,-1,-1
414,37,616,61,160,192,1,-1,-1
415,37,616,61,160,192,1,-1,-1
416,37,616,61,160,192,1,-1,-1
417,37,616,61,160,192,1,-1,-1
418,37,616,61,160,192,1,-1,-1
419,37,616,61,160,192,1,-1,-1
420,37,616,61,160,192,1,-1,-1
421,37,616,61,160,192,1,-1,-1
422,37,616,61,160,192,1,-1,-1
423,37,616,61,160,192,1,-1,-1
424,37,616,61,160,192,1,-1,-1
425,37,616,61,160,192,1,-1,-1
426,37,616,61,160,192,1,-1,-1
427,37,616,61,160,192,1,-1,-1
428,37,616,61,160,192,1,-1,-1
429,37,616,61,160,192,1,-1,-1
430,37,616,61,160,192,1,-1,-1
431,37,616,61,160,192,1,-1,-1
432,37,616,61,160,192,1,-1,-1
433,37,616,61,160,192,1,-1,-1
434,37,616,61,160,192,1,-1,-1
435,37,617,61,160,191,1,-1,-1
436,37,617,61,160,191,1,-1,-1
437,37,617,61,160,191,1,-1,-1
438,37,617,61,160,191,1,-1,-1
439,37,617,61,160,191,1,-1,-1
440,37,617,61,160,191,1,-1,-1
441,37,617,61,160,191,1,-1,-1
442,37,617,61,160,191,1,-1,-1
443,37,617,61,160,191,1,-1,-1
444,37,617,61,160,191,1,-1,-1
445,37,617,61,160,191,1,-1,-1
446,37,617,61,160,191,1,-1,-1
447,37,617,61,160,191,1,-1,-1
448,37,617,61,160,191,1,-1,-1
449,37,617,61,160,191,1,-1,-1
450,37,617,61,160,191,1,-1,-1
451,37,617,61,160,191,1,-1,-1
452,37,617,61,160,191,1,-1,-1
453,37,617,61,160,191,1,-1,-1
454,37,617,61,160,191,1,-1,-1
455,37,617,61,160,191,1,-1,-1
456,37,617,61,160,191,1,-1,-1
457,37,617,61,160,191,1,-1,-1
458,37,617,61,160,191,1,-1,-1
459,37,617,61,160,191,1,-1,-1
460,37,617,61,160,191,1,-1,-1
461,37,618,61,160,191,1,-1,-1
462,37,618,61,160,191,1,-1,-1
463,37,618,61,160,191,1,-1,-1
464,37,618,61,160,191,1,-1,-1
465,37,618,61,160,191,1,-1,-1
466,37,618,61,160,191,1,-1,-1
467,37,618,61,160,191,1,-1,-1
468,37,618,61,160,191,1,-1,-1
469,37,618,61,160,191,1,-1,-1
470,37,618,60,160,192,1,-1,-1
471,37,618,60,160,192,1,-1,-1
472,37,618,60,160,192,1,-1,-1
473,37,618,60,160,192,1,-1,-1
474,37,618,60,160,192,1,-1,-1
475,37,618,60,160,192,1,-1,-1
476,37,618,60,160,192,1,-1,-1
477,37,618,60,160,192,1,-1,-1
478,37,618,60,160,192,1,-1,-1
479,37,618,60,160,192,1,-1,-1
480,37,618,60,160,192,1,-1,-1
481,37,618,60,160,192,1,-1,-1
482,37,618,60,160,192,1,-1,-1
483,37,618,60,160,192,1,-1,-1
484,37,618,60,160,192,1,-1,-1
485,37,618,60,160,192,1,-1,-1
486,37,618,60,160,192,1,-1,-1
487,37,619,60,160,191,1,-1,-1
488,37,619,60,160,191,1,-1,-1
489,37,619,60,160,191,1,-1,-1
490,37,619,60,160,191,1,-1,-1
491,37,619,60,160,191,1,-1,-1
492,37,619,60,160,191,1,-1,-1
493,37,619,60,160,191,1,-1,-1
494,37,619,60,160,191,1,-1,-1
495,37,619,60,160,191,1,-1,-1
496,37,619,60,160,191,1,-1,-1
497,37,619,60,160,191,1,-1,-1
498,37,619,60,160,191,1,-1,-1
499,37,619,60,160,191,1,-1,-1
500,37,619,60,160,191,1,-1,-1
501,37,619,60,160,191,1,-1,-1
502,37,619,60,160,191,1,-1,-1
503,37,619,60,160,191,1,-1,-1
504,37,619,60,160,191,1,-1,-1
505,37,619,60,160,191,1,-1,-1
506,37,619,60,160,191,1,-1,-1
507,37,619,60,160,191,1,-1,-1
508,37,619,60,160,191,1,-1,-1
509,37,619,60,160,191,1,-1,-1
510,37,619,60,160,191,1,-1,-1
511,37,619,60,160,191,1,-1,-1
512,37,619,60,160,191,1,-1,-1
513,37,620,60,160,191,1,-1,-1
514,37,620,60,160,191,1,-1,-1
515,37,620,60,160,191,1,-1,-1
516,37,620,60,160,191,1,-1,-1
517,37,620,60,160,191,1,-1,-1
518,37,620,60,160,191,1,-1,-1
519,37,620,60,160,191,1,-1,-1
520,37,620,60,160,191,1,-1,-1
521,37,620,60,160,191,1,-1,-1
522,37,620,60,160,191,1,-1,-1
523,37,620,60,160,191,1,-1,-1
524,37,620,60,160,191,1,-1,-1
525,37,620,60,160,191,1,-1,-1
526,37,620,60,160,191,1,-1,-1
527,37,620,60,160,191,1,-1,-1
528,37,620,60,160,191,1,-1,-1
529,37,620,60,160,191,1,-1,-1
530,37,620,60,160,191,1,-1,-1
531,37,620,60,160,191,1,-1,-1
532,37,620,60,160,191,1,-1,-1
533,37,620,60,160,191,1,-1,-1
534,37,620,60,160,191,1,-1,-1
535,37,620,60,160,191,1,-1,-1
536,37,620,60,160,191,1,-1,-1
537,37,620,60,160,191,1,-1,-1
538,37,621,60,160,191,1,-1,-1
539,37,620,60,160,191,1,-1,-1
540,37,620,60,160,191,1,-1,-1
541,37,620,60,160,191,1,-1,-1
542,37,620,60,160,191,1,-1,-1
543,37,619,60,160,191,1,-1,-1
544,37,619,60,160,191,1,-1,-1
545,37,619,60,160,191,1,-1,-1
546,37,619,60,160,191,1,-1,-1
547,37,618,60,160,191,1,-1,-1
548,37,618,60,160,191,1,-1,-1
549,37,618,60,160,191,1,-1,-1
550,37,618,60,160,191,1,-1,-1
551,37,617,60,160,191,1,-1,-1
552,37,617,60,160,191,1,-1,-1
553,37,617,60,160,191,1,-1,-1
554,37,617,60,160,191,1,-1,-1
555,37,616,60,160,191,1,-1,-1
556,37,616,60,160,191,1,-1,-1
557,37,616,60,160,191,1,-1,-1
558,37,616,60,160,191,1,-1,-1
559,37,615,60,160,192,1,-1,-1
560,37,615,60,160,192,1,-1,-1
561,37,615,60,160,192,1,-1,-1
562,37,615,60,160,192,1,-1,-1
563,37,614,60,160,192,1,-1,-1
564,37,614,60,160,192,1,-1,-1
565,37,614,60,160,192,1,-1,-1
566,37,614,61,160,191,1,-1,-1
567,37,613,61,160,191,1,-1,-1
568,37,613,61,160,191,1,-1,-1
569,37,613,61,160,191,1,-1,-1
570,37,613,61,160,191,1,-1,-1
571,37,612,61,160,191,1,-1,-1
572,37,612,61,160,191,1,-1,-1
573,37,612,61,160,191,1,-1,-1
574,37,612,61,160,191,1,-1,-1
575,37,611,61,160,191,1,-1,-1
576,37,611,61,160,191,1,-1,-1
577,37,611,61,160,191,1,-1,-1
578,37,611,61,160,191,1,-1,-1
579,37,610,61,160,191,1,-1,-1
580,37,610,61,160,192,1,-1,-1
581,37,610,61,160,192,1,-1,-1
582,37,610,61,160,192,1,-1,-1
583,37,609,61,160,192,1,-1,-1
584,37,609,61,160,192,1,-1,-1
585,37,609,61,160,192,1,-1,-1
586,37,609,61,160,192,1,-1,-1
587,37,608,61,160,192,1,-1,-1
588,37,608,61,160,192,1,-1,-1
589,37,608,61,160,192,1,-1,-1
590,37,608,61,160,192,1,-1,-1
591,37,607,61,160,192,1,-1,-1
592,37,607,61,160,192,1,-1,-1
593,37,607,61,160,192,1,-1,-1
594,37,607,62,160,191,1,-1,-1
595,37,606,62,160,191,1,-1,-1
596,37,606,62,160,191,1,-1,-1
597,37,606,62,160,191,1,-1,-1
598,37,606,62,160,191,1,-1,-1
599,37,605,62,160,191,1,-1,-1
600,37,605,62,160,191,1,-1,-1
601,37,605,62,160,192,1,-1,-1
602,37,605,62,160,192,1,-1,-1
603,37,604,62,160,192,1,-1,-1
604,37,604,62,160,192,1,-1,-1
605,37,604,62,160,192,1,-1,-1
606,37,604,62,160,192,1,-1,-1
607,37,603,62,160,192,1,-1,-1
608,37,603,62,160,192,1,-1,-1
609,37,603,62,160,192,1,-1,-1
610,37,603,62,160,192,1,-1,-1
611,37,602,62,160,192,1,-1,-1
612,37,602,62,160,192,1,-1,-1
613,37,602,62,160,192,1,-1,-1
614,37,602,62,160,192,1,-1,-1
615,37,601,62,160,192,1,-1,-1
616,37,601,62,160,192,1,-1,-1
617,37,601,62,160,192,1,-1,-1
618,37,601,62,160,192,1,-1,-1
619,37,600,62,160,192,1,-1,-1
620,37,600,62,160,192,1,-1,-1
621,37,600,62,160,192,1,-1,-1
622,37,600,63,160,192,1,-1,-1
142,44,673,294,164,180,1,-1,-1
143,44,675,293,164,181,1,-1,-1
144,44,677,292,164,182,1,-1,-1
145,44,680,291,163,184,1,-1,-1
146,44,682,291,164,184,1,-1,-1
147,44,684,290,164,185,1,-1,-1
148,44,687,289,163,187,1,-1,-1
149,44,689,289,164,187,1,-1,-1
150,44,692,288,163,189,1,-1,-1
151,44,694,287,163,190,1,-1,-1
152,44,696,287,164,190,1,-1,-1
153,44,699,286,163,192,1,-1,-1
154,44,701,285,163,193,1,-1,-1
155,44,704,285,163,194,1,-1,-1
156,44,702,285,163,195,1,-1,-1
157,44,701,285,163,197,1,-1,-1
158,44,699,286,163,197,1,-1,-1
159,44,698,286,163,199,1,-1,-1
160,44,696,287,163,200,1,-1,-1
161,44,695,287,163,201,1,-1,-1
162,44,694,287,163,203,1,-1,-1
163,44,692,288,163,204,1,-1,-1
164,44,691,288,163,205,1,-1,-1
165,44,689,289,163,206,1,-1,-1
166,44,688,289,163,208,1,-1,-1
167,44,687,289,163,209,1,-1,-1
168,44,685,290,163,210,1,-1,-1
169,44,684,290,163,211,1,-1,-1
170,44,682,291,163,212,1,-1,-1
171,44,681,291,163,214,1,-1,-1
172,44,680,291,163,215,1,-1,-1
173,44,678,292,163,216,1,-1,-1
174,44,677,292,163,218,1,-1,-1
175,44,675,293,163,218,1,-1,-1
176,44,674,293,163,220,1,-1,-1
177,44,673,294,163,221,1,-1,-1
178,44,672,293,163,221,1,-1,-1
179,44,672,292,163,221,1,-1,-1
180,44,672,291,163,221,1,-1,-1
181,44,672,290,163,221,1,-1,-1
182,44,672,289,163,221,1,-1,-1
183,44,672,289,163,221,1,-1,-1
184,44,671,288,163,221,1,-1,-1
185,44,671,287,163,221,1,-1,-1
186,44,671,286,163,221,1,-1,-1
187,44,671,285,163,221,1,-1,-1
188,44,671,285,163,221,1,-1,-1
189,44,671,284,163,221,1,-1,-1
190,44,670,283,163,221,1,-1,-1
191,44,670,282,163,221,1,-1,-1
192,44,670,281,163,221,1,-1,-1
193,44,670,281,163,221,1,-1,-1
194,44,670,280,163,221,1,-1,-1
195,44,670,279,163,221,1,-1,-1
196,44,669,278,163,221,1,-1,-1
197,44,669,277,163,221,1,-1,-1
198,44,669,277,163,221,1,-1,-1
199,44,669,276,163,221,1,-1,-1
200,44,669,275,163,221,1,-1,-1
201,44,669,274,163,221,1,-1,-1
202,44,669,273,163,221,1,-1,-1
203,44,668,273,163,221,1,-1,-1
204,44,668,272,163,221,1,-1,-1
205,44,668,271,163,221,1,-1,-1
206,44,668,270,163,221,1,-1,-1
207,44,668,269,163,221,1,-1,-1
208,44,668,269,163,221,1,-1,-1
209,44,667,268,163,221,1,-1,-1
210,44,667,267,163,221,1,-1,-1
211,44,667,266,163,221,1,-1,-1
212,44,667,265,163,221,1,-1,-1
213,44,667,265,163,221,1,-1,-1
214,44,667,264,163,221,1,-1,-1
215,44,666,263,163,221,1,-1,-1
216,44,666,262,163,221,1,-1,-1
217,44,666,261,163,221,1,-1,-1
218,44,666,261,163,221,1,-1,-1
219,44,666,260,163,221,1,-1,-1
220,44,666,259,163,221,1,-1,-1
221,44,666,258,163,221,1,-1,-1
222,44,665,257,163,221,1,-1,-1
223,44,665,256,163,221,1,-1,-1
224,44,665,256,163,221,1,-1,-1
225,44,665,255,163,221,1,-1,-1
226,44,665,254,163,221,1,-1,-1
227,44,665,253,163,221,1,-1,-1
228,44,664,252,163,221,1,-1,-1
229,44,664,252,163,221,1,-1,-1
230,44,664,251,163,221,1,-1,-1
231,44,664,250,163,221,1,-1,-1
232,44,664,249,163,221,1,-1,-1
233,44,664,248,163,221,1,-1,-1
234,44,663,248,163,221,1,-1,-1
235,44,663,247,163,221,1,-1,-1
236,44,663,246,163,221,1,-1,-1
237,44,663,245,163,221,1,-1,-1
238,44,663,244,163,221,1,-1,-1
239,44,663,244,163,221,1,-1,-1
240,44,663,243,163,221,1,-1,-1
241,44,662,242,163,221,1,-1,-1
242,44,662,241,163,221,1,-1,-1
243,44,662,240,163,221,1,-1,-1
244,44,662,240,163,221,1,-1,-1
245,44,662,239,163,221,1,-1,-1
246,44,662,238,163,221,1,-1,-1
247,44,661,237,163,221,1,-1,-1
248,44,661,236,163,221,1,-1,-1
249,44,661,236,163,221,1,-1,-1
250,44,661,235,163,221,1,-1,-1
251,44,661,234,163,221,1,-1,-1
252,44,661,233,163,221,1,-1,-1
253,44,660,232,163,221,1,-1,-1
254,44,660,232,163,221,1,-1,-1
255,44,660,231,163,221,1,-1,-1
256,44,660,230,163,221,1,-1,-1
257,44,660,229,163,221,1,-1,-1
258,44,660,228,163,221,1,-1,-1
259,44,660,228,163,221,1,-1,-1
260,44,658,223,163,221,1,-1,-1
261,44,657,219,163,221,1,-1,-1
262,44,656,215,163,221,1,-1,-1
263,44,655,211,163,221,1,-1,-1
264,44,654,207,163,221,1,-1,-1
265,44,652,202,164,222,1,-1,-1
266,44,651,198,164,222,1,-1,-1
267,44,650,194,164,222,1,-1,-1
268,44,649,190,164,222,1,-1,-1
269,44,648,186,164,222,1,-1,-1
270,44,648,188,164,222,1,-1,-1
271,44,648,190,164,223,1,-1,-1
272,44,649,192,164,224,1,-1,-1
273,44,649,194,164,225,1,-1,-1
274,44,650,196,163,225,1,-1,-1
275,44,650,198,164,226,1,-1,-1
276,44,651,200,163,227,1,-1,-1
277,44,651,202,164,228,1,-1,-1
278,44,652,204,163,228,1,-1,-1
279,44,652,206,163,229,1,-1,-1
280,44,653,208,163,230,1,-1,-1
281,44,653,210,163,231,1,-1,-1
282,44,654,212,162,231,1,-1,-1
283,44,654,214,163,232,1,-1,-1
284,44,655,216,162,233,1,-1,-1
285,44,655,218,163,234,1,-1,-1
286,44,655,220,163,234,1,-1,-1
287,44,656,222,162,235,1,-1,-1
288,44,656,224,163,236,1,-1,-1
289,44,657,226,162,237,1,-1,-1
290,44,657,228,162,237,1,-1,-1
291,44,658,230,162,238,1,-1,-1
292,44,658,232,162,239,1,-1,-1
293,44,659,234,162,240,1,-1,-1
294,44,659,236,162,240,1,-1,-1
295,44,660,238,161,241,1,-1,-1
296,44,660,240,162,242,1,-1,-1
297,44,661,242,161,243,1,-1,-1
298,44,661,244,161,243,1,-1,-1
299,44,662,246,161,244,1,-1,-1
300,44,662,248,161,245,1,-1,-1
301,44,663,250,161,246,1,-1,-1
302,44,662,251,163,243,1,-1,-1
303,44,661,252,165,241,1,-1,-1
304,44,660,253,167,238,1,-1,-1
305,44,659,254,169,236,1,-1,-1
306,44,659,255,170,234,1,-1,-1
307,44,658,256,172,231,1,-1,-1
308,44,657,257,174,229,1,-1,-1
309,44,656,259,176,226,1,-1,-1
310,44,655,260,178,223,1,-1,-1
311,44,655,261,179,221,1,-1,-1
312,44,654,262,181,218,1,-1,-1
313,44,653,263,183,216,1,-1,-1
314,44,652,264,185,214,1,-1,-1
315,44,651,265,187,211,1,-1,-1
316,44,651,267,188,208,1,-1,-1
317,44,650,268,190,206,1,-1,-1
318,44,649,269,192,203,1,-1,-1
319,44,648,270,194,201,1,-1,-1
320,44,647,271,196,199,1,-1,-1
321,44,647,272,197,196,1,-1,-1
322,44,646,273,199,194,1,-1,-1
323,44,645,274,201,191,1,-1,-1
324,44,644,276,203,188,1,-1,-1
325,44,643,277,205,186,1,-1,-1
326,44,643,278,206,183,1,-1,-1
327,44,642,279,208,181,1,-1,-1
328,44,641,280,210,179,1,-1,-1
329,44,640,281,212,176,1,-1,-1
330,44,639,282,214,174,1,-1,-1
331,44,639,284,216,171,1,-1,-1
332,44,639,283,216,171,1,-1,-1
333,44,639,282,216,171,1,-1,-1
334,44,640,282,216,171,1,-1,-1
335,44,640,281,216,171,1,-1,-1
336,44,640,281,216,171,1,-1,-1
337,44,641,280,216,171,1,-1,-1
338,44,641,279,216,171,1,-1,-1
339,44,641,279,216,171,1,-1,-1
340,44,642,278,216,171,1,-1,-1
341,44,642,278,216,171,1,-1,-1
342,44,642,277,216,171,1,-1,-1
343,44,643,276,216,171,1,-1,-1
344,44,643,276,216,171,1,-1,-1
345,44,644,275,216,171,1,-1,-1
346,44,644,275,216,171,1,-1,-1
347,44,644,274,216,171,1,-1,-1
348,44,645,273,216,171,1,-1,-1
349,44,645,273,216,171,1,-1,-1
350,44,645,272,216,171,1,-1,-1
351,44,646,272,216,171,1,-1,-1
352,44,646,271,216,171,1,-1,-1
353,44,646,270,216,171,1,-1,-1
354,44,647,270,216,171,1,-1,-1
355,44,647,269,216,171,1,-1,-1
356,44,648,269,216,171,1,-1,-1
357,44,648,268,216,171,1,-1,-1
358,44,648,267,216,171,1,-1,-1
359,44,649,267,216,171,1,-1,-1
360,44,649,266,216,171,1,-1,-1
361,44,649,266,216,171,1,-1,-1
362,44,650,265,216,171,1,-1,-1
363,44,650,264,216,171,1,-1,-1
364,44,650,264,216,171,1,-1,-1
365,44,651,263,216,171,1,-1,-1
366,44,651,263,216,171,1,-1,-1
367,44,651,262,216,171,1,-1,-1
368,44,652,261,216,171,1,-1,-1
369,44,652,261,216,171,1,-1,-1
370,44,653,260,216,171,1,-1,-1
371,44,653,260,216,171,1,-1,-1
372,44,653,259,216,171,1,-1,-1
373,44,654,258,216,171,1,-1,-1
374,44,654,258,216,171,1,-1,-1
375,44,654,257,216,171,1,-1,-1
376,44,655,257,216,171,1,-1,-1
377,44,655,256,216,171,1,-1,-1
378,44,655,255,216,171,1,-1,-1
379,44,656,255,216,171,1,-1,-1
380,44,656,254,216,171,1,-1,-1
381,44,657,254,216,171,1,-1,-1
382,44,657,253,216,171,1,-1,-1
383,44,657,253,216,171,1,-1,-1
384,44,657,253,216,171,1,-1,-1
385,44,657,253,216,171,1,-1,-1
386,44,657,253,216,171,1,-1,-1
387,44,657,253,216,171,1,-1,-1
388,44,657,253,216,171,1,-1,-1
389,44,657,253,216,171,1,-1,-1
390,44,657,253,216,171,1,-1,-1
391,44,657,253,216,171,1,-1,-1
392,44,657,253,216,171,1,-1,-1
393,44,657,253,216,171,1,-1,-1
394,44,657,253,216,171,1,-1,-1
395,44,657,253,216,171,1,-1,-1
396,44,657,253,216,171,1,-1,-1
397,44,657,253,216,171,1,-1,-1
398,44,657,253,216,171,1,-1,-1
399,44,657,253,216,171,1,-1,-1
400,44,657,253,216,171,1,-1,-1
401,44,657,253,216,171,1,-1,-1
402,44,657,253,216,171,1,-1,-1
403,44,657,253,216,171,1,-1,-1
404,44,657,253,216,171,1,-1,-1
405,44,657,253,216,171,1,-1,-1
406,44,657,253,216,171,1,-1,-1
407,44,657,253,216,171,1,-1,-1
408,44,657,253,216,171,1,-1,-1
409,44,657,253,216,171,1,-1,-1
410,44,657,253,216,171,1,-1,-1
411,44,657,253,216,171,1,-1,-1
412,44,657,253,216,171,1,-1,-1
413,44,657,253,216,171,1,-1,-1
414,44,657,253,216,171,1,-1,-1
415,44,657,253,216,171,1,-1,-1
416,44,657,253,216,171,1,-1,-1
417,44,657,253,216,171,1,-1,-1
418,44,657,253,216,171,1,-1,-1
419,44,657,253,216,171,1,-1,-1
420,44,657,253,216,171,1,-1,-1
421,44,658,252,216,171,1,-1,-1
422,44,658,252,216,171,1,-1,-1
423,44,658,252,216,171,1,-1,-1
424,44,658,252,216,171,1,-1,-1
425,44,658,252,216,171,1,-1,-1
426,44,658,252,216,171,1,-1,-1
427,44,658,252,216,171,1,-1,-1
428,44,658,252,216,171,1,-1,-1
429,44,658,252,216,171,1,-1,-1
430,44,658,252,216,171,1,-1,-1
431,44,658,252,216,171,1,-1,-1
432,44,658,252,216,171,1,-1,-1
433,44,658,252,216,171,1,-1,-1
434,44,658,252,216,171,1,-1,-1
435,44,658,252,216,171,1,-1,-1
436,44,658,252,216,171,1,-1,-1
437,44,658,252,216,171,1,-1,-1
438,44,658,252,216,171,1,-1,-1
439,44,658,252,216,171,1,-1,-1
440,44,658,252,216,171,1,-1,-1
441,44,658,252,216,171,1,-1,-1
442,44,658,252,216,171,1,-1,-1
443,44,658,252,216,171,1,-1,-1
444,44,658,252,216,171,1,-1,-1
445,44,658,252,216,171,1,-1,-1
446,44,658,252,216,171,1,-1,-1
447,44,658,252,216,171,1,-1,-1
448,44,658,252,216,171,1,-1,-1
449,44,658,252,216,171,1,-1,-1
450,44,658,252,216,171,1,-1,-1
451,44,658,252,216,171,1,-1,-1
452,44,658,252,216,171,1,-1,-1
453,44,658,252,216,171,1,-1,-1
454,44,658,252,216,171,1,-1,-1
455,44,658,252,216,171,1,-1,-1
456,44,658,252,216,171,1,-1,-1
457,44,658,252,216,171,1,-1,-1
458,44,658,252,216,171,1,-1,-1
459,44,658,252,216,171,1,-1,-1
460,44,659,251,216,171,1,-1,-1
461,44,659,251,216,171,1,-1,-1
462,44,659,251,216,171,1,-1,-1
463,44,659,251,216,171,1,-1,-1
464,44,659,251,216,171,1,-1,-1
465,44,659,251,216,171,1,-1,-1
466,44,659,251,216,171,1,-1,-1
467,44,659,251,216,171,1,-1,-1
468,44,659,251,216,171,1,-1,-1
469,44,659,251,216,171,1,-1,-1
470,44,659,251,216,171,1,-1,-1
471,44,659,251,216,171,1,-1,-1
472,44,659,251,216,171,1,-1,-1
473,44,659,251,216,171,1,-1,-1
474,44,659,251,216,171,1,-1,-1
475,44,659,251,216,171,1,-1,-1
476,44,659,251,216,171,1,-1,-1
477,44,659,251,216,171,1,-1,-1
478,44,659,251,216,171,1,-1,-1
479,44,659,251,216,171,1,-1,-1
480,44,659,251,216,171,1,-1,-1
481,44,659,251,216,171,1,-1,-1
482,44,659,251,216,171,1,-1,-1
483,44,659,251,216,171,1,-1,-1
484,44,659,251,216,171,1,-1,-1
485,44,659,251,216,171,1,-1,-1
486,44,659,251,216,171,1,-1,-1
487,44,659,251,216,171,1,-1,-1
488,44,659,251,216,171,1,-1,-1
489,44,659,251,216,171,1,-1,-1
490,44,659,251,216,171,1,-1,-1
491,44,659,251,216,171,1,-1,-1
492,44,659,251,216,171,1,-1,-1
493,44,659,251,216,171,1,-1,-1
494,44,659,251,216,171,1,-1,-1
495,44,659,251,216,171,1,-1,-1
496,44,659,251,216,171,1,-1,-1
497,44,659,251,216,171,1,-1,-1
498,44,659,251,216,171,1,-1,-1
499,44,660,250,216,171,1,-1,-1
500,44,660,250,216,171,1,-1,-1
501,44,660,250,216,171,1,-1,-1
502,44,660,250,216,171,1,-1,-1
503,44,660,250,216,171,1,-1,-1
504,44,660,250,216,171,1,-1,-1
505,44,660,250,216,171,1,-1,-1
506,44,660,250,216,171,1,-1,-1
507,44,660,250,216,171,1,-1,-1
508,44,660,250,216,171,1,-1,-1
509,44,660,250,216,171,1,-1,-1
510,44,660,250,216,171,1,-1,-1
511,44,660,250,216,171,1,-1,-1
512,44,660,250,216,171,1,-1,-1
513,44,660,250,216,171,1,-1,-1
514,44,660,250,216,171,1,-1,-1
515,44,660,250,216,171,1,-1,-1
516,44,660,250,216,171,1,-1,-1
517,44,660,250,216,171,1,-1,-1
518,44,660,250,216,171,1,-1,-1
519,44,660,250,216,171,1,-1,-1
520,44,660,250,216,171,1,-1,-1
521,44,660,250,216,171,1,-1,-1
522,44,660,250,216,171,1,-1,-1
523,44,660,250,216,171,1,-1,-1
524,44,660,250,216,171,1,-1,-1
525,44,660,250,216,171,1,-1,-1
526,44,660,250,216,171,1,-1,-1
527,44,660,250,216,171,1,-1,-1
528,44,660,250,216,171,1,-1,-1
529,44,660,250,216,171,1,-1,-1
530,44,660,250,216,171,1,-1,-1
531,44,660,250,216,171,1,-1,-1
532,44,660,250,216,171,1,-1,-1
533,44,660,250,216,171,1,-1,-1
534,44,660,250,216,171,1,-1,-1
535,44,660,250,216,171,1,-1,-1
536,44,660,250,216,171,1,-1,-1
537,44,660,250,216,171,1,-1,-1
538,44,661,250,216,171,1,-1,-1
539,44,661,250,216,171,1,-1,-1
540,44,661,250,216,171,1,-1,-1
541,44,661,250,216,171,1,-1,-1
542,44,661,250,216,171,1,-1,-1
543,44,661,250,216,171,1,-1,-1
544,44,661,250,216,171,1,-1,-1
545,44,661,250,216,171,1,-1,-1
546,44,661,250,216,171,1,-1,-1
547,44,661,250,216,171,1,-1,-1
548,44,661,250,216,171,1,-1,-1
549,44,661,250,216,171,1,-1,-1
550,44,661,250,216,171,1,-1,-1
551,44,661,250,216,171,1,-1,-1
552,44,661,250,216,171,1,-1,-1
553,44,661,250,216,171,1,-1,-1
554,44,661,250,216,171,1,-1,-1
555,44,661,250,216,171,1,-1,-1
556,44,661,250,216,171,1,-1,-1
557,44,661,250,216,171,1,-1,-1
558,44,661,250,216,171,1,-1,-1
559,44,661,250,216,171,1,-1,-1
560,44,661,250,216,171,1,-1,-1
561,44,661,250,216,171,1,-1,-1
562,44,661,250,216,171,1,-1,-1
563,44,661,250,216,171,1,-1,-1
564,44,661,250,216,171,1,-1,-1
565,44,661,250,216,171,1,-1,-1
566,44,661,250,216,171,1,-1,-1
567,44,661,250,216,171,1,-1,-1
568,44,661,250,216,171,1,-1,-1
569,44,661,250,216,171,1,-1,-1
570,44,661,250,216,171,1,-1,-1
571,44,661,250,216,171,1,-1,-1
572,44,661,250,216,171,1,-1,-1
573,44,661,250,216,171,1,-1,-1
574,44,661,250,216,171,1,-1,-1
575,44,661,250,216,171,1,-1,-1
576,44,661,250,216,171,1,-1,-1
577,44,661,250,216,171,1,-1,-1
578,44,661,250,216,171,1,-1,-1
579,44,661,250,216,171,1,-1,-1
580,44,661,250,216,171,1,-1,-1
581,44,661,250,216,171,1,-1,-1
582,44,661,250,216,171,1,-1,-1
583,44,661,250,216,171,1,-1,-1
584,44,661,250,216,171,1,-1,-1
585,44,661,250,216,171,1,-1,-1
586,44,661,250,216,171,1,-1,-1
587,44,661,250,216,171,1,-1,-1
588,44,661,250,216,171,1,-1,-1
589,44,661,250,216,171,1,-1,-1
590,44,661,250,216,171,1,-1,-1
591,44,661,250,216,171,1,-1,-1
592,44,661,250,216,171,1,-1,-1
593,44,661,250,216,171,1,-1,-1
594,44,661,250,216,171,1,-1,-1
595,44,661,250,216,171,1,-1,-1
596,44,661,250,216,171,1,-1,-1
597,44,661,250,216,171,1,-1,-1
598,44,661,250,216,171,1,-1,-1
599,44,661,250,216,171,1,-1,-1
600,44,661,250,216,171,1,-1,-1
601,44,661,250,216,171,1,-1,-1
602,44,661,250,216,171,1,-1,-1
603,44,661,250,216,171,1,-1,-1
604,44,661,250,216,171,1,-1,-1
605,44,661,250,216,171,1,-1,-1
606,44,661,250,216,171,1,-1,-1
607,44,661,250,216,171,1,-1,-1
608,44,661,250,216,171,1,-1,-1
609,44,661,250,216,171,1,-1,-1
610,44,661,250,216,171,1,-1,-1
611,44,661,250,216,171,1,-1,-1
612,44,661,250,216,171,1,-1,-1
613,44,661,250,216,171,1,-1,-1
614,44,661,250,216,171,1,-1,-1
615,44,661,250,216,171,1,-1,-1
616,44,661,250,216,171,1,-1,-1
617,44,661,250,216,171,1,-1,-1
618,44,661,250,216,171,1,-1,-1
619,44,661,250,216,171,1,-1,-1
620,44,661,250,216,171,1,-1,-1
621,44,661,250,216,171,1,-1,-1
622,44,661,250,216,171,1,-1,-1
