1,14,740,215,280,324,1,-1,-1
2,14,740,214,280,324,1,-1,-1
3,14,740,214,280,324,1,-1,-1
4,14,740,214,280,324,1,-1,-1
5,14,740,214,280,324,1,-1,-1
6,14,740,214,280,324,1,-1,-1
7,14,740,214,280,324,1,-1,-1
8,14,740,214,280,324,1,-1,-1
9,14,740,214,280,324,1,-1,-1
10,14,740,214,280,324,1,-1,-1
11,14,740,214,280,324,1,-1,-1
12,14,740,214,280,324,1,-1,-1
13,14,740,214,280,324,1,-1,-1
14,14,740,214,280,324,1,-1,-1
15,14,740,214,280,324,1,-1,-1
16,14,740,214,280,324,1,-1,-1
17,14,740,214,280,324,1,-1,-1
18,14,740,214,280,324,1,-1,-1
19,14,740,214,280,324,1,-1,-1
20,14,740,214,280,324,1,-1,-1
21,14,740,214,280,324,1,-1,-1
22,14,740,215,280,324,1,-1,-1
23,14,740,215,280,324,1,-1,-1
24,14,740,215,280,324,1,-1,-1
25,14,740,215,280,324,1,-1,-1
26,14,740,215,280,324,1,-1,-1
27,14,740,215,280,324,1,-1,-1
28,14,740,215,280,324,1,-1,-1
29,14,740,215,280,324,1,-1,-1
30,14,740,215,280,324,1,-1,-1
31,14,740,216,280,323,1,-1,-1
32,14,740,216,280,322,1,-1,-1
33,14,740,216,280,322,1,-1,-1
34,14,740,216,280,322,1,-1,-1
35,14,740,216,280,322,1,-1,-1
36,14,740,216,280,322,1,-1,-1
37,14,740,216,280,322,1,-1,-1
38,14,740,216,280,322,1,-1,-1
39,14,740,216,280,322,1,-1,-1
40,14,740,216,280,322,1,-1,-1
41,14,740,216,280,322,1,-1,-1
42,14,740,217,280,321,1,-1,-1
43,14,740,217,280,321,1,-1,-1
44,14,740,217,280,321,1,-1,-1
45,14,740,217,280,321,1,-1,-1
46,14,740,217,280,321,1,-1,-1
47,14,740,217,280,321,1,-1,-1
48,14,740,217,280,321,1,-1,-1
49,14,740,217,280,321,1,-1,-1
50,14,740,217,280,321,1,-1,-1
51,14,740,217,280,321,1,-1,-1
52,14,740,218,280,320,1,-1,-1
53,14,740,218,280,320,1,-1,-1
54,14,740,218,280,320,1,-1,-1
55,14,740,218,280,320,1,-1,-1
56,14,740,218,280,320,1,-1,-1
57,14,740,218,280,320,1,-1,-1
58,14,740,218,280,320,1,-1,-1
59,14,740,218,280,320,1,-1,-1
60,14,740,218,280,320,1,-1,-1
61,14,740,219,280,319,1,-1,-1
62,14,740,219,280,318,1,-1,-1
63,14,740,219,280,318,1,-1,-1
64,14,740,219,280,318,1,-1,-1
65,14,740,219,280,318,1,-1,-1
66,14,740,219,280,318,1,-1,-1
67,14,740,219,280,318,1,-1,-1
68,14,740,219,280,318,1,-1,-1
69,14,740,219,280,318,1,-1,-1
70,14,740,219,280,318,1,-1,-1
71,14,740,219,280,318,1,-1,-1
72,14,740,220,280,317,1,-1,-1
73,14,740,220,280,317,1,-1,-1
74,14,740,220,280,317,1,-1,-1
75,14,740,220,280,317,1,-1,-1
76,14,740,220,280,317,1,-1,-1
77,14,740,220,280,317,1,-1,-1
78,14,740,220,280,317,1,-1,-1
79,14,740,220,280,317,1,-1,-1
80,14,740,220,280,317,1,-1,-1
81,14,740,220,280,317,1,-1,-1
82,14,740,221,280,316,1,-1,-1
83,14,740,221,280,316,1,-1,-1
84,14,740,221,280,316,1,-1,-1
85,14,740,221,280,316,1,-1,-1
86,14,740,221,280,316,1,-1,-1
87,14,740,221,280,316,1,-1,-1
88,14,740,221,280,316,1,-1,-1
89,14,740,221,280,316,1,-1,-1
90,14,740,221,280,316,1,-1,-1
91,14,740,221,280,316,1,-1,-1
92,14,740,222,280,315,1,-1,-1
93,14,740,222,280,315,1,-1,-1
94,14,740,222,280,315,1,-1,-1
95,14,740,222,280,315,1,-1,-1
96,14,740,222,280,315,1,-1,-1
97,14,740,222,280,315,1,-1,-1
98,14,740,222,280,315,1,-1,-1
99,14,740,222,280,315,1,-1,-1
100,14,740,222,280,315,1,-1,-1
101,14,740,223,280,314,1,-1,-1
102,14,740,223,280,314,1,-1,-1
103,14,740,223,280,314,1,-1,-1
104,14,740,223,280,314,1,-1,-1
105,14,740,223,280,314,1,-1,-1
106,14,740,223,280,314,1,-1,-1
107,14,740,223,280,314,1,-1,-1
108,14,740,223,280,314,1,-1,-1
109,14,740,223,280,314,1,-1,-1
110,14,740,223,280,314,1,-1,-1
111,14,740,223,280,314,1,-1,-1
112,14,740,224,280,313,1,-1,-1
113,14,740,224,280,313,1,-1,-1
114,14,740,224,280,313,1,-1,-1
115,14,740,224,280,313,1,-1,-1
116,14,740,224,280,313,1,-1,-1
117,14,740,224,280,314,1,-1,-1
118,14,740,224,280,314,1,-1,-1
119,14,740,224,280,314,1,-1,-1
120,14,740,224,280,314,1,-1,-1
121,14,740,224,280,314,1,-1,-1
122,14,740,225,280,313,1,-1,-1
123,14,740,225,280,313,1,-1,-1
124,14,740,225,280,313,1,-1,-1
125,14,740,225,280,313,1,-1,-1
126,14,740,225,280,313,1,-1,-1
127,14,740,225,280,313,1,-1,-1
128,14,740,225,280,313,1,-1,-1
129,14,740,225,280,313,1,-1,-1
130,14,740,225,280,313,1,-1,-1
131,14,740,225,280,313,1,-1,-1
132,14,740,226,280,313,1,-1,-1
133,14,740,226,280,312,1,-1,-1
134,14,740,226,280,312,1,-1,-1
135,14,740,227,280,311,1,-1,-1
136,14,740,227,280,311,1,-1,-1
137,14,740,227,280,311,1,-1,-1
138,14,740,228,280,310,1,-1,-1
139,14,740,228,280,310,1,-1,-1
140,14,740,228,280,310,1,-1,-1
141,14,740,229,280,309,1,-1,-1
142,14,739,229,280,308,1,-1,-1
143,14,739,229,280,308,1,-1,-1
144,14,739,229,280,308,1,-1,-1
145,14,739,229,280,308,1,-1,-1
146,14,739,229,280,308,1,-1,-1
147,14,739,229,280,308,1,-1,-1
148,14,739,229,280,308,1,-1,-1
149,14,739,229,280,307,1,-1,-1
150,14,739,229,280,307,1,-1,-1
151,14,739,229,280,307,1,-1,-1
152,14,739,230,279,306,1,-1,-1
153,14,739,230,279,306,1,-1,-1
154,14,739,230,279,306,1,-1,-1
155,14,739,230,279,306,1,-1,-1
156,14,739,230,279,305,1,-1,-1
157,14,739,230,279,305,1,-1,-1
158,14,739,230,279,305,1,-1,-1
159,14,739,230,279,305,1,-1,-1
160,14,739,230,279,305,1,-1,-1
161,14,739,230,279,305,1,-1,-1
162,14,739,231,279,304,1,-1,-1
163,14,739,231,279,304,1,-1,-1
164,14,739,231,279,304,1,-1,-1
165,14,739,231,279,304,1,-1,-1
166,14,739,232,279,303,1,-1,-1
167,14,739,232,279,303,1,-1,-1
168,14,739,232,279,303,1,-1,-1
169,14,739,233,279,302,1,-1,-1
170,14,739,233,279,302,1,-1,-1
171,14,739,233,279,302,1,-1,-1
172,14,739,234,279,301,1,-1,-1
173,14,739,234,279,301,1,-1,-1
174,14,739,234,279,301,1,-1,-1
175,14,739,234,279,301,1,-1,-1
176,14,739,235,279,300,1,-1,-1
177,14,739,235,280,301,1,-1,-1
178,14,739,235,280,301,1,-1,-1
179,14,739,236,280,300,1,-1,-1
180,14,739,236,280,300,1,-1,-1
181,14,739,236,280,300,1,-1,-1
182,14,739,237,280,299,1,-1,-1
183,14,739,237,280,299,1,-1,-1
184,14,739,237,280,299,1,-1,-1
185,14,739,237,280,299,1,-1,-1
186,14,739,238,280,298,1,-1,-1
187,14,739,238,280,298,1,-1,-1
188,14,739,238,280,298,1,-1,-1
189,14,739,239,280,297,1,-1,-1
190,14,739,239,280,297,1,-1,-1
191,14,739,239,280,297,1,-1,-1
192,14,740,240,280,297,1,-1,-1
193,14,740,240,280,297,1,-1,-1
194,14,740,240,280,297,1,-1,-1
195,14,740,240,280,297,1,-1,-1
196,14,740,240,280,297,1,-1,-1
197,14,740,241,280,296,1,-1,-1
198,14,740,241,280,296,1,-1,-1
199,14,740,241,280,296,1,-1,-1
200,14,740,241,280,296,1,-1,-1
201,14,740,242,280,295,1,-1,-1
202,14,739,241,281,296,1,-1,-1
203,14,739,241,281,296,1,-1,-1
204,14,739,240,281,297,1,-1,-1
205,14,739,240,281,297,1,-1,-1
206,14,739,240,281,297,1,-1,-1
207,14,739,239,281,298,1,-1,-1
208,14,739,239,281,298,1,-1,-1
209,14,739,239,281,298,1,-1,-1
210,14,739,238,281,299,1,-1,-1
211,14,739,238,281,299,1,-1,-1
212,14,739,238,282,299,1,-1,-1
213,14,739,238,281,299,1,-1,-1
214,14,739,238,281,299,1,-1,-1
215,14,739,238,281,299,1,-1,-1
216,14,739,238,281,299,1,-1,-1
217,14,739,238,281,299,1,-1,-1
218,14,739,238,281,299,1,-1,-1
219,14,739,238,281,299,1,-1,-1
220,14,739,238,281,299,1,-1,-1
221,14,739,238,281,299,1,-1,-1
222,14,739,239,281,298,1,-1,-1
223,14,739,239,281,298,1,-1,-1
224,14,739,239,281,298,1,-1,-1
225,14,739,239,281,298,1,-1,-1
226,14,739,239,281,298,1,-1,-1
227,14,739,239,281,298,1,-1,-1
228,14,739,239,281,298,1,-1,-1
229,14,739,239,281,298,1,-1,-1
230,14,739,239,281,298,1,-1,-1
231,14,739,239,281,298,1,-1,-1
232,14,739,240,281,297,1,-1,-1
233,14,739,240,281,297,1,-1,-1
234,14,739,240,281,297,1,-1,-1
235,14,739,240,281,297,1,-1,-1
236,14,739,240,281,297,1,-1,-1
237,14,739,240,281,297,1,-1,-1
238,14,739,240,281,297,1,-1,-1
239,14,739,240,281,297,1,-1,-1
240,14,739,240,281,297,1,-1,-1
241,14,739,240,281,297,1,-1,-1
242,14,739,241,281,296,1,-1,-1
243,14,739,241,281,296,1,-1,-1
244,14,739,241,281,296,1,-1,-1
245,14,739,241,281,296,1,-1,-1
246,14,739,241,281,296,1,-1,-1
247,14,739,241,281,296,1,-1,-1
248,14,739,241,281,296,1,-1,-1
249,14,739,241,281,296,1,-1,-1
250,14,739,241,281,296,1,-1,-1
251,14,740,242,280,295,1,-1,-1
252,14,740,242,280,295,1,-1,-1
253,14,740,242,280,295,1,-1,-1
254,14,740,243,280,294,1,-1,-1
255,14,740,243,280,294,1,-1,-1
256,14,740,243,280,294,1,-1,-1
257,14,740,244,280,294,1,-1,-1
258,14,740,244,280,294,1,-1,-1
259,14,740,244,280,294,1,-1,-1
260,14,740,245,280,293,1,-1,-1
261,14,740,245,280,293,1,-1,-1
1,15,700,106,322,86,1,-1,-1
2,15,700,106,322,85,1,-1,-1
3,15,700,106,322,85,1,-1,-1
4,15,700,106,322,85,1,-1,-1
5,15,700,106,322,85,1,-1,-1
6,15,700,106,322,85,1,-1,-1
7,15,700,106,322,85,1,-1,-1
8,15,700,106,322,85,1,-1,-1
9,15,700,106,322,85,1,-1,-1
10,15,700,106,322,85,1,-1,-1
11,15,700,106,322,85,1,-1,-1
12,15,700,106,322,85,1,-1,-1
13,15,700,106,322,85,1,-1,-1
14,15,700,106,322,85,1,-1,-1
15,15,700,106,322,85,1,-1,-1
16,15,700,106,322,85,1,-1,-1
17,15,700,106,322,85,1,-1,-1
18,15,700,106,322,85,1,-1,-1
19,15,700,106,322,85,1,-1,-1
20,15,700,106,322,85,1,-1,-1
21,15,700,106,322,85,1,-1,-1
22,15,700,106,322,85,1,-1,-1
23,15,700,106,322,85,1,-1,-1
24,15,700,106,322,85,1,-1,-1
25,15,700,106,322,85,1,-1,-1
26,15,700,106,322,85,1,-1,-1
27,15,700,106,322,85,1,-1,-1
28,15,700,106,322,85,1,-1,-1
29,15,700,106,322,85,1,-1,-1
30,15,700,106,322,85,1,-1,-1
31,15,700,106,322,85,1,-1,-1
32,15,700,106,322,85,1,-1,-1
33,15,700,106,322,85,1,-1,-1
34,15,700,106,322,85,1,-1,-1
35,15,700,106,322,85,1,-1,-1
36,15,700,106,322,85,1,-1,-1
37,15,700,106,322,85,1,-1,-1
38,15,700,106,322,85,1,-1,-1
39,15,700,106,322,85,1,-1,-1
40,15,700,106,322,85,1,-1,-1
41,15,700,106,322,85,1,-1,-1
42,15,700,106,322,85,1,-1,-1
43,15,700,106,322,85,1,-1,-1
44,15,700,106,322,85,1,-1,-1
45,15,700,106,322,85,1,-1,-1
46,15,700,106,322,85,1,-1,-1
47,15,700,106,322,85,1,-1,-1
48,15,700,106,322,85,1,-1,-1
49,15,700,106,322,85,1,-1,-1
50,15,700,106,322,85,1,-1,-1
51,15,700,106,322,85,1,-1,-1
52,15,700,106,322,84,1,-1,-1
53,15,700,106,322,84,1,-1,-1
54,15,700,106,322,84,1,-1,-1
55,15,700,106,322,84,1,-1,-1
56,15,700,106,322,84,1,-1,-1
57,15,700,106,322,84,1,-1,-1
58,15,700,106,322,84,1,-1,-1
59,15,700,106,322,84,1,-1,-1
60,15,700,106,322,84,1,-1,-1
61,15,700,106,322,84,1,-1,-1
62,15,700,106,322,84,1,-1,-1
63,15,700,106,322,84,1,-1,-1
64,15,700,106,322,84,1,-1,-1
65,15,701,106,321,84,1,-1,-1
66,15,701,106,321,84,1,-1,-1
67,15,701,106,321,84,1,-1,-1
68,15,701,106,321,84,1,-1,-1
69,15,701,106,321,84,1,-1,-1
70,15,701,106,321,84,1,-1,-1
71,15,701,106,321,84,1,-1,-1
72,15,701,106,321,84,1,-1,-1
73,15,701,106,321,84,1,-1,-1
74,15,701,106,321,84,1,-1,-1
75,15,701,106,321,84,1,-1,-1
76,15,701,106,321,84,1,-1,-1
77,15,701,106,321,84,1,-1,-1
78,15,702,106,320,84,1,-1,-1
79,15,702,106,320,84,1,-1,-1
80,15,702,106,320,84,1,-1,-1
81,15,702,106,320,84,1,-1,-1
82,15,702,106,320,84,1,-1,-1
83,15,702,106,320,84,1,-1,-1
84,15,702,106,320,84,1,-1,-1
85,15,702,106,320,84,1,-1,-1
86,15,702,106,320,84,1,-1,-1
87,15,702,106,320,84,1,-1,-1
88,15,702,106,320,84,1,-1,-1
89,15,702,106,320,84,1,-1,-1
90,15,702,106,320,84,1,-1,-1
91,15,703,106,319,84,1,-1,-1
92,15,703,106,319,84,1,-1,-1
93,15,703,106,319,84,1,-1,-1
94,15,703,106,319,84,1,-1,-1
95,15,703,106,319,84,1,-1,-1
96,15,703,106,319,84,1,-1,-1
97,15,703,106,319,84,1,-1,-1
98,15,703,106,319,84,1,-1,-1
99,15,703,106,319,84,1,-1,-1
100,15,703,106,319,84,1,-1,-1
101,15,703,106,319,84,1,-1,-1
102,15,703,106,319,84,1,-1,-1
103,15,703,106,319,84,1,-1,-1
104,15,703,106,319,84,1,-1,-1
105,15,703,106,319,84,1,-1,-1
106,15,703,106,319,84,1,-1,-1
107,15,703,106,319,84,1,-1,-1
108,15,703,106,319,84,1,-1,-1
109,15,703,106,319,84,1,-1,-1
110,15,703,106,319,84,1,-1,-1
111,15,703,106,319,84,1,-1,-1
112,15,703,106,319,84,1,-1,-1
113,15,703,106,319,84,1,-1,-1
114,15,703,106,319,84,1,-1,-1
115,15,703,106,319,84,1,-1,-1
116,15,703,106,319,84,1,-1,-1
117,15,703,106,319,84,1,-1,-1
118,15,703,106,319,84,1,-1,-1
119,15,703,106,319,84,1,-1,-1
120,15,703,106,319,84,1,-1,-1
121,15,703,106,319,84,1,-1,-1
122,15,703,106,318,84,1,-1,-1
123,15,703,107,318,84,1,-1,-1
124,15,703,107,318,84,1,-1,-1
125,15,703,108,318,84,1,-1,-1
126,15,703,109,318,83,1,-1,-1
127,15,703,109,318,84,1,-1,-1
128,15,703,110,318,83,1,-1,-1
129,15,703,110,318,84,1,-1,-1
130,15,703,111,318,83,1,-1,-1
131,15,703,112,318,83,1,-1,-1
132,15,703,111,318,83,1,-1,-1
133,15,703,111,318,83,1,-1,-1
134,15,703,111,318,83,1,-1,-1
135,15,703,111,318,83,1,-1,-1
136,15,704,111,317,83,1,-1,-1
137,15,704,111,317,83,1,-1,-1
138,15,704,111,317,83,1,-1,-1
139,15,704,111,317,83,1,-1,-1
140,15,704,111,317,83,1,-1,-1
141,15,705,111,316,83,1,-1,-1
142,15,705,110,316,83,1,-1,-1
143,15,705,110,316,83,1,-1,-1
144,15,705,110,316,83,1,-1,-1
145,15,705,110,316,83,1,-1,-1
146,15,706,110,315,83,1,-1,-1
147,15,706,110,315,83,1,-1,-1
148,15,706,110,315,83,1,-1,-1
149,15,706,110,315,83,1,-1,-1
150,15,706,110,315,83,1,-1,-1
151,15,707,110,314,83,1,-1,-1
152,15,706,109,315,83,1,-1,-1
153,15,706,109,315,83,1,-1,-1
154,15,706,109,315,83,1,-1,-1
155,15,705,109,316,83,1,-1,-1
156,15,705,109,316,83,1,-1,-1
157,15,705,109,316,83,1,-1,-1
158,15,704,109,317,83,1,-1,-1
159,15,704,109,317,83,1,-1,-1
160,15,704,109,317,83,1,-1,-1
161,15,704,109,317,83,1,-1,-1
162,15,704,108,317,83,1,-1,-1
163,15,705,108,316,83,1,-1,-1
164,15,705,108,316,83,1,-1,-1
165,15,706,108,315,83,1,-1,-1
166,15,706,108,316,83,1,-1,-1
167,15,707,108,315,83,1,-1,-1
168,15,707,108,315,83,1,-1,-1
169,15,708,108,314,83,1,-1,-1
170,15,708,108,314,83,1,-1,-1
171,15,709,108,314,83,1,-1,-1
172,15,708,107,314,84,1,-1,-1
173,15,708,107,314,84,1,-1,-1
174,15,708,107,314,84,1,-1,-1
175,15,708,107,314,84,1,-1,-1
176,15,708,107,314,84,1,-1,-1
177,15,707,107,315,84,1,-1,-1
178,15,707,107,315,84,1,-1,-1
179,15,707,107,315,84,1,-1,-1
180,15,707,107,315,84,1,-1,-1
181,15,707,107,315,84,1,-1,-1
182,15,707,106,315,84,1,-1,-1
183,15,707,106,315,84,1,-1,-1
184,15,707,106,315,84,1,-1,-1
185,15,708,106,314,84,1,-1,-1
186,15,708,106,314,84,1,-1,-1
187,15,708,106,314,84,1,-1,-1
188,15,709,106,313,84,1,-1,-1
189,15,709,106,313,84,1,-1,-1
190,15,709,106,313,84,1,-1,-1
191,15,710,106,312,84,1,-1,-1
192,15,710,106,311,84,1,-1,-1
193,15,710,106,311,84,1,-1,-1
194,15,710,106,311,84,1,-1,-1
195,15,710,106,311,84,1,-1,-1
196,15,710,106,311,84,1,-1,-1
197,15,710,106,311,84,1,-1,-1
198,15,710,106,311,84,1,-1,-1
199,15,710,106,311,84,1,-1,-1
200,15,710,106,311,84,1,-1,-1
201,15,711,106,310,84,1,-1,-1
202,15,710,106,311,84,1,-1,-1
203,15,710,106,311,84,1,-1,-1
204,15,710,106,311,84,1,-1,-1
205,15,710,106,311,84,1,-1,-1
206,15,710,106,311,84,1,-1,-1
207,15,710,106,311,84,1,-1,-1
208,15,710,106,311,84,1,-1,-1
209,15,710,106,311,84,1,-1,-1
210,15,710,106,311,84,1,-1,-1
211,15,710,106,312,85,1,-1,-1
212,15,709,105,313,85,1,-1,-1
213,15,709,105,313,85,1,-1,-1
214,15,709,105,313,85,1,-1,-1
215,15,709,105,313,84,1,-1,-1
216,15,709,105,313,84,1,-1,-1
217,15,708,104,314,85,1,-1,-1
218,15,708,104,314,84,1,-1,-1
219,15,708,104,314,84,1,-1,-1
220,15,708,104,314,84,1,-1,-1
221,15,708,104,314,84,1,-1,-1
222,15,707,103,314,84,1,-1,-1
223,15,706,103,315,84,1,-1,-1
224,15,706,103,315,84,1,-1,-1
225,15,705,103,315,84,1,-1,-1
226,15,705,103,315,84,1,-1,-1
227,15,704,102,316,84,1,-1,-1
228,15,703,102,316,84,1,-1,-1
229,15,703,102,316,84,1,-1,-1
230,15,702,102,317,84,1,-1,-1
231,15,702,102,317,84,1,-1,-1
232,15,701,101,318,84,1,-1,-1
233,15,701,101,318,84,1,-1,-1
234,15,701,101,318,84,1,-1,-1
235,15,701,101,318,84,1,-1,-1
236,15,701,101,318,84,1,-1,-1
237,15,700,101,319,84,1,-1,-1
238,15,700,101,319,84,1,-1,-1
239,15,700,101,319,84,1,-1,-1
240,15,700,101,319,84,1,-1,-1
241,15,700,101,319,84,1,-1,-1
242,15,699,101,320,84,1,-1,-1
243,15,699,101,320,84,1,-1,-1
244,15,699,101,320,84,1,-1,-1
245,15,698,101,321,84,1,-1,-1
246,15,698,102,322,84,1,-1,-1
247,15,698,102,322,84,1,-1,-1
248,15,697,102,323,84,1,-1,-1
249,15,697,102,323,84,1,-1,-1
250,15,697,102,323,84,1,-1,-1
251,15,697,103,324,84,1,-1,-1
252,15,696,102,324,84,1,-1,-1
253,15,696,102,324,84,1,-1,-1
254,15,696,102,324,84,1,-1,-1
255,15,696,102,324,84,1,-1,-1
256,15,696,102,324,84,1,-1,-1
257,15,696,102,324,84,1,-1,-1
258,15,696,102,324,84,1,-1,-1
259,15,696,102,324,84,1,-1,-1
260,15,696,102,324,84,1,-1,-1
261,15,696,102,324,84,1,-1,-1
262,15,695,102,325,84,1,-1,-1
263,15,695,102,325,84,1,-1,-1
264,15,694,103,326,84,1,-1,-1
265,15,694,103,326,84,1,-1,-1
266,15,694,104,326,84,1,-1,-1
267,15,693,104,327,84,1,-1,-1
268,15,693,104,327,84,1,-1,-1
269,15,692,105,328,84,1,-1,-1
270,15,692,105,328,84,1,-1,-1
271,15,692,106,329,84,1,-1,-1
272,15,691,105,329,85,1,-1,-1
273,15,690,105,330,85,1,-1,-1
274,15,690,104,330,86,1,-1,-1
275,15,689,104,330,86,1,-1,-1
276,15,689,104,330,86,1,-1,-1
277,15,688,103,331,87,1,-1,-1
278,15,687,103,331,87,1,-1,-1
279,15,687,102,331,88,1,-1,-1
280,15,686,102,332,88,1,-1,-1
281,15,686,102,332,88,1,-1,-1
282,15,685,101,333,89,1,-1,-1
283,15,685,101,333,89,1,-1,-1
284,15,684,101,335,89,1,-1,-1
285,15,684,100,335,90,1,-1,-1
286,15,684,100,336,91,1,-1,-1
287,15,683,100,337,91,1,-1,-1
288,15,683,99,337,92,1,-1,-1
289,15,682,99,339,92,1,-1,-1
290,15,682,99,339,92,1,-1,-1
291,15,682,99,340,93,1,-1,-1
292,15,682,99,339,93,1,-1,-1
293,15,682,99,339,93,1,-1,-1
294,15,682,99,339,93,1,-1,-1
295,15,682,99,339,93,1,-1,-1
296,15,682,99,339,93,1,-1,-1
297,15,682,99,338,93,1,-1,-1
298,15,682,99,338,93,1,-1,-1
299,15,682,99,338,93,1,-1,-1
300,15,682,99,338,93,1,-1,-1
301,15,682,99,338,93,1,-1,-1
302,15,683,99,336,94,1,-1,-1
303,15,683,99,336,94,1,-1,-1
304,15,683,99,336,94,1,-1,-1
305,15,683,99,336,94,1,-1,-1
306,15,683,99,336,94,1,-1,-1
307,15,683,100,335,93,1,-1,-1
308,15,683,100,335,93,1,-1,-1
309,15,683,100,335,93,1,-1,-1
310,15,683,100,335,93,1,-1,-1
311,15,683,100,335,93,1,-1,-1
312,15,684,100,333,94,1,-1,-1
313,15,684,100,333,94,1,-1,-1
314,15,684,100,333,94,1,-1,-1
315,15,684,100,333,94,1,-1,-1
316,15,684,100,333,94,1,-1,-1
317,15,684,100,332,94,1,-1,-1
318,15,684,100,332,94,1,-1,-1
319,15,684,100,332,94,1,-1,-1
320,15,684,100,332,94,1,-1,-1
321,15,684,100,332,94,1,-1,-1
322,15,685,101,331,94,1,-1,-1
301,26,680,155,187,92,1,-1,-1
302,26,680,155,187,92,1,-1,-1
303,26,680,155,187,92,1,-1,-1
304,26,680,155,187,92,1,-1,-1
305,26,680,155,187,92,1,-1,-1
306,26,681,155,187,92,1,-1,-1
307,26,681,156,187,92,1,-1,-1
308,26,681,156,187,92,1,-1,-1
309,26,681,156,187,92,1,-1,-1
310,26,681,156,187,92,1,-1,-1
311,26,682,156,187,92,1,-1,-1
312,26,682,157,187,92,1,-1,-1
313,26,682,157,187,92,1,-1,-1
314,26,682,157,187,92,1,-1,-1
315,26,683,157,187,92,1,-1,-1
316,26,683,157,187,92,1,-1,-1
317,26,683,157,187,92,1,-1,-1
318,26,683,158,187,92,1,-1,-1
319,26,683,158,187,92,1,-1,-1
320,26,684,158,187,92,1,-1,-1
321,26,684,158,187,92,1,-1,-1
322,26,684,158,187,92,1,-1,-1
323,26,684,159,187,92,1,-1,-1
324,26,684,159,187,92,1,-1,-1
325,26,685,159,187,92,1,-1,-1
326,26,685,159,187,92,1,-1,-1
327,26,685,159,187,92,1,-1,-1
328,26,685,159,187,92,1,-1,-1
329,26,686,160,187,92,1,-1,-1
330,26,686,160,187,92,1,-1,-1
331,26,686,160,187,92,1,-1,-1
332,26,686,160,187,92,1,-1,-1
333,26,686,160,187,92,1,-1,-1
334,26,687,161,187,92,1,-1,-1
335,26,687,161,187,92,1,-1,-1
336,26,687,161,187,92,1,-1,-1
337,26,687,161,187,92,1,-1,-1
338,26,688,161,187,92,1,-1,-1
339,26,688,161,187,92,1,-1,-1
340,26,688,162,187,92,1,-1,-1
341,26,688,162,187,92,1,-1,-1
342,26,688,162,187,92,1,-1,-1
343,26,689,162,187,92,1,-1,-1
344,26,689,162,187,92,1,-1,-1
345,26,689,163,187,92,1,-1,-1
346,26,689,163,187,92,1,-1,-1
347,26,689,163,187,92,1,-1,-1
348,26,690,163,187,92,1,-1,-1
349,26,690,163,187,92,1,-1,-1
350,26,690,163,187,92,1,-1,-1
351,26,690,164,187,92,1,-1,-1
352,26,691,164,187,92,1,-1,-1
353,26,691,164,187,92,1,-1,-1
354,26,691,164,187,92,1,-1,-1
355,26,691,164,187,92,1,-1,-1
356,26,691,165,187,92,1,-1,-1
357,26,692,165,187,92,1,-1,-1
358,26,692,165,187,92,1,-1,-1
359,26,692,165,187,92,1,-1,-1
360,26,692,165,187,92,1,-1,-1
361,26,693,166,187,92,1,-1,-1
362,26,693,166,187,91,1,-1,-1
363,26,693,166,187,91,1,-1,-1
364,26,693,166,187,91,1,-1,-1
365,26,693,166,187,91,1,-1,-1
366,26,693,166,187,91,1,-1,-1
367,26,693,166,187,91,1,-1,-1
368,26,694,167,186,90,1,-1,-1
369,26,694,167,187,90,1,-1,-1
370,26,694,167,187,90,1,-1,-1
371,26,694,167,187,89,1,-1,-1
372,26,694,167,187,89,1,-1,-1
373,26,694,167,187,89,1,-1,-1
374,26,694,167,187,89,1,-1,-1
375,26,695,168,186,88,1,-1,-1
376,26,695,168,187,88,1,-1,-1
377,26,695,168,187,88,1,-1,-1
378,26,695,168,187,88,1,-1,-1
379,26,695,168,187,88,1,-1,-1
380,26,695,168,187,87,1,-1,-1
381,26,695,168,187,87,1,-1,-1
382,26,696,169,186,86,1,-1,-1
383,26,696,169,187,86,1,-1,-1
384,26,696,169,187,86,1,-1,-1
385,26,696,169,187,86,1,-1,-1
386,26,696,169,187,86,1,-1,-1
387,26,696,169,187,86,1,-1,-1
388,26,696,169,187,86,1,-1,-1
389,26,697,170,186,84,1,-1,-1
390,26,697,170,186,84,1,-1,-1
391,26,697,170,187,84,1,-1,-1
392,26,697,170,187,84,1,-1,-1
393,26,697,170,187,84,1,-1,-1
394,26,697,170,187,84,1,-1,-1
395,26,697,170,187,84,1,-1,-1
396,26,698,171,186,83,1,-1,-1
397,26,698,171,186,83,1,-1,-1
398,26,698,171,187,82,1,-1,-1
399,26,698,171,187,82,1,-1,-1
400,26,698,171,187,82,1,-1,-1
401,26,698,171,187,82,1,-1,-1
402,26,698,171,187,82,1,-1,-1
403,26,699,172,186,81,1,-1,-1
404,26,699,172,186,81,1,-1,-1
405,26,699,172,187,81,1,-1,-1
406,26,699,172,187,81,1,-1,-1
407,26,699,172,187,80,1,-1,-1
408,26,699,172,187,80,1,-1,-1
409,26,699,172,187,80,1,-1,-1
410,26,700,173,186,79,1,-1,-1
411,26,700,173,186,79,1,-1,-1
412,26,700,173,186,79,1,-1,-1
413,26,700,173,187,79,1,-1,-1
414,26,700,173,187,79,1,-1,-1
415,26,700,173,187,79,1,-1,-1
416,26,701,174,186,78,1,-1,-1
417,26,701,174,186,77,1,-1,-1
418,26,701,174,186,77,1,-1,-1
419,26,701,174,186,77,1,-1,-1
420,26,701,174,187,77,1,-1,-1
421,26,701,174,187,77,1,-1,-1
422,26,701,174,187,77,1,-1,-1
423,26,702,175,186,76,1,-1,-1
424,26,702,175,186,76,1,-1,-1
425,26,702,175,186,76,1,-1,-1
426,26,702,175,186,75,1,-1,-1
427,26,702,175,187,75,1,-1,-1
428,26,702,175,187,75,1,-1,-1
429,26,702,175,187,75,1,-1,-1
430,26,703,176,186,74,1,-1,-1
431,26,703,176,186,74,1,-1,-1
432,26,703,176,186,74,1,-1,-1
433,26,703,176,186,74,1,-1,-1
434,26,703,176,186,74,1,-1,-1
435,26,703,176,187,73,1,-1,-1
436,26,703,176,187,73,1,-1,-1
437,26,704,177,186,72,1,-1,-1
438,26,704,177,186,72,1,-1,-1
439,26,704,177,186,72,1,-1,-1
440,26,704,177,186,72,1,-1,-1
441,26,704,177,186,72,1,-1,-1
442,26,704,177,187,72,1,-1,-1
443,26,704,177,187,72,1,-1,-1
444,26,705,178,186,70,1,-1,-1
445,26,705,178,186,70,1,-1,-1
446,26,705,178,186,70,1,-1,-1
447,26,705,178,186,70,1,-1,-1
448,26,705,178,186,70,1,-1,-1
449,26,705,178,187,70,1,-1,-1
450,26,705,178,187,70,1,-1,-1
451,26,706,179,186,69,1,-1,-1
452,26,706,179,186,69,1,-1,-1
453,26,706,179,186,68,1,-1,-1
454,26,706,179,186,68,1,-1,-1
455,26,706,179,186,68,1,-1,-1
456,26,706,179,186,68,1,-1,-1
457,26,706,179,187,68,1,-1,-1
458,26,707,180,186,67,1,-1,-1
459,26,707,180,186,67,1,-1,-1
460,26,707,180,186,67,1,-1,-1
461,26,707,180,186,67,1,-1,-1
462,26,707,180,186,66,1,-1,-1
463,26,707,180,186,66,1,-1,-1
464,26,707,180,187,66,1,-1,-1
465,26,708,181,186,65,1,-1,-1
466,26,708,181,186,65,1,-1,-1
467,26,708,181,186,65,1,-1,-1
468,26,708,181,186,65,1,-1,-1
469,26,708,181,186,65,1,-1,-1
470,26,708,181,186,65,1,-1,-1
471,26,709,182,186,64,1,-1,-1
472,26,709,182,185,62,1,-1,-1
473,26,709,182,185,61,1,-1,-1
474,26,709,182,185,60,1,-1,-1
475,26,709,182,185,59,1,-1,-1
476,26,709,182,185,58,1,-1,-1
477,26,709,182,185,56,1,-1,-1
478,26,709,182,185,55,1,-1,-1
479,26,709,182,185,54,1,-1,-1
480,26,709,182,185,53,1,-1,-1
481,26,710,183,184,51,1,-1,-1
482,26,709,182,184,50,1,-1,-1
483,26,708,182,184,49,1,-1,-1
484,26,707,182,184,47,1,-1,-1
485,26,706,182,184,46,1,-1,-1
486,26,706,182,184,45,1,-1,-1
487,26,705,182,184,43,1,-1,-1
488,26,704,182,184,42,1,-1,-1
489,26,703,182,184,40,1,-1,-1
490,26,702,182,184,39,1,-1,-1
491,26,702,182,184,38,1,-1,-1
492,26,702,182,184,38,1,-1,-1
493,26,702,182,184,38,1,-1,-1
494,26,702,182,184,39,1,-1,-1
495,26,702,182,184,39,1,-1,-1
496,26,703,182,184,40,1,-1,-1
497,26,703,182,184,40,1,-1,-1
498,26,703,183,184,40,1,-1,-1
499,26,703,183,184,40,1,-1,-1
500,26,703,183,184,41,1,-1,-1
501,26,704,183,184,41,1,-1,-1
502,26,704,183,184,41,1,-1,-1
503,26,704,183,184,42,1,-1,-1
504,26,704,183,184,42,1,-1,-1
505,26,704,184,184,42,1,-1,-1
506,26,705,184,184,42,1,-1,-1
507,26,705,184,184,43,1,-1,-1
508,26,705,184,184,43,1,-1,-1
509,26,705,184,184,44,1,-1,-1
510,26,705,184,184,44,1,-1,-1
511,26,706,185,184,44,1,-1,-1
512,26,706,185,184,44,1,-1,-1
513,26,706,185,184,44,1,-1,-1
514,26,706,185,184,44,1,-1,-1
515,26,706,185,184,44,1,-1,-1
516,26,707,185,184,44,1,-1,-1
517,26,707,185,184,44,1,-1,-1
518,26,707,185,184,44,1,-1,-1
519,26,707,185,184,44,1,-1,-1
520,26,707,185,184,44,1,-1,-1
521,26,708,186,184,44,1,-1,-1
522,26,708,186,184,44,1,-1,-1
523,26,708,186,184,44,1,-1,-1
524,26,708,186,184,44,1,-1,-1
525,26,708,186,184,44,1,-1,-1
526,26,709,187,183,44,1,-1,-1
527,26,709,187,183,44,1,-1,-1
528,26,709,187,183,44,1,-1,-1
529,26,709,187,183,44,1,-1,-1
530,26,709,187,183,44,1,-1,-1
531,26,710,188,183,44,1,-1,-1
532,26,710,188,183,44,1,-1,-1
533,26,710,188,183,44,1,-1,-1
534,26,710,188,183,44,1,-1,-1
535,26,710,188,184,44,1,-1,-1
536,26,711,189,183,43,1,-1,-1
537,26,711,189,183,43,1,-1,-1
538,26,711,189,184,43,1,-1,-1
539,26,711,189,184,43,1,-1,-1
540,26,711,189,184,43,1,-1,-1
541,26,712,190,184,42,1,-1,-1
542,26,712,190,184,42,1,-1,-1
543,26,712,190,184,42,1,-1,-1
544,26,712,190,184,42,1,-1,-1
545,26,712,190,184,43,1,-1,-1
546,26,713,191,183,42,1,-1,-1
547,26,713,191,183,42,1,-1,-1
548,26,713,191,183,43,1,-1,-1
549,26,713,191,183,43,1,-1,-1
550,26,713,191,183,43,1,-1,-1
551,26,714,192,183,43,1,-1,-1
552,26,714,192,183,43,1,-1,-1
553,26,714,192,183,43,1,-1,-1
554,26,714,192,183,43,1,-1,-1
555,26,714,192,184,44,1,-1,-1
556,26,715,193,183,43,1,-1,-1
557,26,715,193,183,43,1,-1,-1
558,26,715,193,184,44,1,-1,-1
559,26,715,193,184,44,1,-1,-1
560,26,715,193,184,44,1,-1,-1
561,26,716,194,184,44,1,-1,-1
562,26,716,194,184,44,1,-1,-1
563,26,716,194,184,44,1,-1,-1
564,26,716,194,184,44,1,-1,-1
565,26,716,194,184,44,1,-1,-1
566,26,717,195,184,43,1,-1,-1
567,26,717,195,184,43,1,-1,-1
568,26,717,195,184,43,1,-1,-1
569,26,717,195,184,43,1,-1,-1
570,26,717,195,184,43,1,-1,-1
571,26,718,196,184,43,1,-1,-1
572,26,718,196,184,43,1,-1,-1
573,26,718,196,184,43,1,-1,-1
574,26,718,196,184,43,1,-1,-1
575,26,719,196,183,43,1,-1,-1
576,26,719,197,184,42,1,-1,-1
577,26,719,197,184,42,1,-1,-1
578,26,720,197,183,42,1,-1,-1
579,26,720,197,183,42,1,-1,-1
580,26,720,197,183,42,1,-1,-1
581,26,721,198,183,42,1,-1,-1
582,26,721,198,183,42,1,-1,-1
583,26,721,198,183,42,1,-1,-1
584,26,721,198,183,42,1,-1,-1
585,26,722,198,183,42,1,-1,-1
586,26,722,199,183,42,1,-1,-1
587,26,722,199,183,42,1,-1,-1
588,26,723,199,183,42,1,-1,-1
589,26,723,199,183,42,1,-1,-1
590,26,723,199,183,42,1,-1,-1
591,26,724,200,183,42,1,-1,-1
592,26,724,200,183,42,1,-1,-1
593,26,724,200,183,42,1,-1,-1
594,26,724,200,184,43,1,-1,-1
595,26,725,200,183,43,1,-1,-1
596,26,725,201,184,43,1,-1,-1
597,26,725,201,184,43,1,-1,-1
598,26,726,201,183,43,1,-1,-1
599,26,726,201,184,44,1,-1,-1
600,26,726,201,184,44,1,-1,-1
601,26,727,202,184,44,1,-1,-1
602,26,727,202,184,44,1,-1,-1
603,26,727,202,184,44,1,-1,-1
604,26,727,202,184,45,1,-1,-1
605,26,728,202,184,45,1,-1,-1
606,26,728,203,184,45,1,-1,-1
607,26,728,203,184,45,1,-1,-1
608,26,729,203,184,45,1,-1,-1
609,26,729,203,184,46,1,-1,-1
610,26,729,203,184,46,1,-1,-1
611,26,730,204,184,46,1,-1,-1
612,26,730,204,184,46,1,-1,-1
613,26,730,204,184,46,1,-1,-1
614,26,730,204,184,46,1,-1,-1
615,26,731,204,184,47,1,-1,-1
616,26,731,204,184,47,1,-1,-1
617,26,731,205,184,46,1,-1,-1
618,26,731,205,184,46,1,-1,-1
619,26,732,205,184,47,1,-1,-1
620,26,732,205,184,47,1,-1,-1
621,26,732,205,184,47,1,-1,-1
622,26,733,206,184,47,1,-1,-1
301,32,813,103,209,115,1,-1,-1
302,32,813,103,208,114,1,-1,-1
303,32,813,103,208,114,1,-1,-1
304,32,813,103,208,114,1,-1,-1
305,32,813,103,208,114,1,-1,-1
306,32,814,103,207,114,1,-1,-1
307,32,814,104,207,113,1,-1,-1
308,32,814,104,207,113,1,-1,-1
309,32,814,104,207,113,1,-1,-1
310,32,814,104,207,113,1,-1,-1
311,32,815,104,206,113,1,-1,-1
312,32,815,104,206,112,1,-1,-1
313,32,815,105,206,111,1,-1,-1
314,32,815,105,206,111,1,-1,-1
315,32,816,105,205,111,1,-1,-1
316,32,816,105,205,111,1,-1,-1
317,32,816,105,205,111,1,-1,-1
318,32,816,105,205,111,1,-1,-1
319,32,816,106,205,110,1,-1,-1
320,32,817,106,204,110,1,-1,-1
321,32,817,106,204,110,1,-1,-1
322,32,817,106,203,109,1,-1,-1
323,32,817,106,203,109,1,-1,-1
324,32,818,106,202,109,1,-1,-1
325,32,818,107,202,108,1,-1,-1
326,32,818,107,202,108,1,-1,-1
327,32,818,107,202,108,1,-1,-1
328,32,818,107,202,108,1,-1,-1
329,32,819,107,201,108,1,-1,-1
330,32,819,107,201,108,1,-1,-1
331,32,819,108,201,107,1,-1,-1
332,32,819,108,201,106,1,-1,-1
333,32,820,108,200,106,1,-1,-1
334,32,820,108,200,106,1,-1,-1
335,32,820,108,200,106,1,-1,-1
336,32,820,108,200,106,1,-1,-1
337,32,820,109,200,105,1,-1,-1
338,32,821,109,199,105,1,-1,-1
339,32,821,109,199,105,1,-1,-1
340,32,821,109,199,105,1,-1,-1
341,32,821,109,199,105,1,-1,-1
342,32,822,110,198,104,1,-1,-1
343,32,822,110,198,104,1,-1,-1
344,32,822,110,198,104,1,-1,-1
345,32,822,110,198,104,1,-1,-1
346,32,822,110,198,104,1,-1,-1
347,32,823,110,197,104,1,-1,-1
348,32,823,110,197,104,1,-1,-1
349,32,823,110,197,104,1,-1,-1
350,32,823,110,197,104,1,-1,-1
351,32,823,110,197,104,1,-1,-1
352,32,824,110,196,104,1,-1,-1
353,32,824,110,196,104,1,-1,-1
354,32,824,110,196,104,1,-1,-1
355,32,824,110,196,104,1,-1,-1
356,32,824,110,196,104,1,-1,-1
357,32,825,110,196,104,1,-1,-1
358,32,825,110,196,104,1,-1,-1
359,32,825,110,196,104,1,-1,-1
360,32,825,110,196,104,1,-1,-1
361,32,825,110,196,104,1,-1,-1
362,32,826,110,195,104,1,-1,-1
363,32,826,110,195,104,1,-1,-1
364,32,826,110,195,104,1,-1,-1
365,32,826,110,195,104,1,-1,-1
366,32,826,110,195,104,1,-1,-1
367,32,827,110,194,104,1,-1,-1
368,32,827,110,194,104,1,-1,-1
369,32,827,110,194,104,1,-1,-1
370,32,827,110,194,104,1,-1,-1
371,32,827,110,194,104,1,-1,-1
372,32,828,110,194,104,1,-1,-1
373,32,828,110,194,104,1,-1,-1
374,32,828,110,194,104,1,-1,-1
375,32,828,110,194,104,1,-1,-1
376,32,828,110,194,104,1,-1,-1
377,32,828,110,194,104,1,-1,-1
378,32,828,110,194,104,1,-1,-1
379,32,828,110,194,104,1,-1,-1
380,32,828,110,194,104,1,-1,-1
381,32,828,110,194,104,1,-1,-1
382,32,828,110,194,104,1,-1,-1
383,32,828,110,194,104,1,-1,-1
384,32,829,110,193,104,1,-1,-1
385,32,829,110,193,104,1,-1,-1
386,32,829,110,193,104,1,-1,-1
387,32,829,110,193,104,1,-1,-1
388,32,829,110,193,104,1,-1,-1
389,32,829,110,193,104,1,-1,-1
390,32,829,110,193,104,1,-1,-1
391,32,829,110,193,104,1,-1,-1
392,32,829,110,193,104,1,-1,-1
393,32,829,110,193,104,1,-1,-1
394,32,829,110,193,104,1,-1,-1
395,32,829,110,193,104,1,-1,-1
396,32,830,111,192,104,1,-1,-1
397,32,830,111,192,104,1,-1,-1
398,32,830,111,192,104,1,-1,-1
399,32,830,111,192,104,1,-1,-1
400,32,830,111,192,104,1,-1,-1
401,32,830,111,192,104,1,-1,-1
402,32,830,111,192,104,1,-1,-1
403,32,830,111,192,104,1,-1,-1
404,32,830,111,192,104,1,-1,-1
405,32,830,111,192,104,1,-1,-1
406,32,830,111,192,104,1,-1,-1
407,32,831,111,191,104,1,-1,-1
408,32,831,111,191,104,1,-1,-1
409,32,831,111,191,104,1,-1,-1
410,32,831,111,191,104,1,-1,-1
411,32,831,111,191,104,1,-1,-1
412,32,831,111,191,104,1,-1,-1
413,32,831,111,191,104,1,-1,-1
414,32,831,111,191,104,1,-1,-1
415,32,831,111,191,104,1,-1,-1
416,32,831,111,191,104,1,-1,-1
417,32,831,111,191,104,1,-1,-1
418,32,831,111,191,104,1,-1,-1
419,32,832,112,190,104,1,-1,-1
420,32,832,112,190,104,1,-1,-1
421,32,832,112,190,104,1,-1,-1
422,32,832,112,190,104,1,-1,-1
423,32,832,112,190,104,1,-1,-1
424,32,832,112,190,104,1,-1,-1
425,32,832,112,190,104,1,-1,-1
426,32,832,112,190,104,1,-1,-1
427,32,832,112,190,104,1,-1,-1
428,32,832,112,190,104,1,-1,-1
429,32,832,112,190,104,1,-1,-1
430,32,832,112,190,104,1,-1,-1
431,32,833,112,189,104,1,-1,-1
432,32,833,112,189,104,1,-1,-1
433,32,833,112,189,104,1,-1,-1
434,32,833,112,189,104,1,-1,-1
435,32,833,112,189,104,1,-1,-1
436,32,833,112,189,104,1,-1,-1
437,32,833,112,189,104,1,-1,-1
438,32,833,112,189,104,1,-1,-1
439,32,833,112,189,104,1,-1,-1
440,32,833,112,189,104,1,-1,-1
441,32,833,112,189,104,1,-1,-1
442,32,834,113,188,104,1,-1,-1
443,32,834,113,188,104,1,-1,-1
444,32,834,113,188,104,1,-1,-1
445,32,834,113,188,104,1,-1,-1
446,32,834,113,188,104,1,-1,-1
447,32,835,113,187,104,1,-1,-1
448,32,835,113,187,104,1,-1,-1
449,32,835,113,187,104,1,-1,-1
450,32,835,114,187,104,1,-1,-1
451,32,836,114,186,104,1,-1,-1
452,32,836,114,186,104,1,-1,-1
453,32,836,114,186,104,1,-1,-1
454,32,836,114,186,104,1,-1,-1
455,32,837,114,185,104,1,-1,-1
456,32,837,114,185,104,1,-1,-1
457,32,837,115,185,104,1,-1,-1
458,32,837,115,185,104,1,-1,-1
459,32,837,115,185,104,1,-1,-1
460,32,838,115,184,104,1,-1,-1
461,32,838,115,184,104,1,-1,-1
462,32,838,115,184,104,1,-1,-1
463,32,838,115,184,104,1,-1,-1
464,32,839,115,183,104,1,-1,-1
465,32,839,116,183,104,1,-1,-1
466,32,839,116,183,104,1,-1,-1
467,32,839,116,183,104,1,-1,-1
468,32,840,116,182,104,1,-1,-1
469,32,840,116,182,104,1,-1,-1
470,32,840,116,182,104,1,-1,-1
471,32,840,116,182,104,1,-1,-1
472,32,841,117,181,104,1,-1,-1
473,32,841,117,180,104,1,-1,-1
474,32,841,117,180,104,1,-1,-1
475,32,842,117,179,104,1,-1,-1
476,32,842,118,179,103,1,-1,-1
477,32,843,118,178,103,1,-1,-1
478,32,843,118,178,103,1,-1,-1
479,32,844,119,177,102,1,-1,-1
480,32,844,119,177,102,1,-1,-1
481,32,845,119,176,102,1,-1,-1
482,32,845,120,176,101,1,-1,-1
483,32,845,120,176,101,1,-1,-1
484,32,846,120,175,101,1,-1,-1
485,32,846,120,175,101,1,-1,-1
486,32,847,121,174,100,1,-1,-1
487,32,847,121,174,100,1,-1,-1
488,32,848,121,173,100,1,-1,-1
489,32,848,122,173,99,1,-1,-1
490,32,849,122,172,99,1,-1,-1
491,32,849,122,172,99,1,-1,-1
492,32,850,123,171,99,1,-1,-1
493,32,850,123,171,99,1,-1,-1
494,32,850,123,171,99,1,-1,-1
495,32,850,123,171,99,1,-1,-1
496,32,851,123,170,99,1,-1,-1
497,32,851,123,170,99,1,-1,-1
498,32,851,124,170,99,1,-1,-1
499,32,851,124,170,99,1,-1,-1
500,32,852,124,169,99,1,-1,-1
501,32,852,124,169,99,1,-1,-1
502,32,852,124,169,99,1,-1,-1
503,32,852,124,169,99,1,-1,-1
504,32,853,125,168,99,1,-1,-1
505,32,853,125,168,99,1,-1,-1
506,32,853,125,168,99,1,-1,-1
507,32,853,125,168,99,1,-1,-1
508,32,854,125,167,99,1,-1,-1
509,32,854,125,167,99,1,-1,-1
510,32,854,126,167,99,1,-1,-1
511,32,854,126,167,99,1,-1,-1
512,32,855,126,166,99,1,-1,-1
513,32,855,126,166,99,1,-1,-1
514,32,855,126,166,99,1,-1,-1
515,32,855,127,166,99,1,-1,-1
516,32,856,127,165,99,1,-1,-1
517,32,856,127,165,99,1,-1,-1
518,32,856,127,165,99,1,-1,-1
519,32,856,127,165,99,1,-1,-1
520,32,857,127,164,99,1,-1,-1
521,32,857,128,164,99,1,-1,-1
522,32,857,128,164,99,1,-1,-1
523,32,857,128,164,99,1,-1,-1
524,32,858,128,163,99,1,-1,-1
525,32,858,128,163,99,1,-1,-1
526,32,858,128,163,99,1,-1,-1
527,32,858,129,163,99,1,-1,-1
528,32,859,129,162,99,1,-1,-1
529,32,859,129,162,99,1,-1,-1
530,32,859,129,162,99,1,-1,-1
531,32,859,129,162,99,1,-1,-1
532,32,860,130,162,99,1,-1,-1
533,32,860,130,162,99,1,-1,-1
534,32,861,130,161,99,1,-1,-1
535,32,862,130,160,99,1,-1,-1
536,32,862,130,160,99,1,-1,-1
537,32,863,130,159,99,1,-1,-1
538,32,864,130,158,99,1,-1,-1
539,32,864,130,158,99,1,-1,-1
540,32,865,130,157,99,1,-1,-1
541,32,866,130,156,99,1,-1,-1
542,32,867,130,155,99,1,-1,-1
543,32,867,130,155,99,1,-1,-1
544,32,868,130,154,99,1,-1,-1
545,32,869,130,153,99,1,-1,-1
546,32,869,130,153,99,1,-1,-1
547,32,870,130,152,99,1,-1,-1
548,32,871,130,151,99,1,-1,-1
549,32,871,130,151,99,1,-1,-1
550,32,872,130,150,99,1,-1,-1
551,32,873,130,149,99,1,-1,-1
552,32,874,131,148,99,1,-1,-1
553,32,874,131,148,99,1,-1,-1
554,32,875,131,147,99,1,-1,-1
555,32,875,131,147,99,1,-1,-1
556,32,876,131,146,99,1,-1,-1
557,32,877,132,145,99,1,-1,-1
558,32,877,132,145,99,1,-1,-1
559,32,878,132,144,99,1,-1,-1
560,32,878,132,144,99,1,-1,-1
561,32,879,132,143,99,1,-1,-1
562,32,880,133,142,99,1,-1,-1
563,32,880,133,142,99,1,-1,-1
564,32,880,133,142,99,1,-1,-1
565,32,880,133,142,99,1,-1,-1
566,32,881,133,141,99,1,-1,-1
567,32,881,133,141,99,1,-1,-1
568,32,881,133,141,99,1,-1,-1
569,32,882,133,140,99,1,-1,-1
570,32,882,133,140,99,1,-1,-1
571,32,882,133,140,99,1,-1,-1
572,32,883,134,139,99,1,-1,-1
573,32,883,134,139,99,1,-1,-1
574,32,883,134,139,99,1,-1,-1
575,32,883,134,139,99,1,-1,-1
576,32,883,134,139,99,1,-1,-1
577,32,884,134,138,99,1,-1,-1
578,32,884,134,138,99,1,-1,-1
579,32,884,134,138,99,1,-1,-1
580,32,884,134,138,99,1,-1,-1
581,32,884,134,138,99,1,-1,-1
582,32,885,134,137,99,1,-1,-1
583,32,885,134,137,99,1,-1,-1
584,32,885,134,137,99,1,-1,-1
585,32,885,134,137,99,1,-1,-1
586,32,886,134,136,99,1,-1,-1
587,32,886,135,136,99,1,-1,-1
588,32,886,135,136,99,1,-1,-1
589,32,887,135,135,99,1,-1,-1
590,32,887,135,135,99,1,-1,-1
591,32,887,135,135,99,1,-1,-1
592,32,888,136,134,99,1,-1,-1
593,32,888,136,134,99,1,-1,-1
594,32,888,136,134,99,1,-1,-1
595,32,889,136,133,99,1,-1,-1
596,32,889,136,133,99,1,-1,-1
597,32,890,136,132,99,1,-1,-1
598,32,890,136,132,99,1,-1,-1
599,32,890,136,132,99,1,-1,-1
600,32,891,136,131,99,1,-1,-1
601,32,891,136,131,99,1,-1,-1
602,32,892,137,130,99,1,-1,-1
603,32,892,137,130,99,1,-1,-1
604,32,892,137,130,99,1,-1,-1
605,32,893,137,129,99,1,-1,-1
606,32,893,137,129,99,1,-1,-1
607,32,894,138,128,99,1,-1,-1
608,32,894,138,128,99,1,-1,-1
609,32,894,138,128,99,1,-1,-1
610,32,895,138,127,99,1,-1,-1
611,32,895,138,127,99,1,-1,-1
612,32,896,139,126,99,1,-1,-1
613,32,896,138,126,99,1,-1,-1
614,32,896,138,126,99,1,-1,-1
615,32,897,138,125,99,1,-1,-1
616,32,897,138,125,99,1,-1,-1
617,32,898,138,124,99,1,-1,-1
618,32,898,137,124,99,1,-1,-1
619,32,898,137,124,99,1,-1,-1
620,32,899,137,123,99,1,-1,-1
621,32,899,137,123,99,1,-1,-1
622,32,900,137,123,99,1,-1,-1
502,33,769,250,143,138,1,-1,-1
503,33,769,250,143,138,1,-1,-1
504,33,770,250,143,138,1,-1,-1
505,33,771,251,143,138,1,-1,-1
506,33,771,251,143,138,1,-1,-1
507,33,772,251,143,138,1,-1,-1
508,33,773,252,143,138,1,-1,-1
509,33,773,252,143,138,1,-1,-1
510,33,774,252,143,138,1,-1,-1
511,33,775,253,143,138,1,-1,-1
512,33,775,253,144,138,1,-1,-1
513,33,776,254,143,138,1,-1,-1
514,33,777,254,143,138,1,-1,-1
515,33,777,254,144,138,1,-1,-1
516,33,778,255,143,138,1,-1,-1
517,33,779,255,143,138,1,-1,-1
518,33,779,255,144,138,1,-1,-1
519,33,780,256,143,138,1,-1,-1
520,33,781,256,143,138,1,-1,-1
521,33,781,256,144,138,1,-1,-1
522,33,782,257,144,138,1,-1,-1
523,33,783,257,143,138,1,-1,-1
524,33,783,258,144,138,1,-1,-1
525,33,784,258,144,138,1,-1,-1
526,33,785,258,143,138,1,-1,-1
527,33,785,259,144,138,1,-1,-1
528,33,786,259,144,138,1,-1,-1
529,33,787,259,143,138,1,-1,-1
530,33,787,260,144,138,1,-1,-1
531,33,788,260,144,138,1,-1,-1
532,33,789,261,144,138,1,-1,-1
533,33,789,261,144,138,1,-1,-1
534,33,790,261,144,138,1,-1,-1
535,33,791,262,144,138,1,-1,-1
536,33,792,262,144,138,1,-1,-1
537,33,793,263,144,138,1,-1,-1
538,33,793,263,144,138,1,-1,-1
539,33,794,263,144,138,1,-1,-1
540,33,795,264,144,138,1,-1,-1
541,33,796,264,144,138,1,-1,-1
542,33,797,265,144,138,1,-1,-1
543,33,797,265,144,138,1,-1,-1
544,33,798,265,144,138,1,-1,-1
545,33,799,266,144,138,1,-1,-1
546,33,800,266,144,138,1,-1,-1
547,33,801,267,144,138,1,-1,-1
548,33,801,267,144,138,1,-1,-1
549,33,802,267,144,138,1,-1,-1
550,33,803,268,144,138,1,-1,-1
551,33,804,268,144,138,1,-1,-1
552,33,805,269,144,138,1,-1,-1
553,33,805,269,144,138,1,-1,-1
554,33,806,269,144,138,1,-1,-1
555,33,807,269,144,138,1,-1,-1
556,33,808,269,144,138,1,-1,-1
557,33,809,270,144,138,1,-1,-1
558,33,809,270,144,138,1,-1,-1
559,33,810,270,144,138,1,-1,-1
560,33,811,270,144,138,1,-1,-1
561,33,812,270,144,138,1,-1,-1
562,33,813,271,144,138,1,-1,-1
563,33,813,271,144,138,1,-1,-1
564,33,814,271,144,138,1,-1,-1
565,33,815,271,144,138,1,-1,-1
566,33,816,271,144,138,1,-1,-1
567,33,817,271,144,138,1,-1,-1
568,33,817,271,144,138,1,-1,-1
569,33,818,271,144,138,1,-1,-1
570,33,819,271,144,138,1,-1,-1
571,33,820,271,144,138,1,-1,-1
572,33,821,272,144,138,1,-1,-1
573,33,822,273,144,138,1,-1,-1
574,33,823,274,144,138,1,-1,-1
575,33,824,275,144,138,1,-1,-1
576,33,825,276,144,138,1,-1,-1
577,33,826,277,144,138,1,-1,-1
578,33,827,278,144,138,1,-1,-1
579,33,828,279,144,138,1,-1,-1
580,33,829,280,144,138,1,-1,-1
581,33,830,281,144,138,1,-1,-1
582,33,832,282,144,138,1,-1,-1
583,33,832,282,144,138,1,-1,-1
584,33,833,283,144,138,1,-1,-1
585,33,833,283,144,138,1,-1,-1
586,33,834,284,144,138,1,-1,-1
587,33,834,284,144,138,1,-1,-1
588,33,835,285,144,138,1,-1,-1
589,33,835,285,144,138,1,-1,-1
590,33,836,286,144,138,1,-1,-1
591,33,836,286,144,138,1,-1,-1
592,33,837,287,144,138,1,-1,-1
593,33,837,287,144,138,1,-1,-1
594,33,838,288,144,138,1,-1,-1
595,33,838,289,144,138,1,-1,-1
596,33,839,289,144,138,1,-1,-1
597,33,839,290,144,138,1,-1,-1
598,33,840,291,144,138,1,-1,-1
599,33,840,291,144,138,1,-1,-1
600,33,841,292,144,138,1,-1,-1
601,33,841,293,144,138,1,-1,-1
602,33,842,294,144,138,1,-1,-1
603,33,842,294,144,138,1,-1,-1
604,33,842,295,144,138,1,-1,-1
605,33,842,296,144,138,1,-1,-1
606,33,842,296,144,138,1,-1,-1
607,33,843,297,144,138,1,-1,-1
608,33,843,298,144,138,1,-1,-1
609,33,843,298,144,138,1,-1,-1
610,33,843,299,144,138,1,-1,-1
611,33,843,300,144,138,1,-1,-1
612,33,844,301,144,138,1,-1,-1
613,33,844,301,144,138,1,-1,-1
614,33,845,301,144,139,1,-1,-1
615,33,845,301,144,140,1,-1,-1
616,33,846,301,144,141,1,-1,-1
617,33,846,302,144,141,1,-1,-1
618,33,847,302,144,142,1,-1,-1
619,33,847,302,144,143,1,-1,-1
620,33,848,302,144,144,1,-1,-1
621,33,848,302,144,145,1,-1,-1
622,33,849,303,144,145,1,-1,-1
1,40,552,5,174,151,1,-1,-1
2,40,551,5,174,151,1,-1,-1
3,40,551,5,174,151,1,-1,-1
4,40,551,5,174,151,1,-1,-1
5,40,550,5,175,151,1,-1,-1
6,40,550,5,175,151,1,-1,-1
7,40,550,5,175,151,1,-1,-1
8,40,550,5,175,151,1,-1,-1
9,40,549,5,176,151,1,-1,-1
10,40,549,5,176,152,1,-1,-1
11,40,549,5,176,152,1,-1,-1
12,40,548,5,177,152,1,-1,-1
13,40,548,5,177,152,1,-1,-1
14,40,548,5,177,152,1,-1,-1
15,40,548,5,177,152,1,-1,-1
16,40,547,5,178,152,1,-1,-1
17,40,547,5,178,152,1,-1,-1
18,40,547,5,178,152,1,-1,-1
19,40,547,5,178,153,1,-1,-1
20,40,546,5,179,153,1,-1,-1
21,40,546,5,179,153,1,-1,-1
22,40,546,5,179,153,1,-1,-1
23,40,545,5,180,153,1,-1,-1
24,40,545,5,180,153,1,-1,-1
25,40,545,5,180,153,1,-1,-1
26,40,545,5,180,153,1,-1,-1
27,40,544,5,181,154,1,-1,-1
28,40,544,5,181,154,1,-1,-1
29,40,544,5,181,154,1,-1,-1
30,40,543,5,182,154,1,-1,-1
31,40,543,5,182,154,1,-1,-1
32,40,543,5,182,154,1,-1,-1
33,40,543,5,182,154,1,-1,-1
34,40,542,5,183,154,1,-1,-1
35,40,542,5,183,154,1,-1,-1
36,40,542,5,183,155,1,-1,-1
37,40,542,5,183,155,1,-1,-1
38,40,541,5,184,155,1,-1,-1
39,40,541,5,184,155,1,-1,-1
40,40,541,5,184,155,1,-1,-1
41,40,540,5,185,155,1,-1,-1
42,40,540,5,185,155,1,-1,-1
43,40,540,5,185,155,1,-1,-1
44,40,540,5,185,155,1,-1,-1
45,40,539,5,186,156,1,-1,-1
46,40,539,5,186,156,1,-1,-1
47,40,539,5,186,156,1,-1,-1
48,40,538,5,187,156,1,-1,-1
49,40,538,5,187,156,1,-1,-1
50,40,538,5,187,156,1,-1,-1
51,40,538,5,187,156,1,-1,-1
52,40,537,5,188,156,1,-1,-1
53,40,537,5,188,157,1,-1,-1
54,40,537,5,188,157,1,-1,-1
55,40,537,5,188,157,1,-1,-1
56,40,536,5,189,157,1,-1,-1
57,40,536,5,189,157,1,-1,-1
58,40,536,5,189,157,1,-1,-1
59,40,535,5,190,157,1,-1,-1
60,40,535,5,190,157,1,-1,-1
61,40,535,5,190,157,1,-1,-1
62,40,535,5,190,158,1,-1,-1
63,40,534,5,191,158,1,-1,-1
64,40,534,5,191,158,1,-1,-1
65,40,534,5,191,158,1,-1,-1
66,40,534,5,191,158,1,-1,-1
67,40,533,5,192,158,1,-1,-1
68,40,533,5,192,158,1,-1,-1
69,40,533,5,192,158,1,-1,-1
70,40,532,5,193,158,1,-1,-1
71,40,532,5,193,159,1,-1,-1
72,40,532,5,193,159,1,-1,-1
73,40,532,5,193,159,1,-1,-1
74,40,531,5,194,159,1,-1,-1
75,40,531,5,194,159,1,-1,-1
76,40,531,5,194,159,1,-1,-1
77,40,530,5,195,159,1,-1,-1
78,40,530,5,195,159,1,-1,-1
79,40,530,5,195,160,1,-1,-1
80,40,530,5,195,160,1,-1,-1
81,40,529,5,196,160,1,-1,-1
82,40,529,5,196,160,1,-1,-1
83,40,529,5,196,160,1,-1,-1
84,40,529,5,196,160,1,-1,-1
85,40,528,5,197,160,1,-1,-1
86,40,528,5,197,160,1,-1,-1
87,40,528,5,197,160,1,-1,-1
88,40,527,5,198,161,1,-1,-1
89,40,527,5,198,161,1,-1,-1
90,40,527,5,198,161,1,-1,-1
91,40,527,5,198,161,1,-1,-1
92,40,526,5,199,161,1,-1,-1
93,40,526,5,199,161,1,-1,-1
94,40,526,5,199,161,1,-1,-1
95,40,525,5,200,161,1,-1,-1
96,40,525,5,200,161,1,-1,-1
97,40,525,5,200,162,1,-1,-1
98,40,525,5,200,162,1,-1,-1
99,40,524,5,201,162,1,-1,-1
100,40,524,5,201,162,1,-1,-1
101,40,524,5,201,162,1,-1,-1
102,40,524,5,201,162,1,-1,-1
103,40,523,5,202,162,1,-1,-1
104,40,523,5,202,162,1,-1,-1
105,40,523,5,202,163,1,-1,-1
106,40,522,5,203,163,1,-1,-1
107,40,522,5,203,163,1,-1,-1
108,40,522,5,203,163,1,-1,-1
109,40,522,5,203,163,1,-1,-1
110,40,521,5,204,163,1,-1,-1
111,40,521,5,204,163,1,-1,-1
112,40,521,5,204,163,1,-1,-1
113,40,520,5,205,163,1,-1,-1
114,40,520,5,205,164,1,-1,-1
115,40,520,5,205,164,1,-1,-1
116,40,520,5,205,164,1,-1,-1
117,40,519,5,206,164,1,-1,-1
118,40,519,5,206,164,1,-1,-1
119,40,519,5,206,164,1,-1,-1
120,40,519,5,206,164,1,-1,-1
121,40,518,5,207,164,1,-1,-1
122,40,518,5,207,164,1,-1,-1
123,40,518,5,207,165,1,-1,-1
124,40,517,5,208,165,1,-1,-1
125,40,517,5,208,165,1,-1,-1
126,40,517,5,208,165,1,-1,-1
127,40,517,5,208,165,1,-1,-1
128,40,516,5,209,165,1,-1,-1
129,40,516,5,209,165,1,-1,-1
130,40,516,5,209,165,1,-1,-1
131,40,516,6,209,165,1,-1,-1
132,40,516,6,209,165,1,-1,-1
133,40,516,6,209,165,1,-1,-1
134,40,516,6,209,165,1,-1,-1
135,40,516,6,209,165,1,-1,-1
136,40,516,6,209,165,1,-1,-1
137,40,516,6,209,165,1,-1,-1
138,40,516,6,209,165,1,-1,-1
139,40,516,6,209,165,1,-1,-1
140,40,516,6,209,165,1,-1,-1
141,40,516,6,209,165,1,-1,-1
142,40,516,6,209,165,1,-1,-1
143,40,516,6,209,165,1,-1,-1
144,40,516,6,209,165,1,-1,-1
145,40,516,6,209,165,1,-1,-1
146,40,516,6,209,165,1,-1,-1
147,40,516,6,209,165,1,-1,-1
148,40,516,6,209,165,1,-1,-1
149,40,516,6,209,165,1,-1,-1
150,40,516,6,209,165,1,-1,-1
151,40,516,6,209,165,1,-1,-1
152,40,516,6,209,165,1,-1,-1
153,40,516,6,209,165,1,-1,-1
154,40,516,6,209,165,1,-1,-1
155,40,516,6,209,165,1,-1,-1
156,40,516,6,209,165,1,-1,-1
157,40,516,6,209,165,1,-1,-1
158,40,516,6,209,165,1,-1,-1
159,40,516,6,209,165,1,-1,-1
160,40,516,6,209,165,1,-1,-1
161,40,516,6,209,165,1,-1,-1
162,40,516,6,209,165,1,-1,-1
163,40,516,6,209,165,1,-1,-1
164,40,516,6,209,165,1,-1,-1
165,40,516,6,209,165,1,-1,-1
166,40,516,6,209,165,1,-1,-1
167,40,516,6,209,165,1,-1,-1
168,40,516,6,209,165,1,-1,-1
169,40,516,6,209,165,1,-1,-1
170,40,516,6,209,165,1,-1,-1
171,40,516,6,209,165,1,-1,-1
172,40,516,6,209,165,1,-1,-1
173,40,516,6,209,165,1,-1,-1
174,40,516,6,209,165,1,-1,-1
175,40,516,6,209,165,1,-1,-1
176,40,516,6,209,165,1,-1,-1
177,40,516,6,209,165,1,-1,-1
178,40,516,6,209,165,1,-1,-1
179,40,516,6,209,165,1,-1,-1
180,40,516,6,209,165,1,-1,-1
181,40,516,6,209,165,1,-1,-1
182,40,516,6,209,165,1,-1,-1
183,40,516,6,209,165,1,-1,-1
184,40,516,6,209,165,1,-1,-1
185,40,516,6,209,165,1,-1,-1
186,40,516,6,209,165,1,-1,-1
187,40,516,6,209,165,1,-1,-1
188,40,516,6,209,165,1,-1,-1
189,40,516,6,209,165,1,-1,-1
190,40,516,6,209,165,1,-1,-1
191,40,516,6,209,165,1,-1,-1
192,40,516,6,209,165,1,-1,-1
193,40,516,6,209,165,1,-1,-1
194,40,516,6,209,165,1,-1,-1
195,40,516,6,209,165,1,-1,-1
196,40,516,6,209,165,1,-1,-1
197,40,516,6,209,165,1,-1,-1
198,40,516,6,209,165,1,-1,-1
199,40,516,6,209,165,1,-1,-1
200,40,516,6,209,165,1,-1,-1
201,40,516,6,209,165,1,-1,-1
202,40,516,6,209,165,1,-1,-1
203,40,516,6,209,165,1,-1,-1
204,40,516,6,209,165,1,-1,-1
205,40,516,6,209,165,1,-1,-1
206,40,516,6,209,165,1,-1,-1
207,40,516,6,209,165,1,-1,-1
208,40,516,6,209,165,1,-1,-1
209,40,516,6,209,165,1,-1,-1
210,40,516,6,209,165,1,-1,-1
211,40,516,6,209,165,1,-1,-1
212,40,516,6,209,165,1,-1,-1
213,40,516,6,209,165,1,-1,-1
214,40,516,6,209,165,1,-1,-1
215,40,516,6,209,165,1,-1,-1
216,40,516,6,209,165,1,-1,-1
217,40,516,6,209,165,1,-1,-1
218,40,516,6,209,165,1,-1,-1
219,40,516,6,209,165,1,-1,-1
220,40,516,6,209,165,1,-1,-1
221,40,516,6,209,165,1,-1,-1
222,40,516,6,209,165,1,-1,-1
223,40,516,6,209,165,1,-1,-1
224,40,516,6,209,165,1,-1,-1
225,40,516,6,209,165,1,-1,-1
226,40,516,6,209,165,1,-1,-1
227,40,516,6,209,165,1,-1,-1
228,40,516,6,209,165,1,-1,-1
229,40,516,6,209,165,1,-1,-1
230,40,516,6,209,165,1,-1,-1
231,40,516,6,209,165,1,-1,-1
232,40,516,6,209,165,1,-1,-1
233,40,516,6,209,165,1,-1,-1
234,40,516,6,209,165,1,-1,-1
235,40,516,6,209,165,1,-1,-1
236,40,516,6,209,165,1,-1,-1
237,40,516,6,209,165,1,-1,-1
238,40,516,6,209,165,1,-1,-1
239,40,516,6,209,165,1,-1,-1
240,40,516,6,209,165,1,-1,-1
241,40,516,6,209,165,1,-1,-1
242,40,516,6,209,165,1,-1,-1
243,40,516,6,209,165,1,-1,-1
244,40,516,6,209,165,1,-1,-1
245,40,516,6,209,165,1,-1,-1
246,40,516,6,209,165,1,-1,-1
247,40,516,6,209,165,1,-1,-1
248,40,516,6,209,165,1,-1,-1
249,40,516,6,209,165,1,-1,-1
250,40,516,6,209,165,1,-1,-1
251,40,516,6,209,165,1,-1,-1
252,40,516,6,209,165,1,-1,-1
253,40,516,6,209,165,1,-1,-1
254,40,516,6,209,165,1,-1,-1
255,40,516,6,209,165,1,-1,-1
256,40,516,6,209,165,1,-1,-1
257,40,516,6,209,165,1,-1,-1
258,40,516,6,209,165,1,-1,-1
259,40,516,6,209,165,1,-1,-1
260,40,516,6,209,165,1,-1,-1
261,40,516,6,209,165,1,-1,-1
262,40,516,6,209,165,1,-1,-1
263,40,516,6,209,165,1,-1,-1
264,40,516,6,209,165,1,-1,-1
265,40,516,6,209,165,1,-1,-1
266,40,516,6,209,165,1,-1,-1
267,40,516,6,209,165,1,-1,-1
268,40,516,6,209,165,1,-1,-1
269,40,516,6,209,165,1,-1,-1
270,40,516,6,209,165,1,-1,-1
271,40,516,6,209,165,1,-1,-1
272,40,516,6,209,165,1,-1,-1
273,40,516,6,209,165,1,-1,-1
274,40,516,6,209,165,1,-1,-1
275,40,516,6,209,165,1,-1,-1
276,40,516,6,209,165,1,-1,-1
277,40,516,6,209,165,1,-1,-1
278,40,516,6,209,165,1,-1,-1
279,40,516,6,209,165,1,-1,-1
280,40,516,6,209,165,1,-1,-1
281,40,516,6,209,165,1,-1,-1
282,40,516,6,209,165,1,-1,-1
283,40,516,6,209,165,1,-1,-1
284,40,516,6,209,165,1,-1,-1
285,40,516,6,209,165,1,-1,-1
286,40,516,6,209,165,1,-1,-1
287,40,516,6,209,165,1,-1,-1
288,40,516,6,209,165,1,-1,-1
289,40,516,6,209,165,1,-1,-1
290,40,516,6,209,165,1,-1,-1
291,40,516,6,209,165,1,-1,-1
292,40,516,6,209,165,1,-1,-1
293,40,516,6,209,165,1,-1,-1
294,40,516,6,209,165,1,-1,-1
295,40,516,6,209,165,1,-1,-1
296,40,516,6,209,165,1,-1,-1
297,40,516,6,209,165,1,-1,-1
298,40,516,6,209,165,1,-1,-1
299,40,516,6,209,165,1,-1,-1
300,40,516,6,209,165,1,-1,-1
301,40,516,6,209,165,1,-1,-1
302,40,515,6,209,164,1,-1,-1
303,40,514,6,209,164,1,-1,-1
304,40,514,6,208,164,1,-1,-1
305,40,513,6,208,164,1,-1,-1
306,40,513,6,207,164,1,-1,-1
307,40,512,6,208,163,1,-1,-1
308,40,512,6,207,163,1,-1,-1
309,40,511,6,207,163,1,-1,-1
310,40,511,6,206,163,1,-1,-1
311,40,510,6,206,163,1,-1,-1
312,40,509,6,206,163,1,-1,-1
313,40,509,6,206,162,1,-1,-1
314,40,508,6,206,162,1,-1,-1
315,40,508,6,205,162,1,-1,-1
316,40,507,6,205,162,1,-1,-1
317,40,507,6,204,162,1,-1,-1
318,40,506,6,204,162,1,-1,-1
319,40,506,6,204,161,1,-1,-1
320,40,505,6,204,161,1,-1,-1
321,40,505,7,203,160,1,-1,-1
322,40,504,7,203,160,1,-1,-1
323,40,503,7,203,160,1,-1,-1
324,40,503,7,203,159,1,-1,-1
325,40,502,7,203,159,1,-1,-1
326,40,502,7,202,159,1,-1,-1
327,40,501,7,202,159,1,-1,-1
328,40,501,7,201,159,1,-1,-1
329,40,500,7,201,159,1,-1,-1
330,40,500,7,201,158,1,-1,-1
331,40,499,7,201,158,1,-1,-1
332,40,498,7,201,158,1,-1,-1
333,40,498,7,200,158,1,-1,-1
334,40,497,7,200,158,1,-1,-1
335,40,497,7,199,158,1,-1,-1
336,40,496,7,200,157,1,-1,-1
337,40,496,7,199,157,1,-1,-1
338,40,495,7,199,157,1,-1,-1
339,40,495,7,198,157,1,-1,-1
340,40,494,7,198,157,1,-1,-1
341,40,494,8,198,156,1,-1,-1
342,40,494,8,197,155,1,-1,-1
343,40,494,8,197,155,1,-1,-1
344,40,494,8,197,155,1,-1,-1
345,40,494,8,197,155,1,-1,-1
346,40,494,8,197,155,1,-1,-1
347,40,494,8,196,155,1,-1,-1
348,40,494,8,196,155,1,-1,-1
349,40,494,8,196,155,1,-1,-1
350,40,494,8,196,155,1,-1,-1
351,40,494,8,196,155,1,-1,-1
352,40,494,8,195,154,1,-1,-1
353,40,494,8,195,153,1,-1,-1
354,40,494,8,195,152,1,-1,-1
355,40,494,8,195,152,1,-1,-1
356,40,494,8,195,151,1,-1,-1
357,40,494,8,195,150,1,-1,-1
358,40,494,8,195,150,1,-1,-1
359,40,494,8,195,149,1,-1,-1
360,40,494,8,195,148,1,-1,-1
361,40,494,8,195,148,1,-1,-1
362,40,494,8,195,147,1,-1,-1
363,40,494,8,195,147,1,-1,-1
364,40,494,8,195,147,1,-1,-1
365,40,494,8,195,147,1,-1,-1
366,40,494,8,195,147,1,-1,-1
367,40,494,8,195,147,1,-1,-1
368,40,494,8,195,147,1,-1,-1
369,40,494,8,195,147,1,-1,-1
370,40,494,8,195,147,1,-1,-1
371,40,494,8,195,147,1,-1,-1
372,40,494,8,195,147,1,-1,-1
373,40,494,8,195,147,1,-1,-1
374,40,494,8,195,147,1,-1,-1
375,40,494,8,195,147,1,-1,-1
376,40,494,8,195,147,1,-1,-1
377,40,494,8,195,147,1,-1,-1
378,40,494,8,195,147,1,-1,-1
379,40,494,8,195,147,1,-1,-1
380,40,494,8,195,147,1,-1,-1
381,40,494,8,195,147,1,-1,-1
382,40,494,8,195,147,1,-1,-1
383,40,494,8,195,147,1,-1,-1
384,40,494,8,195,147,1,-1,-1
385,40,494,8,195,147,1,-1,-1
386,40,494,8,195,147,1,-1,-1
387,40,494,8,195,147,1,-1,-1
388,40,494,8,195,147,1,-1,-1
389,40,494,8,195,147,1,-1,-1
390,40,494,8,195,147,1,-1,-1
391,40,494,8,195,147,1,-1,-1
392,40,494,8,195,147,1,-1,-1
393,40,494,8,195,147,1,-1,-1
394,40,494,8,195,147,1,-1,-1
395,40,494,8,195,147,1,-1,-1
396,40,494,8,195,146,1,-1,-1
397,40,494,8,195,146,1,-1,-1
398,40,494,8,195,146,1,-1,-1
399,40,494,8,195,146,1,-1,-1
400,40,494,8,195,146,1,-1,-1
401,40,494,8,195,146,1,-1,-1
402,40,494,8,195,146,1,-1,-1
403,40,494,8,195,146,1,-1,-1
404,40,494,8,195,146,1,-1,-1
405,40,494,8,195,146,1,-1,-1
406,40,494,8,195,146,1,-1,-1
407,40,494,8,195,146,1,-1,-1
408,40,494,8,195,146,1,-1,-1
409,40,494,8,195,146,1,-1,-1
410,40,494,8,195,146,1,-1,-1
411,40,494,8,195,146,1,-1,-1
412,40,494,8,195,146,1,-1,-1
413,40,494,8,195,146,1,-1,-1
414,40,494,8,195,146,1,-1,-1
415,40,494,8,195,146,1,-1,-1
416,40,494,8,195,146,1,-1,-1
417,40,494,8,195,146,1,-1,-1
418,40,494,8,195,146,1,-1,-1
419,40,494,8,195,146,1,-1,-1
420,40,494,8,195,146,1,-1,-1
421,40,494,8,195,146,1,-1,-1
422,40,494,8,195,146,1,-1,-1
423,40,494,8,195,146,1,-1,-1
424,40,494,8,195,146,1,-1,-1
425,40,494,8,195,146,1,-1,-1
426,40,494,8,195,146,1,-1,-1
427,40,494,8,195,146,1,-1,-1
428,40,494,8,195,146,1,-1,-1
429,40,494,8,195,146,1,-1,-1
430,40,494,8,195,145,1,-1,-1
431,40,494,8,195,145,1,-1,-1
432,40,494,8,195,145,1,-1,-1
433,40,494,8,195,145,1,-1,-1
434,40,494,8,195,145,1,-1,-1
435,40,494,8,195,145,1,-1,-1
436,40,494,8,195,145,1,-1,-1
437,40,494,8,195,145,1,-1,-1
438,40,494,8,195,145,1,-1,-1
439,40,494,8,195,145,1,-1,-1
440,40,494,8,195,145,1,-1,-1
441,40,494,8,196,145,1,-1,-1
442,40,494,8,196,145,1,-1,-1
443,40,494,8,196,145,1,-1,-1
444,40,494,8,196,145,1,-1,-1
445,40,494,8,196,145,1,-1,-1
446,40,494,8,196,145,1,-1,-1
447,40,494,8,196,145,1,-1,-1
448,40,494,8,196,145,1,-1,-1
449,40,494,8,196,145,1,-1,-1
450,40,494,8,196,145,1,-1,-1
451,40,494,8,196,145,1,-1,-1
452,40,494,8,196,145,1,-1,-1
453,40,494,8,196,145,1,-1,-1
454,40,494,8,196,145,1,-1,-1
455,40,494,8,196,145,1,-1,-1
456,40,494,8,196,145,1,-1,-1
457,40,494,8,196,145,1,-1,-1
458,40,494,8,196,145,1,-1,-1
459,40,494,8,196,145,1,-1,-1
460,40,494,8,196,145,1,-1,-1
461,40,494,8,196,145,1,-1,-1
462,40,494,8,196,145,1,-1,-1
463,40,494,8,196,145,1,-1,-1
464,40,494,8,196,144,1,-1,-1
465,40,494,8,196,144,1,-1,-1
466,40,494,8,196,144,1,-1,-1
467,40,494,8,196,144,1,-1,-1
468,40,494,8,196,144,1,-1,-1
469,40,494,8,196,144,1,-1,-1
470,40,494,8,196,144,1,-1,-1
471,40,494,8,196,144,1,-1,-1
472,40,494,8,196,144,1,-1,-1
473,40,494,8,196,144,1,-1,-1
474,40,494,8,196,144,1,-1,-1
475,40,494,8,196,144,1,-1,-1
476,40,494,8,196,144,1,-1,-1
477,40,494,8,196,144,1,-1,-1
478,40,494,8,196,144,1,-1,-1
479,40,494,8,196,144,1,-1,-1
480,40,494,8,196,144,1,-1,-1
481,40,494,8,196,144,1,-1,-1
482,40,494,8,196,144,1,-1,-1
483,40,494,8,196,144,1,-1,-1
484,40,494,8,196,144,1,-1,-1
485,40,494,8,196,144,1,-1,-1
486,40,494,8,196,144,1,-1,-1
487,40,494,8,196,144,1,-1,-1
488,40,494,8,196,144,1,-1,-1
489,40,494,8,196,144,1,-1,-1
490,40,494,8,196,144,1,-1,-1
491,40,494,8,196,144,1,-1,-1
492,40,494,8,196,144,1,-1,-1
493,40,494,8,196,144,1,-1,-1
494,40,494,8,196,144,1,-1,-1
495,40,494,8,196,144,1,-1,-1
496,40,494,8,196,144,1,-1,-1
497,40,494,8,196,144,1,-1,-1
498,40,494,8,196,144,1,-1,-1
499,40,494,8,196,143,1,-1,-1
500,40,494,8,196,143,1,-1,-1
501,40,494,8,196,143,1,-1,-1
502,40,494,8,196,143,1,-1,-1
503,40,494,8,196,143,1,-1,-1
504,40,494,8,196,143,1,-1,-1
505,40,494,8,196,143,1,-1,-1
506,40,494,8,196,143,1,-1,-1
507,40,494,8,196,143,1,-1,-1
508,40,494,8,196,143,1,-1,-1
509,40,494,8,196,143,1,-1,-1
510,40,494,8,196,143,1,-1,-1
511,40,494,8,196,143,1,-1,-1
512,40,494,8,196,143,1,-1,-1
513,40,494,8,196,143,1,-1,-1
514,40,494,8,196,143,1,-1,-1
515,40,494,8,196,143,1,-1,-1
516,40,494,8,196,143,1,-1,-1
517,40,494,8,196,143,1,-1,-1
518,40,494,8,196,143,1,-1,-1
519,40,494,8,196,143,1,-1,-1
520,40,494,8,196,143,1,-1,-1
521,40,494,8,197,143,1,-1,-1
522,40,494,8,197,143,1,-1,-1
523,40,494,8,197,143,1,-1,-1
524,40,494,8,197,143,1,-1,-1
525,40,494,8,197,143,1,-1,-1
526,40,494,8,197,143,1,-1,-1
527,40,494,8,197,143,1,-1,-1
528,40,494,8,197,143,1,-1,-1
529,40,494,8,197,143,1,-1,-1
530,40,494,8,197,143,1,-1,-1
531,40,494,8,197,143,1,-1,-1
532,40,494,8,197,143,1,-1,-1
533,40,494,8,197,142,1,-1,-1
534,40,494,8,197,142,1,-1,-1
535,40,494,8,197,142,1,-1,-1
536,40,494,8,197,142,1,-1,-1
537,40,494,8,197,142,1,-1,-1
538,40,494,8,197,142,1,-1,-1
539,40,494,8,197,142,1,-1,-1
540,40,494,8,197,142,1,-1,-1
541,40,494,8,197,142,1,-1,-1
542,40,494,8,197,142,1,-1,-1
543,40,494,8,197,142,1,-1,-1
544,40,494,8,197,142,1,-1,-1
545,40,494,8,197,142,1,-1,-1
546,40,494,8,197,142,1,-1,-1
547,40,494,8,197,142,1,-1,-1
548,40,494,8,197,142,1,-1,-1
549,40,494,8,197,142,1,-1,-1
550,40,494,8,197,142,1,-1,-1
551,40,494,8,197,142,1,-1,-1
552,40,494,8,197,142,1,-1,-1
553,40,494,8,197,142,1,-1,-1
554,40,494,8,197,142,1,-1,-1
555,40,494,8,197,142,1,-1,-1
556,40,494,8,197,142,1,-1,-1
557,40,494,8,197,142,1,-1,-1
558,40,494,8,197,142,1,-1,-1
559,40,494,8,197,142,1,-1,-1
560,40,494,8,197,142,1,-1,-1
561,40,494,8,197,142,1,-1,-1
562,40,494,8,197,142,1,-1,-1
563,40,494,8,197,142,1,-1,-1
564,40,494,8,197,142,1,-1,-1
565,40,494,8,197,142,1,-1,-1
566,40,494,8,197,142,1,-1,-1
567,40,494,8,197,141,1,-1,-1
568,40,494,8,197,141,1,-1,-1
569,40,494,8,197,141,1,-1,-1
570,40,494,8,197,141,1,-1,-1
571,40,494,8,197,141,1,-1,-1
572,40,494,8,197,141,1,-1,-1
573,40,494,8,197,141,1,-1,-1
574,40,494,8,197,141,1,-1,-1
575,40,494,8,197,141,1,-1,-1
576,40,494,8,197,141,1,-1,-1
577,40,494,8,197,141,1,-1,-1
578,40,494,8,197,141,1,-1,-1
579,40,494,8,197,141,1,-1,-1
580,40,494,8,197,141,1,-1,-1
581,40,494,8,197,141,1,-1,-1
582,40,494,8,197,141,1,-1,-1
583,40,494,8,197,141,1,-1,-1
584,40,494,8,197,141,1,-1,-1
585,40,494,8,197,141,1,-1,-1
586,40,494,8,197,141,1,-1,-1
587,40,494,8,197,141,1,-1,-1
588,40,494,8,197,141,1,-1,-1
589,40,494,8,197,141,1,-1,-1
590,40,494,8,197,141,1,-1,-1
591,40,494,8,197,141,1,-1,-1
592,40,494,8,197,141,1,-1,-1
593,40,494,8,197,141,1,-1,-1
594,40,494,8,197,141,1,-1,-1
595,40,494,8,197,141,1,-1,-1
596,40,494,8,197,141,1,-1,-1
597,40,494,8,197,141,1,-1,-1
598,40,494,8,197,141,1,-1,-1
599,40,494,8,197,141,1,-1,-1
600,40,494,8,197,141,1,-1,-1
601,40,494,8,198,141,1,-1,-1
602,40,494,7,198,141,1,-1,-1
603,40,494,7,199,140,1,-1,-1
604,40,494,7,199,139,1,-1,-1
605,40,494,7,200,138,1,-1,-1
606,40,494,7,200,137,1,-1,-1
607,40,494,7,201,136,1,-1,-1
608,40,494,7,201,135,1,-1,-1
609,40,494,7,202,134,1,-1,-1
610,40,494,7,202,133,1,-1,-1
611,40,494,6,203,133,1,-1,-1
612,40,494,6,203,132,1,-1,-1
613,40,494,6,204,131,1,-1,-1
614,40,494,6,204,130,1,-1,-1
615,40,494,6,205,129,1,-1,-1
616,40,495,6,204,128,1,-1,-1
617,40,495,6,205,127,1,-1,-1
618,40,495,6,205,126,1,-1,-1
619,40,495,6,206,125,1,-1,-1
620,40,495,6,206,124,1,-1,-1
621,40,495,5,207,124,1,-1,-1
622,40,495,5,207,123,1,-1,-1
623,40,495,5,208,122,1,-1,-1
624,40,495,5,208,121,1,-1,-1
625,40,495,5,209,120,1,-1,-1
626,40,495,5,209,119,1,-1,-1
627,40,495,5,210,118,1,-1,-1
628,40,495,5,210,117,1,-1,-1
629,40,495,5,211,116,1,-1,-1
630,40,496,5,211,116,1,-1,-1
631,40,496,5,211,116,1,-1,-1
632,40,496,5,211,116,1,-1,-1
633,40,496,5,211,116,1,-1,-1
634,40,496,5,211,116,1,-1,-1
635,40,496,5,211,116,1,-1,-1
636,40,496,5,211,116,1,-1,-1
637,40,496,5,211,116,1,-1,-1
638,40,496,5,211,116,1,-1,-1
639,40,496,5,211,116,1,-1,-1
640,40,496,5,211,116,1,-1,-1
641,40,496,5,211,116,1,-1,-1
642,40,496,5,211,116,1,-1,-1
643,40,496,5,211,116,1,-1,-1
644,40,496,5,211,116,1,-1,-1
645,40,496,5,211,116,1,-1,-1
646,40,496,5,211,116,1,-1,-1
647,40,496,5,211,116,1,-1,-1
648,40,496,5,211,116,1,-1,-1
649,40,496,5,211,116,1,-1,-1
650,40,496,5,211,116,1,-1,-1
651,40,496,5,211,116,1,-1,-1
652,40,496,5,211,116,1,-1,-1
653,40,496,5,211,116,1,-1,-1
654,40,496,5,211,116,1,-1,-1
655,40,496,5,211,116,1,-1,-1
656,40,496,5,211,116,1,-1,-1
657,40,496,5,211,116,1,-1,-1
658,40,496,5,211,116,1,-1,-1
659,40,496,5,211,116,1,-1,-1
660,40,496,5,211,116,1,-1,-1
601,46,727,130,295,115,1,-1,-1
602,46,727,129,295,115,1,-1,-1
603,46,727,128,295,115,1,-1,-1
604,46,727,127,295,115,1,-1,-1
605,46,727,127,295,115,1,-1,-1
606,46,727,126,295,115,1,-1,-1
607,46,727,125,295,115,1,-1,-1
608,46,727,125,295,115,1,-1,-1
609,46,727,124,295,115,1,-1,-1
610,46,727,123,295,115,1,-1,-1
611,46,727,123,295,115,1,-1,-1
612,46,727,122,295,115,1,-1,-1
613,46,727,121,295,115,1,-1,-1
614,46,727,121,295,115,1,-1,-1
615,46,728,120,294,115,1,-1,-1
616,46,728,119,294,115,1,-1,-1
617,46,728,119,294,115,1,-1,-1
618,46,728,118,294,115,1,-1,-1
619,46,728,117,294,115,1,-1,-1
620,46,728,117,294,115,1,-1,-1
621,46,728,116,294,115,1,-1,-1
622,46,728,115,294,115,1,-1,-1
623,46,728,115,294,115,1,-1,-1
624,46,728,114,294,115,1,-1,-1
625,46,728,113,294,115,1,-1,-1
626,46,728,113,294,115,1,-1,-1
627,46,728,112,294,115,1,-1,-1
628,46,729,111,293,115,1,-1,-1
629,46,729,111,293,115,1,-1,-1
630,46,729,110,293,115,1,-1,-1
631,46,729,109,293,115,1,-1,-1
632,46,729,109,293,115,1,-1,-1
633,46,729,108,293,115,1,-1,-1
634,46,729,107,293,115,1,-1,-1
635,46,729,107,293,115,1,-1,-1
636,46,729,106,293,115,1,-1,-1
637,46,729,105,293,115,1,-1,-1
638,46,729,105,293,115,1,-1,-1
639,46,729,104,293,115,1,-1,-1
640,46,729,103,293,115,1,-1,-1
641,46,730,103,292,115,1,-1,-1
642,46,730,103,292,115,1,-1,-1
643,46,730,103,292,115,1,-1,-1
644,46,730,103,292,115,1,-1,-1
645,46,730,103,292,115,1,-1,-1
646,46,730,103,292,115,1,-1,-1
647,46,730,103,292,115,1,-1,-1
648,46,730,103,292,115,1,-1,-1
649,46,730,103,292,115,1,-1,-1
650,46,730,103,292,115,1,-1,-1
651,46,730,103,292,115,1,-1,-1
652,46,730,103,292,115,1,-1,-1
653,46,730,103,292,115,1,-1,-1
654,46,730,103,292,115,1,-1,-1
655,46,730,103,292,115,1,-1,-1
656,46,730,103,292,115,1,-1,-1
657,46,730,103,292,115,1,-1,-1
658,46,730,103,292,115,1,-1,-1
659,46,730,103,292,115,1,-1,-1
660,46,730,103,292,115,1,-1,-1
601,47,762,252,260,206,1,-1,-1
602,47,762,251,260,206,1,-1,-1
603,47,762,250,260,206,1,-1,-1
604,47,762,250,260,206,1,-1,-1
605,47,762,249,260,206,1,-1,-1
606,47,762,249,260,205,1,-1,-1
607,47,762,248,260,206,1,-1,-1
608,47,762,247,260,206,1,-1,-1
609,47,762,247,260,205,1,-1,-1
610,47,762,246,260,206,1,-1,-1
611,47,762,246,260,205,1,-1,-1
612,47,762,245,260,205,1,-1,-1
613,47,762,244,260,206,1,-1,-1
614,47,762,244,260,205,1,-1,-1
615,47,762,243,260,205,1,-1,-1
616,47,762,243,260,205,1,-1,-1
617,47,762,242,260,205,1,-1,-1
618,47,762,241,260,205,1,-1,-1
619,47,762,241,260,205,1,-1,-1
620,47,762,240,260,205,1,-1,-1
621,47,763,240,259,205,1,-1,-1
622,47,763,239,259,205,1,-1,-1
623,47,763,238,259,205,1,-1,-1
624,47,763,238,259,205,1,-1,-1
625,47,763,237,259,205,1,-1,-1
626,47,763,237,259,204,1,-1,-1
627,47,763,236,259,205,1,-1,-1
628,47,763,235,259,205,1,-1,-1
629,47,763,235,259,204,1,-1,-1
630,47,763,234,259,205,1,-1,-1
631,47,763,234,259,204,1,-1,-1
632,47,763,233,259,204,1,-1,-1
633,47,763,232,259,205,1,-1,-1
634,47,763,232,259,204,1,-1,-1
635,47,763,231,259,204,1,-1,-1
636,47,763,231,259,204,1,-1,-1
637,47,763,230,259,204,1,-1,-1
638,47,763,229,259,204,1,-1,-1
639,47,763,229,259,204,1,-1,-1
640,47,763,228,259,204,1,-1,-1
641,47,764,228,258,204,1,-1,-1
642,47,764,228,258,204,1,-1,-1
643,47,764,229,258,204,1,-1,-1
644,47,764,230,258,204,1,-1,-1
645,47,764,230,258,204,1,-1,-1
646,47,764,231,258,204,1,-1,-1
647,47,764,232,258,204,1,-1,-1
648,47,764,233,258,204,1,-1,-1
649,47,764,233,258,204,1,-1,-1
650,47,764,234,258,204,1,-1,-1
651,47,765,235,257,204,1,-1,-1
652,47,765,236,257,204,1,-1,-1
653,47,765,236,257,204,1,-1,-1
654,47,765,237,257,204,1,-1,-1
655,47,765,238,257,204,1,-1,-1
656,47,765,239,257,204,1,-1,-1
657,47,765,239,257,204,1,-1,-1
658,47,765,240,257,204,1,-1,-1
659,47,765,241,257,204,1,-1,-1
660,47,766,242,256,204,1,-1,-1
1,48,433,89,110,100,1,-1,-1
2,48,432,89,110,100,1,-1,-1
3,48,432,89,110,100,1,-1,-1
4,48,432,89,110,100,1,-1,-1
5,48,432,89,110,100,1,-1,-1
6,48,432,89,110,100,1,-1,-1
7,48,432,89,110,100,1,-1,-1
8,48,432,89,110,100,1,-1,-1
9,48,432,89,110,100,1,-1,-1
10,48,432,89,110,100,1,-1,-1
11,48,432,89,110,100,1,-1,-1
12,48,432,89,110,100,1,-1,-1
13,48,432,89,110,100,1,-1,-1
14,48,432,89,110,100,1,-1,-1
15,48,432,89,110,100,1,-1,-1
16,48,432,89,110,100,1,-1,-1
17,48,432,89,110,100,1,-1,-1
18,48,432,89,110,100,1,-1,-1
19,48,432,89,110,101,1,-1,-1
20,48,432,89,110,101,1,-1,-1
21,48,432,89,110,101,1,-1,-1
22,48,432,89,110,101,1,-1,-1
23,48,432,89,110,101,1,-1,-1
24,48,432,90,110,100,1,-1,-1
25,48,432,90,110,100,1,-1,-1
26,48,432,90,110,100,1,-1,-1
27,48,432,90,110,100,1,-1,-1
28,48,432,90,110,100,1,-1,-1
29,48,432,90,110,100,1,-1,-1
30,48,432,90,110,100,1,-1,-1
31,48,432,90,110,100,1,-1,-1
32,48,432,90,110,100,1,-1,-1
33,48,432,90,110,100,1,-1,-1
34,48,432,90,110,100,1,-1,-1
35,48,432,90,110,100,1,-1,-1
36,48,432,90,110,100,1,-1,-1
37,48,432,90,110,101,1,-1,-1
38,48,431,90,110,101,1,-1,-1
39,48,431,90,110,101,1,-1,-1
40,48,431,90,110,101,1,-1,-1
41,48,431,90,110,101,1,-1,-1
42,48,431,90,110,101,1,-1,-1
43,48,431,90,110,101,1,-1,-1
44,48,431,90,110,101,1,-1,-1
45,48,431,90,110,101,1,-1,-1
46,48,431,91,110,100,1,-1,-1
47,48,431,91,110,100,1,-1,-1
48,48,431,91,110,100,1,-1,-1
49,48,431,91,110,100,1,-1,-1
50,48,431,91,110,100,1,-1,-1
51,48,431,91,110,100,1,-1,-1
52,48,431,91,110,100,1,-1,-1
53,48,431,91,110,100,1,-1,-1
54,48,431,91,110,100,1,-1,-1
55,48,431,91,110,101,1,-1,-1
56,48,431,91,110,101,1,-1,-1
57,48,431,91,110,101,1,-1,-1
58,48,431,91,110,101,1,-1,-1
59,48,431,91,110,101,1,-1,-1
60,48,431,91,110,101,1,-1,-1
61,48,431,91,110,101,1,-1,-1
62,48,431,91,110,101,1,-1,-1
63,48,431,91,110,101,1,-1,-1
64,48,431,91,110,101,1,-1,-1
65,48,431,91,110,101,1,-1,-1
66,48,431,91,110,101,1,-1,-1
67,48,431,91,110,101,1,-1,-1
68,48,431,91,110,101,1,-1,-1
69,48,431,92,110,100,1,-1,-1
70,48,431,92,110,100,1,-1,-1
71,48,431,92,110,100,1,-1,-1
72,48,431,92,110,100,1,-1,-1
73,48,431,92,110,101,1,-1,-1
74,48,430,92,110,101,1,-1,-1
75,48,430,92,110,101,1,-1,-1
76,48,430,92,110,101,1,-1,-1
77,48,430,92,110,101,1,-1,-1
78,48,430,92,110,101,1,-1,-1
79,48,430,92,110,101,1,-1,-1
80,48,430,92,110,101,1,-1,-1
81,48,430,92,110,101,1,-1,-1
82,48,430,92,110,101,1,-1,-1
83,48,430,92,110,101,1,-1,-1
84,48,430,92,110,101,1,-1,-1
85,48,430,92,110,101,1,-1,-1
86,48,430,92,110,101,1,-1,-1
87,48,430,92,110,101,1,-1,-1
88,48,430,92,110,101,1,-1,-1
89,48,430,92,110,101,1,-1,-1
90,48,430,92,110,101,1,-1,-1
91,48,430,93,110,101,1,-1,-1
92,48,430,93,110,101,1,-1,-1
93,48,430,93,110,101,1,-1,-1
94,48,430,93,110,101,1,-1,-1
95,48,430,93,110,101,1,-1,-1
96,48,430,93,110,101,1,-1,-1
97,48,430,93,110,101,1,-1,-1
98,48,430,93,110,101,1,-1,-1
99,48,430,93,110,101,1,-1,-1
100,48,430,93,110,101,1,-1,-1
101,48,430,93,110,101,1,-1,-1
102,48,430,93,110,101,1,-1,-1
103,48,430,93,110,101,1,-1,-1
104,48,430,93,110,101,1,-1,-1
105,48,430,93,110,101,1,-1,-1
106,48,430,93,110,101,1,-1,-1
107,48,430,93,110,101,1,-1,-1
108,48,430,93,110,101,1,-1,-1
109,48,430,93,110,102,1,-1,-1
110,48,429,93,110,102,1,-1,-1
111,48,429,93,110,102,1,-1,-1
112,48,429,93,110,102,1,-1,-1
113,48,429,93,110,102,1,-1,-1
114,48,429,94,110,101,1,-1,-1
115,48,429,94,110,101,1,-1,-1
116,48,429,94,110,101,1,-1,-1
117,48,429,94,110,101,1,-1,-1
118,48,429,94,110,101,1,-1,-1
119,48,429,94,110,101,1,-1,-1
120,48,429,94,110,101,1,-1,-1
121,48,429,94,110,101,1,-1,-1
122,48,429,94,110,101,1,-1,-1
123,48,429,94,110,101,1,-1,-1
124,48,429,94,110,101,1,-1,-1
125,48,429,94,110,101,1,-1,-1
126,48,429,94,110,101,1,-1,-1
127,48,429,94,110,102,1,-1,-1
128,48,429,94,110,102,1,-1,-1
129,48,429,94,110,102,1,-1,-1
130,48,429,94,110,102,1,-1,-1
131,48,429,94,110,102,1,-1,-1
132,48,429,94,110,102,1,-1,-1
133,48,429,94,110,102,1,-1,-1
134,48,429,94,110,102,1,-1,-1
135,48,429,94,110,102,1,-1,-1
136,48,429,95,110,101,1,-1,-1
137,48,429,95,110,101,1,-1,-1
138,48,429,95,110,101,1,-1,-1
139,48,429,95,110,101,1,-1,-1
140,48,429,95,110,101,1,-1,-1
141,48,429,95,110,101,1,-1,-1
142,48,429,95,110,101,1,-1,-1
143,48,429,95,110,101,1,-1,-1
144,48,429,95,110,101,1,-1,-1
145,48,429,95,110,102,1,-1,-1
146,48,428,95,110,102,1,-1,-1
147,48,428,95,110,102,1,-1,-1
148,48,428,95,110,102,1,-1,-1
149,48,428,95,110,102,1,-1,-1
150,48,428,95,110,102,1,-1,-1
151,48,428,95,110,102,1,-1,-1
152,48,428,95,110,102,1,-1,-1
153,48,428,95,110,102,1,-1,-1
154,48,428,95,110,102,1,-1,-1
155,48,428,95,110,102,1,-1,-1
156,48,428,95,110,102,1,-1,-1
157,48,428,95,110,102,1,-1,-1
158,48,428,95,110,102,1,-1,-1
159,48,428,96,110,101,1,-1,-1
160,48,428,96,110,101,1,-1,-1
161,48,428,96,110,101,1,-1,-1
162,48,428,96,110,101,1,-1,-1
163,48,428,96,110,102,1,-1,-1
164,48,428,96,110,102,1,-1,-1
165,48,428,96,110,102,1,-1,-1
166,48,428,96,110,102,1,-1,-1
167,48,428,96,110,102,1,-1,-1
168,48,428,96,110,102,1,-1,-1
169,48,428,96,110,102,1,-1,-1
170,48,428,96,110,102,1,-1,-1
171,48,428,96,110,102,1,-1,-1
172,48,428,96,110,102,1,-1,-1
173,48,428,96,110,102,1,-1,-1
174,48,428,96,110,102,1,-1,-1
175,48,428,96,110,102,1,-1,-1
176,48,428,96,110,102,1,-1,-1
177,48,428,96,110,102,1,-1,-1
178,48,428,96,110,102,1,-1,-1
179,48,428,96,110,102,1,-1,-1
180,48,428,96,110,102,1,-1,-1
181,48,428,97,110,102,1,-1,-1
182,48,427,96,110,103,1,-1,-1
183,48,427,96,110,103,1,-1,-1
184,48,427,96,110,103,1,-1,-1
185,48,427,96,109,103,1,-1,-1
186,48,427,96,109,103,1,-1,-1
187,48,427,96,109,103,1,-1,-1
188,48,427,96,109,103,1,-1,-1
189,48,427,96,108,103,1,-1,-1
190,48,427,96,108,103,1,-1,-1
191,48,427,96,108,103,1,-1,-1
192,48,427,96,107,103,1,-1,-1
193,48,427,96,107,103,1,-1,-1
194,48,427,96,107,103,1,-1,-1
195,48,427,96,107,103,1,-1,-1
196,48,427,96,106,103,1,-1,-1
197,48,427,96,106,103,1,-1,-1
198,48,427,96,106,103,1,-1,-1
199,48,427,96,105,103,1,-1,-1
200,48,427,96,105,103,1,-1,-1
201,48,427,96,105,103,1,-1,-1
202,48,427,96,105,103,1,-1,-1
203,48,427,96,104,103,1,-1,-1
204,48,427,96,104,103,1,-1,-1
205,48,427,96,104,103,1,-1,-1
206,48,427,96,104,103,1,-1,-1
207,48,427,96,103,103,1,-1,-1
208,48,427,96,103,103,1,-1,-1
209,48,427,96,103,103,1,-1,-1
210,48,427,96,102,103,1,-1,-1
211,48,427,96,102,103,1,-1,-1
212,48,427,96,102,103,1,-1,-1
213,48,427,96,102,103,1,-1,-1
214,48,427,96,101,103,1,-1,-1
215,48,427,96,101,103,1,-1,-1
216,48,427,96,101,103,1,-1,-1
217,48,427,96,100,103,1,-1,-1
218,48,427,96,100,103,1,-1,-1
219,48,427,96,100,103,1,-1,-1
220,48,427,96,100,103,1,-1,-1
221,48,427,96,99,103,1,-1,-1
222,48,427,96,99,103,1,-1,-1
223,48,427,96,99,103,1,-1,-1
224,48,427,96,98,103,1,-1,-1
225,48,427,96,98,103,1,-1,-1
226,48,427,96,98,103,1,-1,-1
227,48,427,96,98,103,1,-1,-1
228,48,427,96,97,103,1,-1,-1
229,48,427,96,97,103,1,-1,-1
230,48,427,96,97,103,1,-1,-1
231,48,427,96,97,104,1,-1,-1
232,48,426,95,97,105,1,-1,-1
233,48,426,95,96,106,1,-1,-1
234,48,425,95,96,107,1,-1,-1
235,48,425,95,96,107,1,-1,-1
236,48,424,95,96,108,1,-1,-1
237,48,424,94,95,110,1,-1,-1
238,48,423,94,95,111,1,-1,-1
239,48,423,94,95,111,1,-1,-1
240,48,422,94,95,112,1,-1,-1
241,48,422,94,94,113,1,-1,-1
242,48,422,94,94,114,1,-1,-1
243,48,421,94,94,114,1,-1,-1
244,48,421,94,94,114,1,-1,-1
245,48,420,94,95,114,1,-1,-1
246,48,420,94,95,114,1,-1,-1
247,48,420,94,95,114,1,-1,-1
248,48,419,94,96,114,1,-1,-1
249,48,419,94,96,114,1,-1,-1
250,48,418,94,97,114,1,-1,-1
251,48,418,94,97,114,1,-1,-1
252,48,418,94,97,114,1,-1,-1
253,48,417,93,97,114,1,-1,-1
254,48,417,92,97,115,1,-1,-1
255,48,416,91,98,116,1,-1,-1
256,48,416,91,98,116,1,-1,-1
257,48,416,90,98,117,1,-1,-1
258,48,415,89,98,117,1,-1,-1
259,48,415,89,98,117,1,-1,-1
260,48,414,88,99,118,1,-1,-1
261,48,414,87,99,119,1,-1,-1
262,48,414,87,99,119,1,-1,-1
263,48,413,87,99,119,1,-1,-1
264,48,412,87,99,120,1,-1,-1
265,48,412,87,99,120,1,-1,-1
266,48,411,87,99,121,1,-1,-1
267,48,410,87,100,121,1,-1,-1
268,48,410,87,99,122,1,-1,-1
269,48,409,87,100,122,1,-1,-1
270,48,408,87,100,123,1,-1,-1
271,48,408,87,100,124,1,-1,-1
272,48,407,87,100,124,1,-1,-1
273,48,406,87,101,124,1,-1,-1
274,48,405,88,102,123,1,-1,-1
275,48,405,88,101,123,1,-1,-1
276,48,404,89,102,122,1,-1,-1
277,48,403,89,103,122,1,-1,-1
278,48,403,89,102,122,1,-1,-1
279,48,402,90,103,121,1,-1,-1
280,48,401,90,104,121,1,-1,-1
281,48,401,91,104,121,1,-1,-1
282,48,400,90,104,121,1,-1,-1
283,48,400,90,104,121,1,-1,-1
284,48,399,90,105,121,1,-1,-1
285,48,399,90,104,121,1,-1,-1
286,48,399,90,104,121,1,-1,-1
287,48,398,89,105,122,1,-1,-1
288,48,398,89,104,122,1,-1,-1
289,48,397,89,105,122,1,-1,-1
290,48,397,89,105,122,1,-1,-1
291,48,397,89,105,122,1,-1,-1
292,48,396,89,105,122,1,-1,-1
293,48,396,89,105,122,1,-1,-1
294,48,396,89,104,122,1,-1,-1
295,48,395,89,105,122,1,-1,-1
296,48,395,89,105,122,1,-1,-1
297,48,395,89,104,122,1,-1,-1
298,48,394,89,105,122,1,-1,-1
299,48,394,89,104,122,1,-1,-1
300,48,394,89,104,122,1,-1,-1
301,48,394,89,104,123,1,-1,-1
302,48,393,89,104,123,1,-1,-1
303,48,393,89,104,123,1,-1,-1
304,48,393,89,104,123,1,-1,-1
305,48,393,89,104,123,1,-1,-1
306,48,393,89,104,123,1,-1,-1
307,48,393,89,104,123,1,-1,-1
308,48,393,89,104,123,1,-1,-1
309,48,393,89,104,124,1,-1,-1
310,48,392,90,105,123,1,-1,-1
311,48,392,90,105,123,1,-1,-1
312,48,392,90,105,123,1,-1,-1
313,48,392,90,105,123,1,-1,-1
314,48,392,90,105,123,1,-1,-1
315,48,392,90,105,123,1,-1,-1
316,48,392,90,105,123,1,-1,-1
317,48,392,90,105,124,1,-1,-1
318,48,392,91,105,123,1,-1,-1
319,48,391,91,106,123,1,-1,-1
320,48,391,91,106,123,1,-1,-1
321,48,391,91,106,123,1,-1,-1
322,48,391,91,106,123,1,-1,-1
323,48,391,91,106,123,1,-1,-1
324,48,391,91,106,123,1,-1,-1
325,48,391,91,106,124,1,-1,-1
326,48,391,92,106,123,1,-1,-1
327,48,390,92,107,123,1,-1,-1
328,48,390,92,107,123,1,-1,-1
329,48,390,92,107,123,1,-1,-1
330,48,390,92,106,123,1,-1,-1
331,48,390,92,106,123,1,-1,-1
332,48,390,92,106,123,1,-1,-1
333,48,390,92,106,124,1,-1,-1
334,48,390,93,106,123,1,-1,-1
335,48,390,93,106,123,1,-1,-1
336,48,389,93,107,123,1,-1,-1
337,48,389,93,107,123,1,-1,-1
338,48,389,93,107,123,1,-1,-1
339,48,389,93,107,123,1,-1,-1
340,48,389,93,107,124,1,-1,-1
341,48,389,93,107,124,1,-1,-1
342,48,389,94,107,123,1,-1,-1
343,48,389,94,107,123,1,-1,-1
344,48,388,94,108,123,1,-1,-1
345,48,388,94,108,123,1,-1,-1
346,48,388,94,108,123,1,-1,-1
347,48,388,94,108,123,1,-1,-1
348,48,388,94,108,124,1,-1,-1
349,48,388,94,108,124,1,-1,-1
350,48,388,95,108,123,1,-1,-1
351,48,388,95,108,123,1,-1,-1
352,48,388,95,108,123,1,-1,-1
353,48,387,95,109,123,1,-1,-1
354,48,387,95,109,123,1,-1,-1
355,48,387,95,109,123,1,-1,-1
356,48,387,95,109,124,1,-1,-1
357,48,387,95,109,124,1,-1,-1
358,48,387,96,109,123,1,-1,-1
359,48,387,96,108,123,1,-1,-1
360,48,387,96,108,123,1,-1,-1
361,48,386,96,109,123,1,-1,-1
362,48,386,96,109,123,1,-1,-1
363,48,386,96,109,123,1,-1,-1
364,48,386,96,109,124,1,-1,-1
365,48,386,96,109,124,1,-1,-1
366,48,386,96,109,124,1,-1,-1
367,48,386,97,109,123,1,-1,-1
368,48,386,97,109,123,1,-1,-1
369,48,386,97,109,123,1,-1,-1
370,48,385,97,110,123,1,-1,-1
371,48,385,97,110,124,1,-1,-1
372,48,385,97,110,124,1,-1,-1
373,48,385,97,110,124,1,-1,-1
374,48,385,97,110,124,1,-1,-1
375,48,385,98,110,123,1,-1,-1
376,48,385,98,110,123,1,-1,-1
377,48,385,98,110,123,1,-1,-1
378,48,384,98,111,123,1,-1,-1
379,48,384,98,111,124,1,-1,-1
380,48,384,98,111,124,1,-1,-1
381,48,384,98,111,124,1,-1,-1
382,48,384,98,111,124,1,-1,-1
383,48,384,99,111,123,1,-1,-1
384,48,384,99,111,123,1,-1,-1
385,48,384,99,111,123,1,-1,-1
386,48,384,99,111,123,1,-1,-1
387,48,383,99,111,124,1,-1,-1
388,48,383,99,111,124,1,-1,-1
389,48,383,99,111,124,1,-1,-1
390,48,383,99,111,124,1,-1,-1
391,48,383,100,111,123,1,-1,-1
392,48,383,100,111,123,1,-1,-1
393,48,383,100,111,123,1,-1,-1
394,48,383,100,111,123,1,-1,-1
395,48,383,100,111,124,1,-1,-1
396,48,382,100,112,124,1,-1,-1
397,48,382,100,112,124,1,-1,-1
398,48,382,100,112,124,1,-1,-1
399,48,382,101,112,123,1,-1,-1
400,48,382,101,112,123,1,-1,-1
401,48,382,101,112,123,1,-1,-1
402,48,382,101,112,123,1,-1,-1
403,48,382,101,112,124,1,-1,-1
404,48,381,101,113,124,1,-1,-1
405,48,381,101,113,124,1,-1,-1
406,48,381,101,113,124,1,-1,-1
407,48,381,102,113,123,1,-1,-1
408,48,381,102,113,123,1,-1,-1
409,48,381,102,113,123,1,-1,-1
410,48,381,102,113,124,1,-1,-1
411,48,381,102,113,124,1,-1,-1
412,48,381,102,113,124,1,-1,-1
413,48,380,102,114,124,1,-1,-1
414,48,380,102,114,124,1,-1,-1
415,48,380,103,114,123,1,-1,-1
416,48,380,103,113,123,1,-1,-1
417,48,380,103,113,123,1,-1,-1
418,48,380,103,113,124,1,-1,-1
419,48,380,103,113,124,1,-1,-1
420,48,380,103,113,124,1,-1,-1
421,48,379,103,114,124,1,-1,-1
422,48,379,103,114,124,1,-1,-1
423,48,379,103,114,124,1,-1,-1
424,48,379,104,114,123,1,-1,-1
425,48,379,104,114,123,1,-1,-1
426,48,379,104,114,124,1,-1,-1
427,48,379,104,114,124,1,-1,-1
428,48,379,104,114,124,1,-1,-1
429,48,379,104,114,124,1,-1,-1
430,48,378,104,115,124,1,-1,-1
431,48,378,104,115,124,1,-1,-1
432,48,378,105,115,123,1,-1,-1
433,48,378,105,115,123,1,-1,-1
434,48,378,105,115,124,1,-1,-1
435,48,378,105,115,124,1,-1,-1
436,48,378,105,115,124,1,-1,-1
437,48,378,105,115,124,1,-1,-1
438,48,377,105,116,124,1,-1,-1
439,48,377,105,116,124,1,-1,-1
440,48,377,106,116,123,1,-1,-1
441,48,377,106,116,124,1,-1,-1
442,48,377,106,116,124,1,-1,-1
443,48,377,106,116,124,1,-1,-1
444,48,377,106,115,124,1,-1,-1
445,48,377,106,115,124,1,-1,-1
446,48,377,106,115,124,1,-1,-1
447,48,376,106,116,124,1,-1,-1
448,48,376,107,116,123,1,-1,-1
449,48,376,107,116,124,1,-1,-1
450,48,376,107,116,124,1,-1,-1
451,48,376,107,116,124,1,-1,-1
452,48,376,107,116,124,1,-1,-1
453,48,376,107,116,124,1,-1,-1
454,48,376,107,116,124,1,-1,-1
455,48,375,107,117,124,1,-1,-1
456,48,375,108,117,123,1,-1,-1
457,48,375,108,117,124,1,-1,-1
458,48,375,108,117,124,1,-1,-1
459,48,375,108,117,124,1,-1,-1
460,48,375,108,117,124,1,-1,-1
461,48,375,108,117,124,1,-1,-1
462,48,375,108,117,124,1,-1,-1
463,48,375,108,117,124,1,-1,-1
464,48,374,109,118,123,1,-1,-1
465,48,374,109,118,124,1,-1,-1
466,48,374,109,118,124,1,-1,-1
467,48,374,109,118,124,1,-1,-1
468,48,374,109,118,124,1,-1,-1
469,48,374,109,118,124,1,-1,-1
470,48,374,109,118,124,1,-1,-1
471,48,374,109,118,124,1,-1,-1
472,48,374,110,118,124,1,-1,-1
473,48,373,109,118,125,1,-1,-1
474,48,373,109,118,126,1,-1,-1
475,48,373,109,118,127,1,-1,-1
476,48,373,108,118,128,1,-1,-1
477,48,373,108,118,129,1,-1,-1
478,48,373,108,118,130,1,-1,-1
479,48,373,107,118,131,1,-1,-1
480,48,373,107,118,132,1,-1,-1
481,48,373,107,118,133,1,-1,-1
482,48,373,107,118,134,1,-1,-1
483,48,373,106,117,135,1,-1,-1
484,48,373,106,117,135,1,-1,-1
485,48,373,106,117,135,1,-1,-1
486,48,373,105,117,136,1,-1,-1
487,48,373,105,117,137,1,-1,-1
488,48,373,105,117,137,1,-1,-1
489,48,373,104,117,138,1,-1,-1
490,48,373,104,117,138,1,-1,-1
491,48,373,104,117,138,1,-1,-1
492,48,373,104,117,139,1,-1,-1
493,48,373,104,117,139,1,-1,-1
494,48,373,105,117,138,1,-1,-1
495,48,373,106,117,137,1,-1,-1
496,48,373,107,117,136,1,-1,-1
497,48,373,108,118,136,1,-1,-1
498,48,373,108,118,136,1,-1,-1
499,48,373,109,118,135,1,-1,-1
500,48,373,110,118,134,1,-1,-1
501,48,373,111,118,133,1,-1,-1
502,48,374,112,118,133,1,-1,-1
503,48,373,111,119,133,1,-1,-1
504,48,373,110,119,134,1,-1,-1
505,48,373,110,119,133,1,-1,-1
506,48,372,109,120,134,1,-1,-1
507,48,372,109,120,133,1,-1,-1
508,48,372,108,120,134,1,-1,-1
509,48,371,107,121,134,1,-1,-1
510,48,371,107,121,134,1,-1,-1
511,48,371,106,121,134,1,-1,-1
512,48,371,106,122,134,1,-1,-1
513,48,371,106,121,134,1,-1,-1
514,48,371,107,121,134,1,-1,-1
515,48,371,108,121,134,1,-1,-1
516,48,371,109,121,134,1,-1,-1
517,48,371,110,121,134,1,-1,-1
518,48,371,111,121,134,1,-1,-1
519,48,371,112,121,134,1,-1,-1
520,48,371,113,121,134,1,-1,-1
521,48,371,114,121,134,1,-1,-1
522,48,371,115,121,134,1,-1,-1
523,48,370,114,122,135,1,-1,-1
524,48,370,114,122,135,1,-1,-1
525,48,370,114,122,135,1,-1,-1
526,48,370,113,122,136,1,-1,-1
527,48,370,113,122,136,1,-1,-1
528,48,369,113,123,136,1,-1,-1
529,48,369,112,123,137,1,-1,-1
530,48,369,112,123,137,1,-1,-1
531,48,369,112,123,137,1,-1,-1
532,48,369,112,124,137,1,-1,-1
533,48,368,112,124,137,1,-1,-1
534,48,368,112,124,137,1,-1,-1
535,48,368,112,124,137,1,-1,-1
536,48,368,112,124,137,1,-1,-1
537,48,368,112,124,137,1,-1,-1
538,48,368,112,124,137,1,-1,-1
539,48,368,112,124,137,1,-1,-1
540,48,368,112,124,137,1,-1,-1
541,48,368,112,124,137,1,-1,-1
542,48,368,112,124,137,1,-1,-1
543,48,368,112,124,137,1,-1,-1
544,48,368,112,124,137,1,-1,-1
545,48,368,112,124,137,1,-1,-1
546,48,368,112,124,137,1,-1,-1
547,48,368,112,124,137,1,-1,-1
548,48,368,112,124,137,1,-1,-1
549,48,368,112,124,137,1,-1,-1
550,48,368,112,124,137,1,-1,-1
551,48,368,112,124,137,1,-1,-1
552,48,368,112,124,138,1,-1,-1
553,48,368,112,123,138,1,-1,-1
554,48,368,112,123,138,1,-1,-1
555,48,368,113,122,137,1,-1,-1
556,48,368,113,122,137,1,-1,-1
557,48,368,114,121,136,1,-1,-1
558,48,368,114,121,136,1,-1,-1
559,48,368,114,120,136,1,-1,-1
560,48,368,115,120,135,1,-1,-1
561,48,368,115,119,135,1,-1,-1
562,48,369,116,118,135,1,-1,-1
563,48,368,115,119,136,1,-1,-1
564,48,368,115,119,136,1,-1,-1
565,48,368,114,120,137,1,-1,-1
566,48,368,114,120,137,1,-1,-1
567,48,368,113,121,138,1,-1,-1
568,48,367,113,122,138,1,-1,-1
569,48,367,112,122,139,1,-1,-1
570,48,367,112,123,139,1,-1,-1
571,48,367,111,123,140,1,-1,-1
572,48,367,111,124,141,1,-1,-1
573,48,366,110,124,142,1,-1,-1
574,48,365,110,125,142,1,-1,-1
575,48,365,110,125,142,1,-1,-1
576,48,364,110,126,142,1,-1,-1
577,48,364,110,126,143,1,-1,-1
578,48,363,110,127,143,1,-1,-1
579,48,362,110,128,143,1,-1,-1
580,48,362,110,128,143,1,-1,-1
581,48,361,110,129,143,1,-1,-1
582,48,361,110,129,144,1,-1,-1
583,48,361,110,129,144,1,-1,-1
584,48,361,111,129,144,1,-1,-1
585,48,361,111,129,144,1,-1,-1
586,48,361,112,129,144,1,-1,-1
587,48,361,113,129,144,1,-1,-1
588,48,361,113,129,144,1,-1,-1
589,48,361,114,129,144,1,-1,-1
590,48,361,114,129,144,1,-1,-1
591,48,361,115,129,144,1,-1,-1
592,48,361,116,129,144,1,-1,-1
593,48,360,116,129,144,1,-1,-1
594,48,359,117,130,144,1,-1,-1
595,48,359,118,130,144,1,-1,-1
596,48,358,119,131,144,1,-1,-1
597,48,358,119,130,144,1,-1,-1
598,48,357,120,131,144,1,-1,-1
599,48,357,121,131,144,1,-1,-1
600,48,356,122,132,144,1,-1,-1
601,48,356,123,132,144,1,-1,-1
602,48,350,121,137,147,1,-1,-1
603,48,344,119,143,150,1,-1,-1
604,48,338,117,149,153,1,-1,-1
605,48,332,116,155,156,1,-1,-1
606,48,326,114,161,159,1,-1,-1
607,48,320,112,166,162,1,-1,-1
608,48,314,111,172,165,1,-1,-1
609,48,308,109,178,168,1,-1,-1
610,48,302,107,184,171,1,-1,-1
611,48,296,106,190,174,1,-1,-1
612,48,295,105,191,174,1,-1,-1
613,48,295,105,191,174,1,-1,-1
614,48,294,105,192,174,1,-1,-1
615,48,294,105,192,174,1,-1,-1
616,48,294,105,192,174,1,-1,-1
617,48,293,105,193,174,1,-1,-1
618,48,293,105,193,174,1,-1,-1
619,48,292,105,194,174,1,-1,-1
620,48,292,105,194,174,1,-1,-1
621,48,292,105,194,174,1,-1,-1
622,48,291,105,195,174,1,-1,-1
623,48,291,105,195,174,1,-1,-1
624,48,290,105,196,174,1,-1,-1
625,48,290,105,196,174,1,-1,-1
626,48,290,105,196,174,1,-1,-1
627,48,289,105,197,174,1,-1,-1
628,48,289,105,197,174,1,-1,-1
629,48,288,105,198,174,1,-1,-1
630,48,288,105,198,174,1,-1,-1
631,48,288,105,198,174,1,-1,-1
632,48,287,103,199,174,1,-1,-1
633,48,286,102,201,174,1,-1,-1
634,48,286,101,201,174,1,-1,-1
635,48,285,100,203,173,1,-1,-1
636,48,285,99,203,173,1,-1,-1
637,48,284,97,205,174,1,-1,-1
638,48,283,96,206,173,1,-1,-1
639,48,283,95,207,173,1,-1,-1
640,48,282,94,208,173,1,-1,-1
641,48,282,93,209,173,1,-1,-1
642,48,281,90,209,175,1,-1,-1
643,48,281,88,209,177,1,-1,-1
644,48,281,86,208,179,1,-1,-1
645,48,281,84,208,181,1,-1,-1
646,48,281,82,207,183,1,-1,-1
647,48,281,80,207,185,1,-1,-1
648,48,281,78,206,187,1,-1,-1
649,48,281,76,206,189,1,-1,-1
650,48,281,74,205,191,1,-1,-1
651,48,281,72,205,193,1,-1,-1
652,48,281,72,205,193,1,-1,-1
653,48,281,72,205,193,1,-1,-1
654,48,281,72,205,193,1,-1,-1
655,48,281,72,205,193,1,-1,-1
656,48,281,72,205,193,1,-1,-1
657,48,281,72,205,193,1,-1,-1
658,48,281,72,205,193,1,-1,-1
659,48,281,72,205,193,1,-1,-1
660,48,281,72,205,193,1,-1,-1
392,49,265,207,171,73,1,-1,-1
393,49,264,207,171,72,1,-1,-1
394,49,264,207,171,71,1,-1,-1
395,49,264,207,171,71,1,-1,-1
396,49,264,207,171,70,1,-1,-1
397,49,264,207,171,70,1,-1,-1
398,49,263,207,171,69,1,-1,-1
399,49,263,207,171,68,1,-1,-1
400,49,263,207,171,68,1,-1,-1
401,49,263,207,171,67,1,-1,-1
402,49,263,207,171,67,1,-1,-1
403,49,262,207,171,67,1,-1,-1
404,49,262,207,171,67,1,-1,-1
405,49,262,207,171,67,1,-1,-1
406,49,262,207,171,67,1,-1,-1
407,49,262,207,171,67,1,-1,-1
408,49,262,207,171,67,1,-1,-1
409,49,261,207,171,68,1,-1,-1
410,49,261,207,171,68,1,-1,-1
411,49,261,207,171,68,1,-1,-1
412,49,261,207,171,68,1,-1,-1
413,49,261,207,171,68,1,-1,-1
414,49,261,207,171,68,1,-1,-1
415,49,261,207,171,68,1,-1,-1
416,49,260,207,171,69,1,-1,-1
417,49,260,207,171,69,1,-1,-1
418,49,260,207,171,69,1,-1,-1
419,49,260,207,171,69,1,-1,-1
420,49,260,207,171,69,1,-1,-1
421,49,260,207,171,69,1,-1,-1
422,49,260,208,171,69,1,-1,-1
423,49,259,208,171,69,1,-1,-1
424,49,259,208,171,69,1,-1,-1
425,49,259,208,171,69,1,-1,-1
426,49,259,208,171,70,1,-1,-1
427,49,259,208,171,70,1,-1,-1
428,49,258,208,172,70,1,-1,-1
429,49,258,208,171,71,1,-1,-1
430,49,258,208,171,71,1,-1,-1
431,49,258,208,171,71,1,-1,-1
432,49,258,208,171,72,1,-1,-1
433,49,257,208,172,72,1,-1,-1
434,49,257,208,172,72,1,-1,-1
435,49,257,208,171,73,1,-1,-1
436,49,257,208,171,73,1,-1,-1
437,49,257,208,171,73,1,-1,-1
438,49,257,208,171,74,1,-1,-1
439,49,256,208,172,74,1,-1,-1
440,49,256,208,172,74,1,-1,-1
441,49,256,208,171,75,1,-1,-1
442,49,256,208,171,75,1,-1,-1
443,49,256,208,171,75,1,-1,-1
444,49,255,208,172,76,1,-1,-1
445,49,255,208,172,76,1,-1,-1
446,49,255,208,172,76,1,-1,-1
447,49,255,209,171,76,1,-1,-1
448,49,255,209,171,76,1,-1,-1
449,49,255,209,171,76,1,-1,-1
450,49,254,209,172,77,1,-1,-1
451,49,254,209,172,77,1,-1,-1
452,49,254,209,172,77,1,-1,-1
453,49,254,209,171,78,1,-1,-1
454,49,254,209,171,78,1,-1,-1
455,49,253,209,172,78,1,-1,-1
456,49,253,209,172,79,1,-1,-1
457,49,253,209,172,79,1,-1,-1
458,49,253,209,172,79,1,-1,-1
459,49,253,209,171,80,1,-1,-1
460,49,253,209,171,80,1,-1,-1
461,49,252,209,172,80,1,-1,-1
462,49,252,209,172,81,1,-1,-1
463,49,252,209,172,81,1,-1,-1
464,49,252,209,172,81,1,-1,-1
465,49,252,209,171,82,1,-1,-1
466,49,251,209,172,82,1,-1,-1
467,49,251,209,172,82,1,-1,-1
468,49,251,209,172,83,1,-1,-1
469,49,251,209,172,83,1,-1,-1
470,49,251,209,172,83,1,-1,-1
471,49,251,210,172,83,1,-1,-1
472,49,250,210,172,83,1,-1,-1
473,49,250,210,172,83,1,-1,-1
474,49,250,210,172,83,1,-1,-1
475,49,249,211,172,83,1,-1,-1
476,49,249,211,172,83,1,-1,-1
477,49,249,211,172,83,1,-1,-1
478,49,249,211,172,83,1,-1,-1
479,49,248,212,172,83,1,-1,-1
480,49,248,212,172,83,1,-1,-1
481,49,248,212,172,83,1,-1,-1
482,49,247,212,172,83,1,-1,-1
483,49,247,213,172,83,1,-1,-1
484,49,247,213,172,83,1,-1,-1
485,49,247,213,172,83,1,-1,-1
486,49,246,213,172,83,1,-1,-1
487,49,246,214,172,83,1,-1,-1
488,49,246,214,172,83,1,-1,-1
489,49,246,214,172,83,1,-1,-1
490,49,245,214,172,83,1,-1,-1
491,49,245,215,172,83,1,-1,-1
492,49,245,215,172,83,1,-1,-1
493,49,244,215,172,83,1,-1,-1
494,49,244,215,172,83,1,-1,-1
495,49,244,216,172,83,1,-1,-1
496,49,244,216,172,83,1,-1,-1
497,49,243,216,172,83,1,-1,-1
498,49,243,216,172,83,1,-1,-1
499,49,243,217,172,83,1,-1,-1
500,49,243,217,172,83,1,-1,-1
501,49,242,217,172,83,1,-1,-1
502,49,242,217,172,83,1,-1,-1
503,49,242,218,172,83,1,-1,-1
504,49,241,218,172,83,1,-1,-1
505,49,241,218,172,83,1,-1,-1
506,49,241,218,172,83,1,-1,-1
507,49,241,219,172,83,1,-1,-1
508,49,240,219,172,83,1,-1,-1
509,49,240,219,172,83,1,-1,-1
510,49,240,219,172,83,1,-1,-1
511,49,240,220,172,83,1,-1,-1
512,49,239,220,173,83,1,-1,-1
513,49,238,221,174,83,1,-1,-1
514,49,238,222,174,83,1,-1,-1
515,49,237,223,175,82,1,-1,-1
516,49,237,224,175,82,1,-1,-1
517,49,236,224,176,83,1,-1,-1
518,49,235,225,177,82,1,-1,-1
519,49,235,226,177,82,1,-1,-1
520,49,234,227,178,82,1,-1,-1
521,49,234,228,178,82,1,-1,-1
522,49,233,228,178,82,1,-1,-1
523,49,232,228,179,82,1,-1,-1
524,49,231,228,180,82,1,-1,-1
525,49,231,228,180,82,1,-1,-1
526,49,230,229,181,81,1,-1,-1
527,49,229,229,181,81,1,-1,-1
528,49,228,229,182,82,1,-1,-1
529,49,228,229,182,82,1,-1,-1
530,49,227,229,183,82,1,-1,-1
531,49,226,230,184,81,1,-1,-1
532,49,225,230,184,81,1,-1,-1
533,49,225,230,184,81,1,-1,-1
534,49,224,230,185,81,1,-1,-1
535,49,223,230,186,82,1,-1,-1
536,49,222,231,187,81,1,-1,-1
537,49,222,231,186,81,1,-1,-1
538,49,221,231,187,81,1,-1,-1
539,49,220,231,188,81,1,-1,-1
540,49,219,231,189,81,1,-1,-1
541,49,219,232,189,81,1,-1,-1
542,49,217,232,190,80,1,-1,-1
543,49,216,232,191,80,1,-1,-1
544,49,215,232,192,80,1,-1,-1
545,49,214,232,192,80,1,-1,-1
546,49,213,232,193,80,1,-1,-1
547,49,211,232,195,80,1,-1,-1
548,49,210,232,195,80,1,-1,-1
549,49,209,232,196,80,1,-1,-1
550,49,208,232,197,80,1,-1,-1
551,49,207,232,198,80,1,-1,-1
552,49,205,232,199,80,1,-1,-1
553,49,204,232,199,80,1,-1,-1
554,49,202,232,201,80,1,-1,-1
555,49,201,232,201,80,1,-1,-1
556,49,200,232,202,80,1,-1,-1
557,49,198,232,203,80,1,-1,-1
558,49,197,232,203,80,1,-1,-1
559,49,195,232,205,80,1,-1,-1
560,49,194,232,205,80,1,-1,-1
561,49,193,233,206,79,1,-1,-1
562,49,192,233,206,79,1,-1,-1
563,49,192,234,206,79,1,-1,-1
564,49,192,234,205,79,1,-1,-1
565,49,191,235,206,79,1,-1,-1
566,49,191,236,205,79,1,-1,-1
567,49,191,236,205,79,1,-1,-1
568,49,190,237,205,79,1,-1,-1
569,49,190,237,205,79,1,-1,-1
570,49,190,238,204,79,1,-1,-1
571,49,190,239,204,79,1,-1,-1
572,49,189,239,204,79,1,-1,-1
573,49,188,240,205,79,1,-1,-1
574,49,187,240,206,79,1,-1,-1
575,49,186,241,207,79,1,-1,-1
576,49,185,241,208,79,1,-1,-1
577,49,184,242,208,79,1,-1,-1
578,49,183,242,209,79,1,-1,-1
579,49,182,243,210,79,1,-1,-1
580,49,181,243,211,79,1,-1,-1
581,49,181,244,211,79,1,-1,-1
582,49,180,245,211,78,1,-1,-1
583,49,179,245,212,79,1,-1,-1
584,49,178,246,213,78,1,-1,-1
585,49,177,246,214,79,1,-1,-1
586,49,176,247,215,78,1,-1,-1
587,49,175,247,215,79,1,-1,-1
588,49,174,248,216,78,1,-1,-1
589,49,173,248,217,79,1,-1,-1
590,49,172,249,218,78,1,-1,-1
591,49,172,250,218,78,1,-1,-1
592,49,171,250,218,78,1,-1,-1
593,49,171,250,218,78,1,-1,-1
594,49,171,250,218,78,1,-1,-1
595,49,171,251,218,78,1,-1,-1
596,49,171,251,218,78,1,-1,-1
597,49,171,251,218,78,1,-1,-1
598,49,171,252,218,78,1,-1,-1
599,49,171,252,218,78,1,-1,-1
600,49,171,252,218,78,1,-1,-1
601,49,171,253,218,78,1,-1,-1
602,49,169,252,219,79,1,-1,-1
603,49,167,252,221,79,1,-1,-1
604,49,166,251,222,81,1,-1,-1
605,49,164,251,224,81,1,-1,-1
606,49,163,251,225,81,1,-1,-1
607,49,161,250,227,83,1,-1,-1
608,49,159,250,228,83,1,-1,-1
609,49,158,250,229,83,1,-1,-1
610,49,156,249,231,85,1,-1,-1
611,49,155,249,232,85,1,-1,-1
612,49,153,248,234,87,1,-1,-1
613,49,151,248,236,87,1,-1,-1
614,49,150,248,236,87,1,-1,-1
615,49,148,247,238,89,1,-1,-1
616,49,147,247,239,89,1,-1,-1
617,49,145,247,241,89,1,-1,-1
618,49,143,246,243,91,1,-1,-1
619,49,142,246,244,91,1,-1,-1
620,49,140,246,245,91,1,-1,-1
621,49,139,245,246,93,1,-1,-1
622,49,137,245,248,93,1,-1,-1
623,49,135,244,250,95,1,-1,-1
624,49,134,244,251,95,1,-1,-1
625,49,132,244,253,95,1,-1,-1
626,49,131,243,253,97,1,-1,-1
627,49,129,243,255,97,1,-1,-1
628,49,127,243,257,97,1,-1,-1
629,49,126,242,258,99,1,-1,-1
630,49,124,242,260,99,1,-1,-1
631,49,123,242,261,100,1,-1,-1
632,49,122,242,261,99,1,-1,-1
633,49,121,242,262,99,1,-1,-1
634,49,120,242,263,99,1,-1,-1
635,49,119,242,263,99,1,-1,-1
636,49,119,242,263,99,1,-1,-1
637,49,118,242,264,99,1,-1,-1
638,49,117,242,264,99,1,-1,-1
639,49,116,242,265,99,1,-1,-1
640,49,116,242,265,99,1,-1,-1
641,49,115,242,265,99,1,-1,-1
642,49,114,242,266,99,1,-1,-1
643,49,113,242,267,99,1,-1,-1
644,49,113,242,266,99,1,-1,-1
645,49,112,242,267,99,1,-1,-1
646,49,111,242,268,99,1,-1,-1
647,49,110,242,269,99,1,-1,-1
648,49,110,242,268,99,1,-1,-1
649,49,109,242,269,99,1,-1,-1
650,49,108,242,270,99,1,-1,-1
651,49,107,242,270,99,1,-1,-1
652,49,107,242,270,99,1,-1,-1
653,49,106,242,271,99,1,-1,-1
654,49,105,242,271,99,1,-1,-1
655,49,104,242,272,99,1,-1,-1
656,49,104,242,272,99,1,-1,-1
657,49,103,242,272,99,1,-1,-1
658,49,102,242,273,99,1,-1,-1
659,49,101,242,274,99,1,-1,-1
660,49,101,242,274,99,1,-1,-1
