481,48,20,467,181,72,1,-1,-1
482,48,20,467,181,71,1,-1,-1
483,48,20,467,181,71,1,-1,-1
484,48,20,467,181,71,1,-1,-1
485,48,20,467,181,71,1,-1,-1
486,48,20,467,181,71,1,-1,-1
487,48,20,467,181,71,1,-1,-1
488,48,20,467,181,71,1,-1,-1
489,48,21,467,181,71,1,-1,-1
490,48,21,467,181,71,1,-1,-1
491,48,21,467,181,71,1,-1,-1
492,48,21,467,181,71,1,-1,-1
493,48,21,467,181,71,1,-1,-1
494,48,21,467,181,71,1,-1,-1
495,48,21,467,181,71,1,-1,-1
496,48,22,467,181,71,1,-1,-1
497,48,22,467,181,71,1,-1,-1
498,48,22,467,181,71,1,-1,-1
499,48,22,467,181,71,1,-1,-1
500,48,22,467,181,71,1,-1,-1
501,48,22,467,181,71,1,-1,-1
502,48,22,467,181,71,1,-1,-1
503,48,23,468,181,70,1,-1,-1
504,48,23,468,181,70,1,-1,-1
505,48,23,468,181,70,1,-1,-1
506,48,23,468,181,70,1,-1,-1
507,48,23,468,181,70,1,-1,-1
508,48,23,468,181,70,1,-1,-1
509,48,23,468,181,70,1,-1,-1
510,48,23,468,181,70,1,-1,-1
511,48,24,468,181,70,1,-1,-1
512,48,24,468,181,70,1,-1,-1
513,48,24,468,181,70,1,-1,-1
514,48,24,468,181,70,1,-1,-1
515,48,24,468,181,70,1,-1,-1
516,48,24,468,181,70,1,-1,-1
517,48,24,468,181,70,1,-1,-1
518,48,25,468,181,70,1,-1,-1
519,48,25,468,181,70,1,-1,-1
520,48,25,468,181,70,1,-1,-1
521,48,25,468,181,70,1,-1,-1
522,48,25,468,181,70,1,-1,-1
523,48,25,468,181,70,1,-1,-1
524,48,25,468,181,70,1,-1,-1
525,48,26,469,181,69,1,-1,-1
526,48,26,469,181,69,1,-1,-1
527,48,26,469,181,69,1,-1,-1
528,48,26,469,181,69,1,-1,-1
529,48,26,469,181,69,1,-1,-1
530,48,26,469,181,69,1,-1,-1
531,48,26,469,181,69,1,-1,-1
532,48,26,469,181,69,1,-1,-1
533,48,27,469,181,69,1,-1,-1
534,48,27,469,181,69,1,-1,-1
535,48,27,469,181,69,1,-1,-1
536,48,27,469,181,69,1,-1,-1
537,48,27,469,181,69,1,-1,-1
538,48,27,469,181,69,1,-1,-1
539,48,27,469,181,69,1,-1,-1
540,48,28,469,181,69,1,-1,-1
541,48,28,469,181,69,1,-1,-1
542,48,28,469,181,69,1,-1,-1
543,48,28,469,181,69,1,-1,-1
544,48,28,469,181,69,1,-1,-1
545,48,28,469,181,69,1,-1,-1
546,48,28,469,181,69,1,-1,-1
547,48,29,470,181,68,1,-1,-1
548,48,29,470,181,68,1,-1,-1
549,48,29,470,181,68,1,-1,-1
550,48,29,470,181,68,1,-1,-1
551,48,29,470,181,68,1,-1,-1
552,48,29,470,181,68,1,-1,-1
553,48,29,470,181,68,1,-1,-1
554,48,29,470,181,68,1,-1,-1
555,48,30,470,181,68,1,-1,-1
556,48,30,470,181,68,1,-1,-1
557,48,30,470,181,68,1,-1,-1
558,48,30,470,181,68,1,-1,-1
559,48,30,470,181,68,1,-1,-1
560,48,30,470,181,68,1,-1,-1
561,48,30,470,181,68,1,-1,-1
562,48,31,470,181,68,1,-1,-1
563,48,31,470,181,68,1,-1,-1
564,48,31,470,181,68,1,-1,-1
565,48,31,470,181,68,1,-1,-1
566,48,31,470,181,68,1,-1,-1
567,48,31,470,181,68,1,-1,-1
568,48,31,470,181,68,1,-1,-1
569,48,32,471,181,67,1,-1,-1
570,48,32,471,181,67,1,-1,-1
571,48,32,471,181,67,1,-1,-1
572,48,32,471,181,67,1,-1,-1
573,48,32,471,181,67,1,-1,-1
574,48,32,471,181,67,1,-1,-1
575,48,32,471,181,67,1,-1,-1
576,48,32,471,181,67,1,-1,-1
577,48,33,471,181,67,1,-1,-1
578,48,33,471,181,67,1,-1,-1
579,48,33,471,181,67,1,-1,-1
580,48,33,471,181,67,1,-1,-1
581,48,33,471,181,67,1,-1,-1
582,48,33,471,181,67,1,-1,-1
583,48,33,471,181,67,1,-1,-1
584,48,34,471,181,67,1,-1,-1
585,48,34,471,181,67,1,-1,-1
586,48,34,471,181,67,1,-1,-1
587,48,34,471,181,67,1,-1,-1
588,48,34,471,181,67,1,-1,-1
589,48,34,471,181,67,1,-1,-1
590,48,34,471,181,67,1,-1,-1
591,48,35,472,181,66,1,-1,-1
592,48,35,472,181,66,1,-1,-1
593,48,35,472,181,66,1,-1,-1
594,48,35,472,181,66,1,-1,-1
595,48,35,472,181,66,1,-1,-1
596,48,35,472,181,66,1,-1,-1
597,48,35,472,181,66,1,-1,-1
598,48,35,472,181,66,1,-1,-1
599,48,35,472,181,66,1,-1,-1
600,48,35,472,181,66,1,-1,-1
601,48,35,472,181,66,1,-1,-1
602,48,34,471,182,67,1,-1,-1
603,48,34,471,182,67,1,-1,-1
604,48,34,471,182,67,1,-1,-1
605,48,34,470,182,68,1,-1,-1
606,48,33,470,184,68,1,-1,-1
607,48,33,470,184,68,1,-1,-1
608,48,33,469,184,69,1,-1,-1
609,48,33,469,184,69,1,-1,-1
610,48,32,469,185,69,1,-1,-1
611,48,32,468,186,70,1,-1,-1
612,48,32,468,186,70,1,-1,-1
613,48,32,468,186,70,1,-1,-1
614,48,31,467,187,71,1,-1,-1
615,48,31,467,187,71,1,-1,-1
616,48,31,467,188,71,1,-1,-1
617,48,31,466,188,72,1,-1,-1
618,48,30,466,189,72,1,-1,-1
619,48,30,466,189,72,1,-1,-1
620,48,30,465,189,73,1,-1,-1
621,48,30,465,190,73,1,-1,-1
622,48,29,465,191,73,1,-1,-1
623,48,29,464,191,74,1,-1,-1
624,48,29,464,191,74,1,-1,-1
625,48,29,464,191,74,1,-1,-1
626,48,28,463,193,75,1,-1,-1
627,48,28,463,193,75,1,-1,-1
628,48,28,463,193,75,1,-1,-1
629,48,28,463,193,75,1,-1,-1
630,48,27,462,194,76,1,-1,-1
631,48,27,462,195,76,1,-1,-1
632,48,27,462,195,76,1,-1,-1
633,48,27,461,195,77,1,-1,-1
634,48,26,461,196,77,1,-1,-1
635,48,26,461,196,77,1,-1,-1
636,48,26,460,197,78,1,-1,-1
637,48,26,460,197,78,1,-1,-1
638,48,25,460,198,78,1,-1,-1
639,48,25,459,198,79,1,-1,-1
640,48,25,459,198,79,1,-1,-1
641,48,25,459,199,79,1,-1,-1
642,48,24,458,200,80,1,-1,-1
643,48,24,458,200,80,1,-1,-1
644,48,24,458,200,80,1,-1,-1
645,48,24,457,200,81,1,-1,-1
646,48,23,457,202,81,1,-1,-1
647,48,23,457,202,81,1,-1,-1
648,48,23,456,202,82,1,-1,-1
649,48,23,456,202,82,1,-1,-1
650,48,22,456,203,82,1,-1,-1
651,48,22,455,204,83,1,-1,-1
652,48,22,455,204,83,1,-1,-1
653,48,22,455,204,83,1,-1,-1
654,48,21,454,205,84,1,-1,-1
655,48,21,454,205,84,1,-1,-1
656,48,21,454,206,84,1,-1,-1
657,48,21,454,206,84,1,-1,-1
658,48,20,453,207,85,1,-1,-1
659,48,20,453,207,85,1,-1,-1
660,48,20,453,207,85,1,-1,-1
661,48,20,452,208,86,1,-1,-1
662,48,19,452,209,86,1,-1,-1
663,48,19,452,209,86,1,-1,-1
664,48,19,451,209,87,1,-1,-1
665,48,19,451,209,87,1,-1,-1
666,48,18,451,211,87,1,-1,-1
667,48,18,450,211,88,1,-1,-1
668,48,18,450,211,88,1,-1,-1
669,48,18,450,211,88,1,-1,-1
670,48,17,449,212,89,1,-1,-1
671,48,17,449,213,89,1,-1,-1
672,48,17,449,213,89,1,-1,-1
673,48,17,448,213,90,1,-1,-1
674,48,16,448,214,90,1,-1,-1
675,48,16,448,214,90,1,-1,-1
676,48,16,447,215,91,1,-1,-1
677,48,16,447,215,91,1,-1,-1
678,48,15,447,216,91,1,-1,-1
679,48,15,446,216,92,1,-1,-1
680,48,15,446,216,92,1,-1,-1
681,48,15,446,217,92,1,-1,-1
682,48,14,445,218,93,1,-1,-1
683,48,14,445,218,93,1,-1,-1
684,48,14,445,218,93,1,-1,-1
685,48,14,445,218,93,1,-1,-1
686,48,13,444,220,94,1,-1,-1
687,48,13,444,220,94,1,-1,-1
688,48,13,444,220,94,1,-1,-1
689,48,13,443,220,95,1,-1,-1
690,48,12,443,221,95,1,-1,-1
691,48,12,443,222,95,1,-1,-1
692,48,12,442,222,96,1,-1,-1
693,48,12,442,222,96,1,-1,-1
694,48,11,442,223,96,1,-1,-1
695,48,11,441,223,97,1,-1,-1
696,48,11,441,224,97,1,-1,-1
697,48,11,441,224,97,1,-1,-1
698,48,10,440,225,98,1,-1,-1
699,48,10,440,225,98,1,-1,-1
700,48,10,440,225,98,1,-1,-1
701,48,10,439,226,99,1,-1,-1
702,48,9,439,227,99,1,-1,-1
703,48,9,439,227,99,1,-1,-1
704,48,9,438,227,100,1,-1,-1
705,48,9,438,227,100,1,-1,-1
706,48,8,438,229,100,1,-1,-1
707,48,8,437,229,101,1,-1,-1
708,48,8,437,229,101,1,-1,-1
709,48,8,437,229,101,1,-1,-1
710,48,7,436,230,102,1,-1,-1
711,48,7,436,231,102,1,-1,-1
712,48,7,436,231,102,1,-1,-1
713,48,7,436,231,102,1,-1,-1
714,48,6,435,232,103,1,-1,-1
715,48,6,435,232,103,1,-1,-1
716,48,6,435,233,103,1,-1,-1
717,48,6,434,233,104,1,-1,-1
718,48,5,434,234,104,1,-1,-1
719,48,5,434,234,104,1,-1,-1
720,48,5,433,234,105,1,-1,-1
721,48,5,433,235,105,1,-1,-1
722,48,4,433,236,105,1,-1,-1
723,48,4,432,236,106,1,-1,-1
724,48,4,432,236,106,1,-1,-1
725,48,4,432,236,106,1,-1,-1
726,48,3,431,238,107,1,-1,-1
727,48,3,431,238,107,1,-1,-1
728,48,3,431,238,107,1,-1,-1
729,48,3,430,238,108,1,-1,-1
730,48,2,430,239,108,1,-1,-1
731,48,2,430,240,108,1,-1,-1
732,48,2,429,240,109,1,-1,-1
733,48,2,429,240,109,1,-1,-1
734,48,1,429,241,109,1,-1,-1
735,48,1,428,241,110,1,-1,-1
736,48,1,428,242,110,1,-1,-1
737,48,1,428,242,110,1,-1,-1
738,48,0,427,243,111,1,-1,-1
739,48,0,427,243,111,1,-1,-1
740,48,0,427,243,111,1,-1,-1
741,48,0,427,244,112,1,-1,-1
742,48,0,425,244,114,1,-1,-1
743,48,0,424,244,115,1,-1,-1
744,48,0,423,244,116,1,-1,-1
745,48,0,422,244,117,1,-1,-1
746,48,0,421,244,118,1,-1,-1
747,48,0,419,244,120,1,-1,-1
748,48,0,418,244,121,1,-1,-1
749,48,0,417,244,122,1,-1,-1
750,48,0,416,244,123,1,-1,-1
751,48,0,415,244,124,1,-1,-1
752,48,0,414,244,124,1,-1,-1
753,48,0,413,244,125,1,-1,-1
754,48,0,412,244,126,1,-1,-1
755,48,0,411,244,127,1,-1,-1
756,48,0,411,244,127,1,-1,-1
757,48,0,410,244,128,1,-1,-1
758,48,0,409,244,129,1,-1,-1
759,48,0,408,244,130,1,-1,-1
760,48,0,407,244,131,1,-1,-1
761,48,0,407,244,131,1,-1,-1
762,48,0,406,244,132,1,-1,-1
763,48,0,405,244,133,1,-1,-1
764,48,0,404,244,134,1,-1,-1
765,48,0,403,244,135,1,-1,-1
766,48,0,403,244,135,1,-1,-1
767,48,0,402,244,136,1,-1,-1
768,48,0,401,244,137,1,-1,-1
769,48,0,400,244,138,1,-1,-1
770,48,0,399,244,139,1,-1,-1
771,48,0,399,244,139,1,-1,-1
772,48,0,398,244,139,1,-1,-1
773,48,0,397,244,140,1,-1,-1
774,48,0,397,244,140,1,-1,-1
775,48,0,396,244,141,1,-1,-1
776,48,0,396,244,141,1,-1,-1
777,48,0,395,244,142,1,-1,-1
778,48,0,394,244,143,1,-1,-1
779,48,0,394,244,143,1,-1,-1
780,48,0,393,244,144,1,-1,-1
781,48,0,393,244,144,1,-1,-1
782,48,0,392,244,144,1,-1,-1
783,48,0,392,244,144,1,-1,-1
784,48,0,391,244,145,1,-1,-1
785,48,0,391,244,144,1,-1,-1
786,48,0,390,244,145,1,-1,-1
787,48,0,390,244,145,1,-1,-1
788,48,0,389,244,145,1,-1,-1
789,48,0,389,244,145,1,-1,-1
790,48,0,388,244,146,1,-1,-1
791,48,0,388,244,146,1,-1,-1
792,48,0,386,244,148,1,-1,-1
793,48,0,385,244,149,1,-1,-1
794,48,0,383,244,152,1,-1,-1
795,48,0,382,244,153,1,-1,-1
796,48,0,380,244,156,1,-1,-1
797,48,0,379,244,157,1,-1,-1
798,48,0,377,244,159,1,-1,-1
799,48,0,376,244,161,1,-1,-1
800,48,0,374,244,163,1,-1,-1
801,48,0,373,244,165,1,-1,-1
802,48,0,370,244,167,1,-1,-1
803,48,0,368,244,169,1,-1,-1
804,48,0,366,244,171,1,-1,-1
805,48,0,364,244,173,1,-1,-1
806,48,0,362,244,175,1,-1,-1
807,48,0,360,244,176,1,-1,-1
808,48,0,358,244,178,1,-1,-1
809,48,0,356,244,180,1,-1,-1
810,48,0,354,244,182,1,-1,-1
811,48,0,352,244,184,1,-1,-1
812,48,0,352,244,184,1,-1,-1
813,48,0,353,244,183,1,-1,-1
814,48,0,354,244,182,1,-1,-1
815,48,0,354,244,182,1,-1,-1
816,48,0,355,244,182,1,-1,-1
817,48,0,356,244,181,1,-1,-1
818,48,0,356,244,181,1,-1,-1
819,48,0,357,244,180,1,-1,-1
820,48,0,358,244,179,1,-1,-1
821,48,0,359,244,179,1,-1,-1
822,48,0,357,244,181,1,-1,-1
823,48,0,356,244,182,1,-1,-1
824,48,0,354,244,184,1,-1,-1
825,48,0,353,244,185,1,-1,-1
826,48,0,352,244,186,1,-1,-1
827,48,0,350,244,188,1,-1,-1
828,48,0,349,244,189,1,-1,-1
829,48,0,347,244,191,1,-1,-1
830,48,0,346,244,192,1,-1,-1
831,48,0,345,244,194,1,-1,-1
832,48,0,342,243,196,1,-1,-1
833,48,0,339,243,199,1,-1,-1
834,48,0,337,242,201,1,-1,-1
835,48,0,334,242,204,1,-1,-1
836,48,0,332,242,206,1,-1,-1
837,48,0,329,241,209,1,-1,-1
838,48,0,326,241,212,1,-1,-1
839,48,0,324,240,214,1,-1,-1
840,48,0,321,240,217,1,-1,-1
841,48,0,319,240,219,1,-1,-1
842,48,0,317,239,221,1,-1,-1
843,48,0,316,239,222,1,-1,-1
844,48,0,315,239,223,1,-1,-1
845,48,0,313,239,225,1,-1,-1
846,48,0,312,239,226,1,-1,-1
847,48,0,311,238,227,1,-1,-1
848,48,0,309,238,229,1,-1,-1
849,48,0,308,238,230,1,-1,-1
850,48,0,307,238,231,1,-1,-1
851,48,0,306,238,233,1,-1,-1
852,48,0,305,238,234,1,-1,-1
853,48,0,305,239,234,1,-1,-1
854,48,0,304,240,235,1,-1,-1
855,48,0,304,240,235,1,-1,-1
856,48,0,303,241,236,1,-1,-1
857,48,0,303,242,236,1,-1,-1
858,48,0,302,242,237,1,-1,-1
859,48,0,302,243,237,1,-1,-1
860,48,0,301,244,238,1,-1,-1
861,48,0,301,245,238,1,-1,-1
862,48,0,300,245,239,1,-1,-1
863,48,0,300,246,239,1,-1,-1
864,48,0,299,247,240,1,-1,-1
865,48,0,299,247,240,1,-1,-1
866,48,0,298,248,241,1,-1,-1
867,48,0,298,249,241,1,-1,-1
868,48,0,297,249,242,1,-1,-1
869,48,0,297,250,242,1,-1,-1
870,48,0,296,251,243,1,-1,-1
871,48,0,296,252,243,1,-1,-1
872,48,0,292,252,246,1,-1,-1
873,48,0,288,252,250,1,-1,-1
874,48,0,284,252,254,1,-1,-1
875,48,0,281,252,257,1,-1,-1
876,48,0,277,252,261,1,-1,-1
877,48,0,273,252,265,1,-1,-1
878,48,0,270,252,268,1,-1,-1
879,48,0,266,252,272,1,-1,-1
880,48,0,262,252,276,1,-1,-1
881,48,0,259,253,279,1,-1,-1
882,48,0,259,253,279,1,-1,-1
883,48,0,260,253,278,1,-1,-1
884,48,0,261,253,277,1,-1,-1
885,48,0,261,253,277,1,-1,-1
886,48,0,262,253,276,1,-1,-1
887,48,0,263,253,275,1,-1,-1
888,48,0,263,253,275,1,-1,-1
889,48,0,264,253,274,1,-1,-1
890,48,0,265,253,273,1,-1,-1
891,48,0,266,253,273,1,-1,-1
892,48,0,266,252,273,1,-1,-1
893,48,0,266,252,273,1,-1,-1
894,48,0,266,252,273,1,-1,-1
895,48,0,267,252,272,1,-1,-1
896,48,0,267,252,272,1,-1,-1
897,48,0,267,252,272,1,-1,-1
898,48,0,268,252,271,1,-1,-1
899,48,0,268,252,271,1,-1,-1
900,48,0,268,252,271,1,-1,-1
901,48,0,269,252,270,1,-1,-1
902,48,0,269,252,269,1,-1,-1
903,48,0,269,252,269,1,-1,-1
904,48,0,269,252,269,1,-1,-1
905,48,0,269,252,269,1,-1,-1
906,48,0,269,252,269,1,-1,-1
907,48,0,269,252,269,1,-1,-1
908,48,0,269,252,269,1,-1,-1
909,48,0,269,252,269,1,-1,-1
910,48,0,269,252,269,1,-1,-1
911,48,0,270,252,268,1,-1,-1
912,48,0,270,252,267,1,-1,-1
913,48,0,270,252,267,1,-1,-1
914,48,0,270,252,267,1,-1,-1
915,48,0,270,252,267,1,-1,-1
916,48,0,270,253,267,1,-1,-1
917,48,0,270,253,267,1,-1,-1
918,48,0,270,253,267,1,-1,-1
919,48,0,270,253,267,1,-1,-1
920,48,0,270,253,267,1,-1,-1
921,48,0,271,253,266,1,-1,-1
922,48,0,271,253,265,1,-1,-1
923,48,0,271,253,265,1,-1,-1
924,48,0,271,253,265,1,-1,-1
925,48,0,271,253,265,1,-1,-1
926,48,0,271,253,265,1,-1,-1
927,48,0,271,253,265,1,-1,-1
928,48,0,271,253,265,1,-1,-1
929,48,0,271,253,265,1,-1,-1
930,48,0,271,253,265,1,-1,-1
931,48,0,272,254,264,1,-1,-1
932,48,0,271,254,265,1,-1,-1
933,48,0,271,254,265,1,-1,-1
934,48,0,271,254,265,1,-1,-1
935,48,0,271,254,265,1,-1,-1
936,48,0,271,254,266,1,-1,-1
937,48,0,271,254,266,1,-1,-1
938,48,0,271,254,266,1,-1,-1
939,48,0,271,254,266,1,-1,-1
940,48,0,271,254,266,1,-1,-1
941,48,0,271,254,267,1,-1,-1
942,48,0,271,254,267,1,-1,-1
943,48,0,271,254,267,1,-1,-1
944,48,0,272,254,266,1,-1,-1
945,48,0,272,254,266,1,-1,-1
946,48,0,273,254,265,1,-1,-1
947,48,0,273,254,265,1,-1,-1
948,48,0,274,254,264,1,-1,-1
949,48,0,274,254,264,1,-1,-1
950,48,0,275,254,263,1,-1,-1
951,48,0,275,254,263,1,-1,-1
952,48,0,275,254,263,1,-1,-1
953,48,0,276,254,262,1,-1,-1
954,48,0,276,254,262,1,-1,-1
955,48,0,277,254,261,1,-1,-1
956,48,0,277,254,261,1,-1,-1
957,48,0,278,254,260,1,-1,-1
958,48,0,278,254,260,1,-1,-1
959,48,0,279,254,259,1,-1,-1
960,48,0,279,254,259,1,-1,-1
961,48,0,280,254,258,1,-1,-1
962,48,0,280,254,258,1,-1,-1
963,48,0,281,254,257,1,-1,-1
964,48,0,282,254,256,1,-1,-1
965,48,0,283,254,255,1,-1,-1
966,48,0,284,254,254,1,-1,-1
967,48,0,285,254,254,1,-1,-1
341,59,888,0,134,63,1,-1,-1
342,59,887,0,134,63,1,-1,-1
343,59,887,0,134,63,1,-1,-1
344,59,887,0,134,64,1,-1,-1
345,59,887,0,134,64,1,-1,-1
346,59,886,0,135,65,1,-1,-1
347,59,886,0,135,65,1,-1,-1
348,59,886,0,135,66,1,-1,-1
349,59,886,0,135,66,1,-1,-1
350,59,885,0,136,67,1,-1,-1
351,59,885,0,136,67,1,-1,-1
352,59,885,0,136,68,1,-1,-1
353,59,885,0,136,68,1,-1,-1
354,59,884,0,137,69,1,-1,-1
355,59,884,0,137,69,1,-1,-1
356,59,884,0,137,70,1,-1,-1
357,59,884,0,137,70,1,-1,-1
358,59,884,0,137,71,1,-1,-1
359,59,883,0,138,71,1,-1,-1
360,59,883,0,138,72,1,-1,-1
361,59,883,0,138,72,1,-1,-1
362,59,883,0,138,73,1,-1,-1
363,59,882,0,139,73,1,-1,-1
364,59,882,0,139,74,1,-1,-1
365,59,882,0,139,74,1,-1,-1
366,59,882,0,139,75,1,-1,-1
367,59,881,0,140,75,1,-1,-1
368,59,881,0,140,76,1,-1,-1
369,59,881,0,140,76,1,-1,-1
370,59,881,0,140,77,1,-1,-1
371,59,881,0,140,77,1,-1,-1
372,59,880,0,141,77,1,-1,-1
373,59,880,0,141,78,1,-1,-1
374,59,880,0,141,78,1,-1,-1
375,59,880,0,141,79,1,-1,-1
376,59,879,0,142,79,1,-1,-1
377,59,879,0,142,80,1,-1,-1
378,59,879,0,142,80,1,-1,-1
379,59,879,0,142,81,1,-1,-1
380,59,878,0,143,81,1,-1,-1
381,59,878,0,143,82,1,-1,-1
382,59,878,0,143,82,1,-1,-1
383,59,878,0,143,83,1,-1,-1
384,59,877,0,144,83,1,-1,-1
385,59,877,0,144,84,1,-1,-1
386,59,877,0,144,84,1,-1,-1
387,59,877,0,144,85,1,-1,-1
388,59,877,0,144,85,1,-1,-1
389,59,876,0,145,86,1,-1,-1
390,59,876,0,145,86,1,-1,-1
391,59,876,0,145,87,1,-1,-1
392,59,876,0,145,87,1,-1,-1
393,59,875,0,146,88,1,-1,-1
394,59,875,0,146,88,1,-1,-1
395,59,875,0,146,89,1,-1,-1
396,59,875,0,146,89,1,-1,-1
397,59,874,0,147,90,1,-1,-1
398,59,874,0,147,90,1,-1,-1
399,59,874,0,147,91,1,-1,-1
400,59,874,0,147,91,1,-1,-1
401,59,874,0,147,92,1,-1,-1
402,59,873,0,148,92,1,-1,-1
403,59,873,0,148,92,1,-1,-1
404,59,873,0,148,92,1,-1,-1
405,59,873,0,148,92,1,-1,-1
406,59,872,0,149,92,1,-1,-1
407,59,872,0,149,92,1,-1,-1
408,59,872,0,149,92,1,-1,-1
409,59,872,0,149,92,1,-1,-1
410,59,872,0,149,92,1,-1,-1
411,59,871,0,150,92,1,-1,-1
412,59,871,0,150,92,1,-1,-1
413,59,871,0,150,92,1,-1,-1
414,59,871,0,150,92,1,-1,-1
415,59,871,0,150,93,1,-1,-1
416,59,870,0,151,93,1,-1,-1
417,59,870,0,151,93,1,-1,-1
418,59,870,0,151,93,1,-1,-1
419,59,870,0,151,93,1,-1,-1
420,59,869,0,152,93,1,-1,-1
421,59,869,0,152,93,1,-1,-1
422,59,869,0,152,93,1,-1,-1
423,59,869,0,152,93,1,-1,-1
424,59,869,0,152,93,1,-1,-1
425,59,868,0,153,93,1,-1,-1
426,59,868,0,153,93,1,-1,-1
427,59,868,0,153,93,1,-1,-1
428,59,868,0,153,94,1,-1,-1
429,59,868,0,153,94,1,-1,-1
430,59,867,0,154,94,1,-1,-1
431,59,867,0,154,94,1,-1,-1
432,59,867,0,154,94,1,-1,-1
433,59,867,0,154,94,1,-1,-1
434,59,866,0,155,94,1,-1,-1
435,59,866,0,155,94,1,-1,-1
436,59,866,0,155,94,1,-1,-1
437,59,866,0,155,94,1,-1,-1
438,59,866,0,155,94,1,-1,-1
439,59,865,0,156,94,1,-1,-1
440,59,865,0,156,94,1,-1,-1
441,59,865,0,156,95,1,-1,-1
442,59,865,0,156,95,1,-1,-1
443,59,865,0,156,95,1,-1,-1
444,59,864,0,157,95,1,-1,-1
445,59,864,0,157,95,1,-1,-1
446,59,864,0,157,95,1,-1,-1
447,59,864,0,157,95,1,-1,-1
448,59,864,0,157,95,1,-1,-1
449,59,863,0,158,95,1,-1,-1
450,59,863,0,158,95,1,-1,-1
451,59,863,0,158,95,1,-1,-1
452,59,863,0,158,95,1,-1,-1
453,59,862,0,159,95,1,-1,-1
454,59,862,0,159,95,1,-1,-1
455,59,862,0,159,96,1,-1,-1
456,59,862,0,159,96,1,-1,-1
457,59,862,0,159,96,1,-1,-1
458,59,861,0,160,96,1,-1,-1
459,59,861,0,160,96,1,-1,-1
460,59,861,0,160,96,1,-1,-1
461,59,861,0,160,96,1,-1,-1
462,59,861,0,160,96,1,-1,-1
463,59,860,0,161,96,1,-1,-1
464,59,860,0,161,96,1,-1,-1
465,59,860,0,161,96,1,-1,-1
466,59,860,0,161,96,1,-1,-1
467,59,859,0,162,96,1,-1,-1
468,59,859,0,162,97,1,-1,-1
469,59,859,0,162,97,1,-1,-1
470,59,859,0,162,97,1,-1,-1
471,59,859,0,162,97,1,-1,-1
472,59,858,0,163,97,1,-1,-1
473,59,858,0,163,97,1,-1,-1
474,59,858,0,163,97,1,-1,-1
475,59,858,0,163,97,1,-1,-1
476,59,858,0,163,97,1,-1,-1
477,59,857,0,164,97,1,-1,-1
478,59,857,0,164,97,1,-1,-1
479,59,857,0,164,97,1,-1,-1
480,59,857,0,164,97,1,-1,-1
481,59,857,0,164,98,1,-1,-1
482,59,856,0,164,97,1,-1,-1
483,59,856,0,164,97,1,-1,-1
484,59,856,0,164,97,1,-1,-1
485,59,856,0,164,97,1,-1,-1
486,59,856,0,164,97,1,-1,-1
487,59,856,0,164,97,1,-1,-1
488,59,856,0,164,97,1,-1,-1
489,59,856,0,164,97,1,-1,-1
490,59,855,0,165,97,1,-1,-1
491,59,855,0,165,97,1,-1,-1
492,59,855,0,165,97,1,-1,-1
493,59,855,0,165,97,1,-1,-1
494,59,855,0,165,97,1,-1,-1
495,59,855,0,165,97,1,-1,-1
496,59,855,0,165,97,1,-1,-1
497,59,855,0,165,97,1,-1,-1
498,59,854,0,166,96,1,-1,-1
499,59,854,0,166,96,1,-1,-1
500,59,854,0,166,96,1,-1,-1
501,59,854,0,166,96,1,-1,-1
502,59,854,0,166,96,1,-1,-1
503,59,854,0,166,96,1,-1,-1
504,59,854,0,166,96,1,-1,-1
505,59,854,0,166,96,1,-1,-1
506,59,854,0,166,96,1,-1,-1
507,59,853,0,167,96,1,-1,-1
508,59,853,0,167,96,1,-1,-1
509,59,853,0,167,96,1,-1,-1
510,59,853,0,167,96,1,-1,-1
511,59,853,0,167,96,1,-1,-1
512,59,853,0,167,96,1,-1,-1
513,59,853,0,167,96,1,-1,-1
514,59,853,0,167,96,1,-1,-1
515,59,852,0,168,95,1,-1,-1
516,59,852,0,168,95,1,-1,-1
517,59,852,0,168,95,1,-1,-1
518,59,852,0,168,95,1,-1,-1
519,59,852,0,168,95,1,-1,-1
520,59,852,0,168,95,1,-1,-1
521,59,852,0,168,95,1,-1,-1
522,59,852,0,168,95,1,-1,-1
523,59,851,0,169,95,1,-1,-1
524,59,851,0,169,95,1,-1,-1
525,59,851,0,169,95,1,-1,-1
526,59,851,0,169,95,1,-1,-1
527,59,851,0,169,95,1,-1,-1
528,59,851,0,169,95,1,-1,-1
529,59,851,0,169,95,1,-1,-1
530,59,851,0,169,95,1,-1,-1
531,59,851,0,169,95,1,-1,-1
532,59,851,0,169,95,1,-1,-1
533,59,851,0,169,95,1,-1,-1
534,59,851,0,169,95,1,-1,-1
535,59,851,0,169,95,1,-1,-1
536,59,851,0,169,95,1,-1,-1
537,59,851,0,169,95,1,-1,-1
538,59,851,0,169,95,1,-1,-1
539,59,851,0,169,95,1,-1,-1
540,59,851,0,169,95,1,-1,-1
541,59,851,0,169,95,1,-1,-1
542,59,851,0,169,95,1,-1,-1
543,59,851,0,169,95,1,-1,-1
544,59,851,0,169,95,1,-1,-1
545,59,851,0,169,95,1,-1,-1
546,59,851,0,169,95,1,-1,-1
547,59,851,0,169,95,1,-1,-1
548,59,851,0,169,95,1,-1,-1
549,59,851,0,169,95,1,-1,-1
550,59,851,0,169,95,1,-1,-1
551,59,851,0,169,95,1,-1,-1
552,59,851,0,169,95,1,-1,-1
553,59,851,0,169,95,1,-1,-1
554,59,851,0,169,95,1,-1,-1
555,59,851,0,169,95,1,-1,-1
556,59,851,0,169,95,1,-1,-1
557,59,851,0,169,95,1,-1,-1
558,59,851,0,169,95,1,-1,-1
559,59,851,0,169,95,1,-1,-1
560,59,851,0,169,95,1,-1,-1
561,59,851,0,169,95,1,-1,-1
562,59,851,0,169,95,1,-1,-1
563,59,851,0,169,95,1,-1,-1
564,59,851,0,169,95,1,-1,-1
565,59,851,0,169,95,1,-1,-1
566,59,851,0,169,95,1,-1,-1
567,59,851,0,169,95,1,-1,-1
568,59,851,0,169,95,1,-1,-1
569,59,851,0,169,95,1,-1,-1
570,59,851,0,169,95,1,-1,-1
571,59,851,0,169,95,1,-1,-1
572,59,851,0,169,95,1,-1,-1
573,59,851,0,169,95,1,-1,-1
574,59,851,0,169,95,1,-1,-1
575,59,851,0,169,95,1,-1,-1
576,59,851,0,169,95,1,-1,-1
577,59,851,0,169,95,1,-1,-1
578,59,851,0,169,95,1,-1,-1
579,59,851,0,169,95,1,-1,-1
580,59,851,0,169,95,1,-1,-1
581,59,851,0,169,95,1,-1,-1
582,59,851,0,169,95,1,-1,-1
583,59,851,0,169,95,1,-1,-1
584,59,851,0,169,95,1,-1,-1
585,59,851,0,169,95,1,-1,-1
586,59,851,0,169,95,1,-1,-1
587,59,851,0,169,95,1,-1,-1
588,59,851,0,169,95,1,-1,-1
589,59,851,0,169,95,1,-1,-1
590,59,851,0,169,95,1,-1,-1
591,59,851,0,169,95,1,-1,-1
592,59,851,0,169,95,1,-1,-1
593,59,851,0,169,95,1,-1,-1
594,59,851,0,169,95,1,-1,-1
595,59,851,0,169,95,1,-1,-1
596,59,851,0,169,95,1,-1,-1
597,59,851,0,169,95,1,-1,-1
598,59,851,0,169,95,1,-1,-1
599,59,851,0,169,95,1,-1,-1
600,59,851,0,169,95,1,-1,-1
601,59,851,0,169,95,1,-1,-1
602,59,851,0,169,95,1,-1,-1
603,59,851,0,169,95,1,-1,-1
604,59,851,0,169,95,1,-1,-1
605,59,851,0,169,95,1,-1,-1
606,59,851,0,169,95,1,-1,-1
607,59,851,0,169,95,1,-1,-1
608,59,851,0,169,95,1,-1,-1
609,59,851,0,169,95,1,-1,-1
610,59,851,0,169,95,1,-1,-1
611,59,851,0,169,95,1,-1,-1
612,59,851,0,169,95,1,-1,-1
613,59,851,0,169,95,1,-1,-1
614,59,851,0,169,95,1,-1,-1
615,59,851,0,169,95,1,-1,-1
616,59,851,0,169,95,1,-1,-1
617,59,851,0,169,95,1,-1,-1
618,59,851,0,169,95,1,-1,-1
619,59,851,0,169,95,1,-1,-1
620,59,851,0,169,95,1,-1,-1
621,59,851,0,169,95,1,-1,-1
622,59,851,0,169,95,1,-1,-1
