301,14,791,94,225,51,1,-1,-1
302,14,791,94,225,51,1,-1,-1
303,14,791,94,225,51,1,-1,-1
304,14,791,94,225,51,1,-1,-1
305,14,791,94,225,51,1,-1,-1
306,14,791,94,225,51,1,-1,-1
307,14,791,94,225,51,1,-1,-1
308,14,791,94,225,51,1,-1,-1
309,14,791,94,225,51,1,-1,-1
310,14,791,94,225,51,1,-1,-1
311,14,791,94,225,51,1,-1,-1
312,14,791,94,225,51,1,-1,-1
313,14,791,94,225,51,1,-1,-1
314,14,791,94,225,51,1,-1,-1
315,14,791,94,225,51,1,-1,-1
316,14,791,94,225,51,1,-1,-1
317,14,791,94,225,51,1,-1,-1
318,14,791,94,225,51,1,-1,-1
319,14,791,94,225,51,1,-1,-1
320,14,791,94,225,51,1,-1,-1
321,14,791,94,225,51,1,-1,-1
322,14,791,94,225,51,1,-1,-1
323,14,791,94,225,51,1,-1,-1
324,14,791,94,225,51,1,-1,-1
325,14,791,94,225,51,1,-1,-1
326,14,791,94,225,51,1,-1,-1
327,14,791,94,225,51,1,-1,-1
328,14,791,94,225,51,1,-1,-1
329,14,791,94,225,51,1,-1,-1
330,14,791,94,225,51,1,-1,-1
331,14,791,94,225,51,1,-1,-1
332,14,791,94,225,51,1,-1,-1
333,14,791,94,225,51,1,-1,-1
334,14,791,94,225,51,1,-1,-1
335,14,791,94,225,51,1,-1,-1
336,14,791,94,225,51,1,-1,-1
337,14,791,94,225,51,1,-1,-1
338,14,791,94,225,51,1,-1,-1
339,14,791,94,225,51,1,-1,-1
340,14,791,94,225,51,1,-1,-1
341,14,791,94,225,51,1,-1,-1
342,14,791,94,225,51,1,-1,-1
343,14,791,94,225,51,1,-1,-1
344,14,791,94,225,51,1,-1,-1
345,14,791,94,225,51,1,-1,-1
346,14,791,94,225,51,1,-1,-1
347,14,791,94,225,51,1,-1,-1
348,14,791,94,225,51,1,-1,-1
349,14,791,94,225,51,1,-1,-1
350,14,791,94,225,51,1,-1,-1
351,14,791,94,225,51,1,-1,-1
352,14,791,94,225,51,1,-1,-1
353,14,791,94,225,51,1,-1,-1
354,14,791,94,225,51,1,-1,-1
355,14,791,94,225,51,1,-1,-1
356,14,791,94,225,51,1,-1,-1
357,14,791,94,225,51,1,-1,-1
358,14,791,94,225,51,1,-1,-1
359,14,791,94,225,51,1,-1,-1
360,14,791,94,225,51,1,-1,-1
361,14,791,94,225,51,1,-1,-1
362,14,791,94,225,51,1,-1,-1
363,14,791,94,225,51,1,-1,-1
364,14,791,94,225,51,1,-1,-1
365,14,791,94,225,51,1,-1,-1
366,14,791,94,225,51,1,-1,-1
367,14,791,94,225,51,1,-1,-1
368,14,791,94,225,51,1,-1,-1
369,14,791,94,225,51,1,-1,-1
370,14,791,94,225,51,1,-1,-1
371,14,791,94,225,51,1,-1,-1
372,14,791,94,225,51,1,-1,-1
373,14,791,94,225,51,1,-1,-1
374,14,791,94,225,51,1,-1,-1
375,14,791,94,225,51,1,-1,-1
376,14,791,94,225,51,1,-1,-1
377,14,791,94,225,51,1,-1,-1
378,14,791,94,225,51,1,-1,-1
379,14,791,94,225,51,1,-1,-1
380,14,791,94,225,51,1,-1,-1
381,14,791,94,225,51,1,-1,-1
382,14,791,94,225,51,1,-1,-1
383,14,791,94,225,51,1,-1,-1
384,14,791,94,225,51,1,-1,-1
385,14,791,94,225,51,1,-1,-1
386,14,791,94,225,51,1,-1,-1
387,14,791,94,225,51,1,-1,-1
388,14,791,94,225,51,1,-1,-1
389,14,791,94,225,51,1,-1,-1
390,14,791,94,225,51,1,-1,-1
391,14,791,94,225,51,1,-1,-1
392,14,791,94,225,51,1,-1,-1
393,14,791,94,225,51,1,-1,-1
394,14,791,94,225,51,1,-1,-1
395,14,791,94,225,51,1,-1,-1
396,14,791,94,225,51,1,-1,-1
397,14,791,94,225,51,1,-1,-1
398,14,791,94,225,51,1,-1,-1
399,14,791,94,225,51,1,-1,-1
400,14,791,94,225,51,1,-1,-1
401,14,791,94,225,51,1,-1,-1
402,14,791,94,225,51,1,-1,-1
403,14,791,94,225,51,1,-1,-1
404,14,791,94,225,51,1,-1,-1
405,14,791,94,225,51,1,-1,-1
406,14,791,94,225,51,1,-1,-1
407,14,791,94,225,51,1,-1,-1
408,14,791,94,225,51,1,-1,-1
409,14,791,94,225,51,1,-1,-1
410,14,791,94,225,51,1,-1,-1
411,14,791,94,225,51,1,-1,-1
412,14,791,94,225,51,1,-1,-1
413,14,791,94,225,51,1,-1,-1
414,14,791,94,225,51,1,-1,-1
415,14,791,94,225,51,1,-1,-1
416,14,791,94,225,51,1,-1,-1
417,14,791,94,225,51,1,-1,-1
418,14,791,94,225,51,1,-1,-1
419,14,791,94,225,51,1,-1,-1
420,14,791,94,225,51,1,-1,-1
421,14,791,94,225,51,1,-1,-1
422,14,791,94,225,51,1,-1,-1
423,14,791,94,225,51,1,-1,-1
424,14,791,94,225,51,1,-1,-1
425,14,791,94,225,51,1,-1,-1
426,14,791,94,225,51,1,-1,-1
427,14,791,94,225,51,1,-1,-1
428,14,791,94,225,51,1,-1,-1
429,14,791,94,225,51,1,-1,-1
430,14,791,94,225,51,1,-1,-1
431,14,791,94,225,51,1,-1,-1
432,14,791,94,225,51,1,-1,-1
433,14,791,94,225,51,1,-1,-1
434,14,791,94,225,51,1,-1,-1
435,14,791,94,225,51,1,-1,-1
436,14,791,94,225,51,1,-1,-1
437,14,791,94,225,51,1,-1,-1
438,14,791,94,225,51,1,-1,-1
439,14,791,94,225,51,1,-1,-1
440,14,791,94,225,51,1,-1,-1
441,14,791,94,225,51,1,-1,-1
442,14,791,94,225,51,1,-1,-1
443,14,791,94,225,51,1,-1,-1
444,14,791,94,225,51,1,-1,-1
445,14,791,94,225,51,1,-1,-1
446,14,791,94,225,51,1,-1,-1
447,14,791,94,225,51,1,-1,-1
448,14,791,94,225,51,1,-1,-1
449,14,791,94,225,51,1,-1,-1
450,14,791,94,225,51,1,-1,-1
451,14,791,94,225,51,1,-1,-1
452,14,791,94,225,51,1,-1,-1
453,14,791,94,225,51,1,-1,-1
454,14,791,94,225,51,1,-1,-1
455,14,791,94,225,51,1,-1,-1
456,14,791,94,225,51,1,-1,-1
457,14,791,94,225,51,1,-1,-1
458,14,791,94,225,51,1,-1,-1
459,14,791,94,225,51,1,-1,-1
460,14,791,94,225,51,1,-1,-1
461,14,791,94,225,51,1,-1,-1
462,14,791,94,225,51,1,-1,-1
463,14,791,94,225,51,1,-1,-1
464,14,791,94,225,51,1,-1,-1
465,14,791,94,225,51,1,-1,-1
466,14,791,94,225,51,1,-1,-1
467,14,791,94,225,51,1,-1,-1
468,14,791,94,225,51,1,-1,-1
469,14,791,94,225,51,1,-1,-1
470,14,791,94,225,51,1,-1,-1
471,14,791,94,225,51,1,-1,-1
472,14,791,94,225,51,1,-1,-1
473,14,791,94,225,51,1,-1,-1
474,14,791,94,225,51,1,-1,-1
475,14,791,94,225,51,1,-1,-1
476,14,791,94,225,51,1,-1,-1
477,14,791,94,225,51,1,-1,-1
478,14,791,94,225,51,1,-1,-1
479,14,791,94,225,51,1,-1,-1
480,14,791,94,225,51,1,-1,-1
481,14,791,94,225,51,1,-1,-1
482,14,791,94,225,51,1,-1,-1
483,14,791,94,225,51,1,-1,-1
484,14,791,94,225,51,1,-1,-1
485,14,791,94,225,51,1,-1,-1
486,14,791,94,225,51,1,-1,-1
487,14,791,94,225,51,1,-1,-1
488,14,791,94,225,51,1,-1,-1
489,14,791,94,225,51,1,-1,-1
490,14,791,94,225,51,1,-1,-1
491,14,791,94,225,51,1,-1,-1
492,14,791,94,225,51,1,-1,-1
493,14,791,94,225,51,1,-1,-1
494,14,791,94,225,51,1,-1,-1
495,14,791,94,225,51,1,-1,-1
496,14,791,94,225,51,1,-1,-1
497,14,791,94,225,51,1,-1,-1
498,14,791,94,225,51,1,-1,-1
499,14,791,94,225,51,1,-1,-1
500,14,791,94,225,51,1,-1,-1
501,14,791,94,225,51,1,-1,-1
502,14,791,94,225,51,1,-1,-1
503,14,791,94,225,51,1,-1,-1
504,14,791,94,225,51,1,-1,-1
505,14,791,94,225,51,1,-1,-1
506,14,791,94,225,51,1,-1,-1
507,14,791,94,225,51,1,-1,-1
508,14,791,94,225,51,1,-1,-1
509,14,791,94,225,51,1,-1,-1
510,14,791,94,225,51,1,-1,-1
511,14,791,94,225,51,1,-1,-1
512,14,791,94,225,51,1,-1,-1
513,14,791,94,225,51,1,-1,-1
514,14,791,94,225,51,1,-1,-1
515,14,791,94,225,51,1,-1,-1
516,14,791,94,225,51,1,-1,-1
517,14,791,94,225,51,1,-1,-1
518,14,791,94,225,51,1,-1,-1
519,14,791,94,225,51,1,-1,-1
520,14,791,94,225,51,1,-1,-1
521,14,791,94,225,51,1,-1,-1
522,14,791,94,225,51,1,-1,-1
523,14,791,94,225,51,1,-1,-1
524,14,791,94,225,51,1,-1,-1
525,14,791,94,225,51,1,-1,-1
526,14,791,94,225,51,1,-1,-1
527,14,791,94,225,51,1,-1,-1
528,14,791,94,225,51,1,-1,-1
529,14,791,94,225,51,1,-1,-1
530,14,791,94,225,51,1,-1,-1
531,14,791,94,225,51,1,-1,-1
532,14,791,94,225,51,1,-1,-1
533,14,791,94,225,51,1,-1,-1
534,14,791,94,225,51,1,-1,-1
535,14,791,94,225,51,1,-1,-1
536,14,791,94,225,51,1,-1,-1
537,14,791,94,225,51,1,-1,-1
538,14,791,94,225,51,1,-1,-1
539,14,791,94,225,51,1,-1,-1
540,14,791,94,225,51,1,-1,-1
541,14,791,94,225,51,1,-1,-1
542,14,791,94,225,51,1,-1,-1
543,14,791,94,225,51,1,-1,-1
544,14,791,94,225,51,1,-1,-1
545,14,791,94,225,51,1,-1,-1
546,14,791,94,225,51,1,-1,-1
547,14,791,94,225,51,1,-1,-1
548,14,791,94,225,51,1,-1,-1
549,14,791,94,225,51,1,-1,-1
550,14,791,94,225,51,1,-1,-1
551,14,791,94,225,51,1,-1,-1
552,14,791,94,225,51,1,-1,-1
553,14,791,94,225,51,1,-1,-1
554,14,791,94,225,51,1,-1,-1
555,14,791,94,225,51,1,-1,-1
556,14,791,94,225,51,1,-1,-1
557,14,791,94,225,51,1,-1,-1
558,14,791,94,225,51,1,-1,-1
559,14,791,94,225,51,1,-1,-1
560,14,791,94,225,51,1,-1,-1
561,14,791,94,225,51,1,-1,-1
562,14,791,94,225,51,1,-1,-1
563,14,791,94,225,51,1,-1,-1
564,14,791,94,225,51,1,-1,-1
565,14,791,94,225,51,1,-1,-1
566,14,791,94,225,51,1,-1,-1
567,14,791,94,225,51,1,-1,-1
568,14,791,94,225,51,1,-1,-1
569,14,791,94,225,51,1,-1,-1
570,14,791,94,225,51,1,-1,-1
571,14,791,94,225,51,1,-1,-1
572,14,791,94,225,51,1,-1,-1
573,14,791,94,225,51,1,-1,-1
574,14,791,94,225,51,1,-1,-1
575,14,791,94,225,51,1,-1,-1
576,14,791,94,225,51,1,-1,-1
577,14,791,94,225,51,1,-1,-1
578,14,791,94,225,51,1,-1,-1
579,14,791,94,225,51,1,-1,-1
580,14,791,94,225,51,1,-1,-1
581,14,791,94,225,51,1,-1,-1
582,14,791,94,225,51,1,-1,-1
583,14,791,94,225,51,1,-1,-1
584,14,791,94,225,51,1,-1,-1
585,14,791,94,225,51,1,-1,-1
586,14,791,94,225,51,1,-1,-1
587,14,791,94,225,51,1,-1,-1
588,14,791,94,225,51,1,-1,-1
589,14,791,94,225,51,1,-1,-1
590,14,791,94,225,51,1,-1,-1
591,14,791,94,225,51,1,-1,-1
592,14,791,94,225,51,1,-1,-1
593,14,791,94,225,51,1,-1,-1
594,14,791,94,225,51,1,-1,-1
595,14,791,94,225,51,1,-1,-1
596,14,791,94,225,51,1,-1,-1
597,14,791,94,225,51,1,-1,-1
598,14,791,94,225,51,1,-1,-1
599,14,791,94,225,51,1,-1,-1
600,14,791,94,225,51,1,-1,-1
601,14,791,94,225,51,1,-1,-1
602,14,791,94,225,51,1,-1,-1
603,14,791,94,225,51,1,-1,-1
604,14,791,94,225,51,1,-1,-1
605,14,791,94,225,51,1,-1,-1
606,14,791,94,225,51,1,-1,-1
607,14,791,94,225,51,1,-1,-1
608,14,791,94,225,51,1,-1,-1
609,14,791,94,225,51,1,-1,-1
610,14,791,94,225,51,1,-1,-1
611,14,791,94,225,51,1,-1,-1
612,14,791,94,225,51,1,-1,-1
613,14,791,94,225,51,1,-1,-1
614,14,791,94,225,51,1,-1,-1
615,14,791,94,225,51,1,-1,-1
616,14,791,94,225,51,1,-1,-1
617,14,791,94,225,51,1,-1,-1
618,14,791,94,225,51,1,-1,-1
619,14,791,94,225,51,1,-1,-1
620,14,791,94,225,51,1,-1,-1
621,14,791,94,225,51,1,-1,-1
622,14,791,94,225,51,1,-1,-1
517,22,622,104,30,58,1,-1,-1
518,22,622,105,30,58,1,-1,-1
519,22,622,105,30,59,1,-1,-1
520,22,622,106,30,59,1,-1,-1
521,22,622,107,30,60,1,-1,-1
522,22,622,107,30,60,1,-1,-1
523,22,622,107,31,60,1,-1,-1
524,22,622,108,31,59,1,-1,-1
525,22,622,108,32,60,1,-1,-1
526,22,622,108,32,60,1,-1,-1
527,22,622,109,33,59,1,-1,-1
528,22,622,109,33,60,1,-1,-1
529,22,622,109,34,60,1,-1,-1
530,22,622,110,34,59,1,-1,-1
531,22,622,110,35,60,1,-1,-1
532,22,622,110,35,60,1,-1,-1
533,22,622,111,36,59,1,-1,-1
534,22,622,111,36,60,1,-1,-1
535,22,622,111,37,60,1,-1,-1
536,22,623,112,36,59,1,-1,-1
537,22,623,112,37,59,1,-1,-1
538,22,623,112,37,60,1,-1,-1
539,22,623,113,38,59,1,-1,-1
540,22,623,113,38,59,1,-1,-1
541,22,623,113,39,60,1,-1,-1
542,22,623,114,39,59,1,-1,-1
543,22,623,114,40,59,1,-1,-1
544,22,623,114,40,60,1,-1,-1
545,22,623,115,41,59,1,-1,-1
546,22,623,115,41,59,1,-1,-1
547,22,623,115,42,60,1,-1,-1
548,22,623,116,42,59,1,-1,-1
549,22,623,116,43,59,1,-1,-1
550,22,624,117,43,59,1,-1,-1
551,22,624,117,42,59,1,-1,-1
552,22,624,117,42,59,1,-1,-1
553,22,624,117,42,59,1,-1,-1
554,22,624,117,42,59,1,-1,-1
555,22,624,118,42,58,1,-1,-1
556,22,624,118,42,59,1,-1,-1
557,22,625,118,41,59,1,-1,-1
558,22,625,118,41,59,1,-1,-1
559,22,625,118,41,59,1,-1,-1
560,22,625,119,41,58,1,-1,-1
561,22,625,119,41,58,1,-1,-1
562,22,625,119,41,59,1,-1,-1
563,22,625,119,41,59,1,-1,-1
564,22,626,120,40,58,1,-1,-1
565,22,626,120,40,58,1,-1,-1
566,22,626,120,40,58,1,-1,-1
567,22,626,120,40,59,1,-1,-1
568,22,626,120,40,59,1,-1,-1
569,22,626,121,40,58,1,-1,-1
570,22,626,121,40,58,1,-1,-1
571,22,627,121,39,58,1,-1,-1
572,22,627,121,39,58,1,-1,-1
573,22,627,121,39,59,1,-1,-1
574,22,627,122,39,58,1,-1,-1
575,22,627,122,39,58,1,-1,-1
576,22,627,122,39,58,1,-1,-1
577,22,627,122,39,58,1,-1,-1
578,22,628,123,38,58,1,-1,-1
579,22,628,123,38,58,1,-1,-1
580,22,628,123,38,59,1,-1,-1
581,22,628,124,38,59,1,-1,-1
582,22,628,124,38,60,1,-1,-1
583,22,629,125,37,60,1,-1,-1
584,22,629,125,38,60,1,-1,-1
585,22,629,126,38,60,1,-1,-1
586,22,629,126,38,61,1,-1,-1
587,22,630,127,37,61,1,-1,-1
588,22,630,127,37,62,1,-1,-1
589,22,630,128,38,61,1,-1,-1
590,22,630,128,38,62,1,-1,-1
591,22,630,129,38,62,1,-1,-1
592,22,631,129,37,63,1,-1,-1
593,22,631,130,37,63,1,-1,-1
594,22,631,130,38,63,1,-1,-1
595,22,631,131,38,63,1,-1,-1
596,22,632,131,37,64,1,-1,-1
597,22,632,132,37,64,1,-1,-1
598,22,632,132,37,65,1,-1,-1
599,22,632,133,38,64,1,-1,-1
600,22,632,133,38,65,1,-1,-1
601,22,633,134,37,65,1,-1,-1
602,22,633,134,37,66,1,-1,-1
603,22,633,135,37,66,1,-1,-1
604,22,633,135,38,66,1,-1,-1
605,22,634,136,37,66,1,-1,-1
606,22,634,136,37,67,1,-1,-1
607,22,634,137,37,67,1,-1,-1
608,22,634,137,37,68,1,-1,-1
609,22,635,138,37,68,1,-1,-1
610,22,635,138,37,68,1,-1,-1
611,22,635,138,37,68,1,-1,-1
612,22,635,138,37,68,1,-1,-1
613,22,635,138,37,68,1,-1,-1
614,22,635,138,37,68,1,-1,-1
615,22,635,138,37,68,1,-1,-1
616,22,635,138,37,68,1,-1,-1
617,22,635,138,37,68,1,-1,-1
618,22,635,138,37,68,1,-1,-1
619,22,635,138,37,68,1,-1,-1
620,22,635,138,37,68,1,-1,-1
621,22,635,138,37,68,1,-1,-1
622,22,635,138,37,68,1,-1,-1
542,26,654,172,23,21,1,-1,-1
543,26,654,172,23,21,1,-1,-1
544,26,654,172,23,21,1,-1,-1
545,26,655,173,23,21,1,-1,-1
546,26,655,173,23,21,1,-1,-1
547,26,655,173,23,21,1,-1,-1
548,26,656,174,23,21,1,-1,-1
549,26,656,174,23,21,1,-1,-1
550,26,656,174,23,21,1,-1,-1
551,26,657,175,23,21,1,-1,-1
552,26,657,175,23,21,1,-1,-1
553,26,657,175,23,21,1,-1,-1
554,26,658,176,23,21,1,-1,-1
555,26,658,176,23,21,1,-1,-1
556,26,658,176,23,21,1,-1,-1
557,26,659,177,23,21,1,-1,-1
558,26,659,177,23,21,1,-1,-1
559,26,660,178,23,21,1,-1,-1
560,26,660,178,23,21,1,-1,-1
561,26,660,178,23,21,1,-1,-1
562,26,661,179,23,21,1,-1,-1
563,26,661,179,23,21,1,-1,-1
564,26,661,179,23,21,1,-1,-1
565,26,662,180,23,21,1,-1,-1
566,26,662,180,23,21,1,-1,-1
567,26,662,180,23,21,1,-1,-1
568,26,663,181,23,21,1,-1,-1
569,26,663,181,23,21,1,-1,-1
570,26,663,181,23,21,1,-1,-1
571,26,664,182,23,21,1,-1,-1
572,26,664,182,23,21,1,-1,-1
573,26,664,182,23,21,1,-1,-1
574,26,665,183,23,21,1,-1,-1
575,26,665,183,23,21,1,-1,-1
576,26,666,184,23,21,1,-1,-1
577,26,666,184,23,21,1,-1,-1
578,26,666,184,23,21,1,-1,-1
579,26,667,185,23,21,1,-1,-1
580,26,667,185,23,21,1,-1,-1
581,26,667,185,23,21,1,-1,-1
582,26,668,186,23,21,1,-1,-1
583,26,668,186,23,21,1,-1,-1
584,26,668,186,23,21,1,-1,-1
585,26,669,187,23,21,1,-1,-1
586,26,669,187,23,21,1,-1,-1
587,26,669,187,23,21,1,-1,-1
588,26,670,188,23,21,1,-1,-1
589,26,670,188,23,21,1,-1,-1
590,26,670,188,23,21,1,-1,-1
591,26,671,189,23,21,1,-1,-1
592,26,671,189,23,21,1,-1,-1
593,26,672,190,23,21,1,-1,-1
594,26,672,190,23,21,1,-1,-1
595,26,672,190,23,21,1,-1,-1
596,26,673,191,23,21,1,-1,-1
597,26,673,191,23,21,1,-1,-1
598,26,673,191,23,21,1,-1,-1
599,26,674,192,23,21,1,-1,-1
600,26,674,192,23,21,1,-1,-1
601,26,674,192,23,21,1,-1,-1
602,26,675,193,23,21,1,-1,-1
603,26,675,193,23,21,1,-1,-1
604,26,675,193,23,21,1,-1,-1
605,26,676,194,23,21,1,-1,-1
606,26,676,194,23,21,1,-1,-1
607,26,677,195,23,21,1,-1,-1
608,26,677,195,23,21,1,-1,-1
609,26,677,195,23,21,1,-1,-1
610,26,677,195,23,21,1,-1,-1
611,26,677,195,23,21,1,-1,-1
612,26,677,195,23,21,1,-1,-1
613,26,677,195,23,21,1,-1,-1
614,26,677,195,23,21,1,-1,-1
615,26,677,195,23,21,1,-1,-1
616,26,677,195,23,21,1,-1,-1
617,26,677,195,23,21,1,-1,-1
618,26,677,195,23,21,1,-1,-1
619,26,677,195,23,21,1,-1,-1
620,26,677,195,23,21,1,-1,-1
621,26,677,195,23,21,1,-1,-1
622,26,677,195,23,21,1,-1,-1
1,45,801,216,217,223,1,-1,-1
2,45,802,217,215,221,1,-1,-1
3,45,803,219,214,219,1,-1,-1
4,45,804,220,213,218,1,-1,-1
5,45,806,222,211,216,1,-1,-1
6,45,807,223,210,215,1,-1,-1
7,45,808,225,209,213,1,-1,-1
8,45,810,227,207,211,1,-1,-1
9,45,811,228,206,210,1,-1,-1
10,45,812,230,205,208,1,-1,-1
11,45,814,231,203,207,1,-1,-1
12,45,815,233,202,205,1,-1,-1
13,45,816,234,201,204,1,-1,-1
14,45,818,236,199,202,1,-1,-1
15,45,819,238,198,200,1,-1,-1
16,45,820,239,197,199,1,-1,-1
17,45,822,241,195,197,1,-1,-1
18,45,823,242,194,196,1,-1,-1
19,45,824,244,193,194,1,-1,-1
20,45,825,246,192,192,1,-1,-1
21,45,827,247,190,191,1,-1,-1
22,45,828,249,189,189,1,-1,-1
23,45,829,250,188,188,1,-1,-1
24,45,831,252,186,186,1,-1,-1
25,45,832,253,185,185,1,-1,-1
26,45,833,255,184,183,1,-1,-1
27,45,835,257,182,181,1,-1,-1
28,45,836,258,181,180,1,-1,-1
29,45,837,260,180,178,1,-1,-1
30,45,839,261,178,177,1,-1,-1
31,45,840,263,177,175,1,-1,-1
32,45,841,265,176,173,1,-1,-1
33,45,843,266,174,172,1,-1,-1
34,45,844,268,173,170,1,-1,-1
35,45,845,269,172,169,1,-1,-1
36,45,846,271,171,167,1,-1,-1
37,45,848,272,169,166,1,-1,-1
38,45,849,274,168,164,1,-1,-1
39,45,850,276,167,162,1,-1,-1
40,45,852,277,165,161,1,-1,-1
41,45,853,279,164,159,1,-1,-1
42,45,854,280,163,158,1,-1,-1
43,45,856,282,161,156,1,-1,-1
44,45,857,284,160,154,1,-1,-1
45,45,858,285,159,153,1,-1,-1
46,45,860,287,157,151,1,-1,-1
47,45,861,288,156,150,1,-1,-1
48,45,862,290,155,148,1,-1,-1
49,45,864,291,153,147,1,-1,-1
50,45,865,293,152,145,1,-1,-1
51,45,866,295,151,143,1,-1,-1
52,45,867,296,150,142,1,-1,-1
53,45,869,298,148,140,1,-1,-1
54,45,870,299,147,139,1,-1,-1
55,45,871,301,146,137,1,-1,-1
56,45,873,303,144,135,1,-1,-1
57,45,874,304,143,134,1,-1,-1
58,45,875,306,142,132,1,-1,-1
59,45,877,307,140,131,1,-1,-1
60,45,878,309,139,129,1,-1,-1
61,45,879,310,138,128,1,-1,-1
62,45,881,312,136,126,1,-1,-1
63,45,882,314,135,124,1,-1,-1
64,45,883,315,134,123,1,-1,-1
65,45,885,317,132,121,1,-1,-1
66,45,886,318,131,120,1,-1,-1
67,45,887,320,130,118,1,-1,-1
68,45,889,322,128,116,1,-1,-1
69,45,889,322,128,116,1,-1,-1
70,45,889,322,128,116,1,-1,-1
71,45,889,322,128,116,1,-1,-1
72,45,889,322,128,116,1,-1,-1
73,45,889,322,128,116,1,-1,-1
74,45,889,322,128,116,1,-1,-1
75,45,889,322,128,116,1,-1,-1
76,45,889,322,128,116,1,-1,-1
77,45,889,322,128,116,1,-1,-1
78,45,889,322,128,116,1,-1,-1
79,45,889,322,128,116,1,-1,-1
80,45,889,322,128,116,1,-1,-1
81,45,889,322,128,116,1,-1,-1
82,45,889,322,128,116,1,-1,-1
83,45,889,322,128,116,1,-1,-1
84,45,889,322,128,116,1,-1,-1
85,45,889,322,128,116,1,-1,-1
86,45,889,322,128,116,1,-1,-1
87,45,889,322,128,116,1,-1,-1
88,45,889,322,128,116,1,-1,-1
89,45,889,322,128,116,1,-1,-1
90,45,889,322,128,116,1,-1,-1
91,45,889,322,128,116,1,-1,-1
92,45,889,322,128,116,1,-1,-1
93,45,889,322,128,116,1,-1,-1
94,45,889,322,128,116,1,-1,-1
95,45,889,322,128,116,1,-1,-1
96,45,889,322,128,116,1,-1,-1
97,45,889,322,128,116,1,-1,-1
98,45,889,322,128,116,1,-1,-1
99,45,889,322,128,116,1,-1,-1
100,45,889,322,128,116,1,-1,-1
101,45,889,322,128,116,1,-1,-1
102,45,889,322,128,116,1,-1,-1
103,45,889,322,128,116,1,-1,-1
104,45,889,322,128,116,1,-1,-1
105,45,889,322,128,116,1,-1,-1
106,45,889,322,128,116,1,-1,-1
107,45,889,322,128,116,1,-1,-1
108,45,889,322,128,116,1,-1,-1
109,45,889,322,128,116,1,-1,-1
110,45,889,322,128,116,1,-1,-1
111,45,889,322,128,116,1,-1,-1
112,45,889,322,128,116,1,-1,-1
113,45,889,322,128,116,1,-1,-1
114,45,889,322,128,116,1,-1,-1
115,45,889,322,128,116,1,-1,-1
116,45,889,322,128,116,1,-1,-1
117,45,889,322,128,116,1,-1,-1
118,45,889,322,128,116,1,-1,-1
119,45,889,322,128,116,1,-1,-1
120,45,889,322,128,116,1,-1,-1
121,45,889,322,128,116,1,-1,-1
122,45,889,322,128,116,1,-1,-1
123,45,889,322,128,116,1,-1,-1
124,45,889,322,128,116,1,-1,-1
125,45,889,322,128,116,1,-1,-1
126,45,889,322,128,116,1,-1,-1
127,45,889,322,128,116,1,-1,-1
128,45,889,322,128,116,1,-1,-1
129,45,889,322,128,116,1,-1,-1
130,45,889,322,128,116,1,-1,-1
131,45,889,322,128,116,1,-1,-1
132,45,889,322,128,116,1,-1,-1
133,45,889,322,128,116,1,-1,-1
134,45,889,322,128,116,1,-1,-1
135,45,889,322,128,116,1,-1,-1
136,45,889,322,128,116,1,-1,-1
137,45,889,322,128,116,1,-1,-1
138,45,889,322,128,116,1,-1,-1
139,45,889,322,128,116,1,-1,-1
140,45,889,322,128,116,1,-1,-1
141,45,889,322,128,116,1,-1,-1
142,45,889,322,128,116,1,-1,-1
143,45,889,322,128,116,1,-1,-1
144,45,889,322,128,116,1,-1,-1
145,45,889,322,128,116,1,-1,-1
146,45,889,322,128,116,1,-1,-1
147,45,889,322,128,116,1,-1,-1
148,45,889,322,128,116,1,-1,-1
149,45,889,322,128,116,1,-1,-1
150,45,889,322,128,116,1,-1,-1
151,45,889,322,128,116,1,-1,-1
152,45,889,322,128,116,1,-1,-1
153,45,889,322,128,116,1,-1,-1
154,45,889,322,128,116,1,-1,-1
155,45,889,322,128,116,1,-1,-1
156,45,889,322,128,116,1,-1,-1
157,45,889,322,128,116,1,-1,-1
158,45,889,322,128,116,1,-1,-1
159,45,889,322,128,116,1,-1,-1
160,45,889,322,128,116,1,-1,-1
161,45,889,322,128,116,1,-1,-1
162,45,889,322,128,116,1,-1,-1
163,45,889,322,128,116,1,-1,-1
164,45,889,322,128,116,1,-1,-1
165,45,889,322,128,116,1,-1,-1
166,45,889,322,128,116,1,-1,-1
167,45,889,322,128,116,1,-1,-1
168,45,889,322,128,116,1,-1,-1
169,45,889,322,128,116,1,-1,-1
170,45,889,322,128,116,1,-1,-1
171,45,889,322,128,116,1,-1,-1
172,45,889,322,128,116,1,-1,-1
173,45,889,322,128,116,1,-1,-1
174,45,889,322,128,116,1,-1,-1
175,45,889,322,128,116,1,-1,-1
176,45,889,322,128,116,1,-1,-1
177,45,889,322,128,116,1,-1,-1
178,45,889,322,128,116,1,-1,-1
179,45,889,322,128,116,1,-1,-1
180,45,889,322,128,116,1,-1,-1
181,45,889,322,128,116,1,-1,-1
182,45,889,322,128,116,1,-1,-1
183,45,889,322,128,116,1,-1,-1
184,45,889,322,128,116,1,-1,-1
185,45,889,322,128,116,1,-1,-1
186,45,889,322,128,116,1,-1,-1
187,45,889,322,128,116,1,-1,-1
188,45,889,322,128,116,1,-1,-1
189,45,889,322,128,116,1,-1,-1
190,45,889,322,128,116,1,-1,-1
191,45,889,322,128,116,1,-1,-1
192,45,889,322,128,116,1,-1,-1
193,45,889,322,128,116,1,-1,-1
194,45,889,322,128,116,1,-1,-1
195,45,889,322,128,116,1,-1,-1
196,45,889,322,128,116,1,-1,-1
197,45,889,322,128,116,1,-1,-1
198,45,889,322,128,116,1,-1,-1
199,45,889,322,128,116,1,-1,-1
200,45,889,322,128,116,1,-1,-1
201,45,889,322,128,116,1,-1,-1
202,45,889,322,128,116,1,-1,-1
203,45,889,322,128,116,1,-1,-1
204,45,889,322,128,116,1,-1,-1
205,45,889,322,128,116,1,-1,-1
206,45,889,322,128,116,1,-1,-1
207,45,889,322,128,116,1,-1,-1
208,45,889,322,128,116,1,-1,-1
209,45,889,322,128,116,1,-1,-1
210,45,889,322,128,116,1,-1,-1
211,45,889,322,128,116,1,-1,-1
212,45,889,322,128,116,1,-1,-1
213,45,889,322,128,116,1,-1,-1
214,45,889,322,128,116,1,-1,-1
215,45,889,322,128,116,1,-1,-1
216,45,889,322,128,116,1,-1,-1
217,45,889,322,128,116,1,-1,-1
218,45,889,322,128,116,1,-1,-1
219,45,889,322,128,116,1,-1,-1
220,45,889,322,128,116,1,-1,-1
221,45,889,322,128,116,1,-1,-1
222,45,889,322,128,116,1,-1,-1
223,45,889,322,128,116,1,-1,-1
224,45,889,322,128,116,1,-1,-1
225,45,889,322,128,116,1,-1,-1
226,45,889,322,128,116,1,-1,-1
227,45,889,322,128,116,1,-1,-1
228,45,889,322,128,116,1,-1,-1
229,45,889,322,128,116,1,-1,-1
230,45,889,322,128,116,1,-1,-1
231,45,889,322,128,116,1,-1,-1
232,45,889,322,128,116,1,-1,-1
233,45,889,322,128,116,1,-1,-1
234,45,889,322,128,116,1,-1,-1
235,45,889,322,128,116,1,-1,-1
236,45,889,322,128,116,1,-1,-1
237,45,889,322,128,116,1,-1,-1
238,45,889,322,128,116,1,-1,-1
239,45,889,322,128,116,1,-1,-1
240,45,889,322,128,116,1,-1,-1
241,45,889,322,128,116,1,-1,-1
242,45,889,322,128,116,1,-1,-1
243,45,889,322,128,116,1,-1,-1
244,45,889,322,128,116,1,-1,-1
245,45,889,322,128,116,1,-1,-1
246,45,889,322,128,116,1,-1,-1
247,45,889,322,128,116,1,-1,-1
248,45,889,322,128,116,1,-1,-1
249,45,889,322,128,116,1,-1,-1
250,45,889,322,128,116,1,-1,-1
251,45,889,322,128,116,1,-1,-1
252,45,889,322,128,116,1,-1,-1
253,45,889,322,128,116,1,-1,-1
254,45,889,322,128,116,1,-1,-1
255,45,889,322,128,116,1,-1,-1
256,45,889,322,128,116,1,-1,-1
257,45,889,322,128,116,1,-1,-1
258,45,889,322,128,116,1,-1,-1
259,45,889,322,128,116,1,-1,-1
260,45,889,322,128,116,1,-1,-1
261,45,889,322,128,116,1,-1,-1
262,45,889,322,128,116,1,-1,-1
263,45,889,322,128,116,1,-1,-1
264,45,889,322,128,116,1,-1,-1
265,45,889,322,128,116,1,-1,-1
266,45,889,322,128,116,1,-1,-1
267,45,889,322,128,116,1,-1,-1
268,45,889,322,128,116,1,-1,-1
269,45,889,322,128,116,1,-1,-1
270,45,889,322,128,116,1,-1,-1
271,45,889,322,128,116,1,-1,-1
272,45,889,322,128,116,1,-1,-1
273,45,889,322,128,116,1,-1,-1
274,45,889,322,128,116,1,-1,-1
275,45,889,322,128,116,1,-1,-1
276,45,889,322,128,116,1,-1,-1
277,45,889,322,128,116,1,-1,-1
278,45,889,322,128,116,1,-1,-1
279,45,889,322,128,116,1,-1,-1
280,45,889,322,128,116,1,-1,-1
281,45,889,322,128,116,1,-1,-1
282,45,889,322,128,116,1,-1,-1
283,45,889,322,128,116,1,-1,-1
284,45,889,322,128,116,1,-1,-1
285,45,889,322,128,116,1,-1,-1
286,45,889,322,128,116,1,-1,-1
287,45,889,322,128,116,1,-1,-1
288,45,889,322,128,116,1,-1,-1
289,45,889,322,128,116,1,-1,-1
290,45,889,322,128,116,1,-1,-1
291,45,889,322,128,116,1,-1,-1
292,45,889,322,128,116,1,-1,-1
293,45,889,322,128,116,1,-1,-1
294,45,889,322,128,116,1,-1,-1
295,45,889,322,128,116,1,-1,-1
296,45,889,322,128,116,1,-1,-1
297,45,889,322,128,116,1,-1,-1
298,45,889,322,128,116,1,-1,-1
299,45,889,322,128,116,1,-1,-1
300,45,889,322,128,116,1,-1,-1
301,45,889,322,128,116,1,-1,-1
302,45,889,322,128,116,1,-1,-1
303,45,889,322,128,116,1,-1,-1
304,45,889,322,128,116,1,-1,-1
305,45,889,322,128,116,1,-1,-1
306,45,889,322,128,116,1,-1,-1
307,45,889,322,128,116,1,-1,-1
308,45,889,322,128,116,1,-1,-1
309,45,889,322,128,116,1,-1,-1
310,45,889,322,128,116,1,-1,-1
311,45,889,322,128,116,1,-1,-1
312,45,889,322,128,116,1,-1,-1
313,45,889,322,128,116,1,-1,-1
314,45,889,322,128,116,1,-1,-1
315,45,889,322,128,116,1,-1,-1
316,45,889,322,128,116,1,-1,-1
317,45,889,322,128,116,1,-1,-1
318,45,889,322,128,116,1,-1,-1
319,45,889,322,128,116,1,-1,-1
320,45,889,322,128,116,1,-1,-1
321,45,889,322,128,116,1,-1,-1
322,45,889,322,128,116,1,-1,-1
1,46,472,12,77,67,1,-1,-1
2,46,472,12,77,67,1,-1,-1
3,46,472,12,77,67,1,-1,-1
4,46,472,12,77,67,1,-1,-1
5,46,472,12,77,67,1,-1,-1
6,46,472,12,77,67,1,-1,-1
7,46,472,12,77,67,1,-1,-1
8,46,472,12,77,67,1,-1,-1
9,46,472,12,77,67,1,-1,-1
10,46,472,12,77,67,1,-1,-1
11,46,472,12,77,67,1,-1,-1
12,46,472,12,77,67,1,-1,-1
13,46,472,12,77,67,1,-1,-1
14,46,472,12,77,67,1,-1,-1
15,46,472,12,77,67,1,-1,-1
16,46,472,12,77,67,1,-1,-1
17,46,472,12,77,67,1,-1,-1
18,46,472,12,77,67,1,-1,-1
19,46,472,12,77,67,1,-1,-1
20,46,472,12,77,67,1,-1,-1
21,46,472,12,77,67,1,-1,-1
22,46,472,12,77,67,1,-1,-1
23,46,472,12,77,67,1,-1,-1
24,46,472,12,77,67,1,-1,-1
25,46,472,12,77,67,1,-1,-1
26,46,472,12,77,67,1,-1,-1
27,46,472,12,77,67,1,-1,-1
28,46,472,12,77,67,1,-1,-1
29,46,472,12,77,67,1,-1,-1
30,46,472,12,77,67,1,-1,-1
31,46,472,12,77,67,1,-1,-1
32,46,472,12,77,67,1,-1,-1
33,46,472,12,77,67,1,-1,-1
34,46,472,12,77,67,1,-1,-1
35,46,472,12,77,67,1,-1,-1
36,46,472,12,77,67,1,-1,-1
37,46,472,12,77,67,1,-1,-1
38,46,472,12,77,67,1,-1,-1
39,46,472,12,77,67,1,-1,-1
40,46,472,12,77,67,1,-1,-1
41,46,472,12,77,67,1,-1,-1
42,46,472,12,77,67,1,-1,-1
43,46,472,12,77,67,1,-1,-1
44,46,472,12,77,67,1,-1,-1
45,46,472,12,77,67,1,-1,-1
46,46,472,12,77,67,1,-1,-1
47,46,472,12,77,67,1,-1,-1
48,46,472,12,77,67,1,-1,-1
49,46,472,12,77,67,1,-1,-1
50,46,472,12,77,67,1,-1,-1
51,46,472,12,77,67,1,-1,-1
52,46,472,12,77,67,1,-1,-1
53,46,472,12,77,67,1,-1,-1
54,46,472,12,77,67,1,-1,-1
55,46,472,12,77,67,1,-1,-1
56,46,472,12,77,67,1,-1,-1
57,46,472,12,77,67,1,-1,-1
58,46,472,12,77,67,1,-1,-1
59,46,472,12,77,67,1,-1,-1
60,46,472,12,77,67,1,-1,-1
61,46,472,12,77,67,1,-1,-1
62,46,472,12,77,67,1,-1,-1
63,46,472,12,77,67,1,-1,-1
64,46,472,12,77,67,1,-1,-1
65,46,472,12,77,67,1,-1,-1
66,46,472,12,77,67,1,-1,-1
67,46,472,12,77,67,1,-1,-1
68,46,472,12,77,67,1,-1,-1
69,46,472,12,77,67,1,-1,-1
70,46,472,12,77,67,1,-1,-1
71,46,472,12,77,67,1,-1,-1
72,46,472,12,77,67,1,-1,-1
73,46,472,12,77,67,1,-1,-1
74,46,472,12,77,67,1,-1,-1
75,46,472,12,77,67,1,-1,-1
76,46,472,12,77,67,1,-1,-1
77,46,472,12,77,67,1,-1,-1
78,46,472,12,77,67,1,-1,-1
79,46,472,12,77,67,1,-1,-1
80,46,472,12,77,67,1,-1,-1
81,46,472,12,77,67,1,-1,-1
82,46,472,12,77,67,1,-1,-1
83,46,472,12,77,67,1,-1,-1
84,46,472,12,77,67,1,-1,-1
85,46,472,12,77,67,1,-1,-1
86,46,472,12,77,67,1,-1,-1
87,46,472,12,77,67,1,-1,-1
88,46,472,12,77,67,1,-1,-1
89,46,472,12,77,67,1,-1,-1
90,46,472,12,77,67,1,-1,-1
91,46,472,12,77,67,1,-1,-1
92,46,472,12,77,67,1,-1,-1
93,46,472,12,77,67,1,-1,-1
94,46,472,12,77,67,1,-1,-1
95,46,472,12,77,67,1,-1,-1
96,46,472,12,77,67,1,-1,-1
97,46,472,12,77,67,1,-1,-1
98,46,472,12,77,67,1,-1,-1
99,46,472,12,77,67,1,-1,-1
100,46,472,12,77,67,1,-1,-1
101,46,472,12,77,67,1,-1,-1
102,46,472,12,77,67,1,-1,-1
103,46,472,12,77,67,1,-1,-1
104,46,472,12,77,67,1,-1,-1
105,46,472,12,77,67,1,-1,-1
106,46,472,12,77,67,1,-1,-1
107,46,472,12,77,67,1,-1,-1
108,46,472,12,77,67,1,-1,-1
109,46,472,12,77,67,1,-1,-1
110,46,472,12,77,67,1,-1,-1
111,46,472,12,77,67,1,-1,-1
112,46,472,12,77,67,1,-1,-1
113,46,472,12,77,67,1,-1,-1
114,46,472,12,77,67,1,-1,-1
115,46,472,12,77,67,1,-1,-1
116,46,472,12,77,67,1,-1,-1
117,46,472,12,77,67,1,-1,-1
118,46,472,12,77,67,1,-1,-1
119,46,472,12,77,67,1,-1,-1
120,46,472,12,77,67,1,-1,-1
121,46,472,12,77,67,1,-1,-1
122,46,472,12,77,67,1,-1,-1
123,46,472,12,77,67,1,-1,-1
124,46,472,12,77,67,1,-1,-1
125,46,472,12,77,67,1,-1,-1
126,46,472,12,77,67,1,-1,-1
127,46,472,12,77,67,1,-1,-1
128,46,472,12,77,67,1,-1,-1
129,46,472,12,77,67,1,-1,-1
130,46,472,12,77,67,1,-1,-1
131,46,472,12,77,67,1,-1,-1
132,46,472,12,77,67,1,-1,-1
133,46,472,12,77,67,1,-1,-1
134,46,472,12,77,67,1,-1,-1
135,46,472,12,77,67,1,-1,-1
136,46,472,12,77,67,1,-1,-1
137,46,472,12,77,67,1,-1,-1
138,46,472,12,77,67,1,-1,-1
139,46,472,12,77,67,1,-1,-1
140,46,472,12,77,67,1,-1,-1
141,46,472,12,77,67,1,-1,-1
142,46,472,12,77,67,1,-1,-1
143,46,472,12,77,67,1,-1,-1
144,46,472,12,77,67,1,-1,-1
145,46,472,12,77,67,1,-1,-1
146,46,472,12,77,67,1,-1,-1
147,46,472,12,77,67,1,-1,-1
148,46,472,12,77,67,1,-1,-1
149,46,472,12,77,67,1,-1,-1
150,46,472,12,77,67,1,-1,-1
151,46,472,12,77,67,1,-1,-1
152,46,472,12,77,67,1,-1,-1
153,46,472,12,77,67,1,-1,-1
154,46,472,12,77,67,1,-1,-1
155,46,472,12,77,67,1,-1,-1
156,46,472,12,77,67,1,-1,-1
157,46,472,12,77,67,1,-1,-1
158,46,472,12,77,67,1,-1,-1
159,46,472,12,77,67,1,-1,-1
160,46,472,12,77,67,1,-1,-1
161,46,472,12,77,67,1,-1,-1
162,46,472,12,77,67,1,-1,-1
163,46,472,12,77,67,1,-1,-1
164,46,472,12,77,67,1,-1,-1
165,46,472,12,77,67,1,-1,-1
166,46,472,12,77,67,1,-1,-1
167,46,472,12,77,67,1,-1,-1
168,46,472,12,77,67,1,-1,-1
169,46,472,12,77,67,1,-1,-1
170,46,472,12,77,67,1,-1,-1
171,46,472,12,77,67,1,-1,-1
172,46,472,12,77,67,1,-1,-1
173,46,472,12,77,67,1,-1,-1
174,46,472,12,77,67,1,-1,-1
175,46,472,12,77,67,1,-1,-1
176,46,472,12,77,67,1,-1,-1
177,46,472,12,77,67,1,-1,-1
178,46,472,12,77,67,1,-1,-1
179,46,472,12,77,67,1,-1,-1
180,46,472,12,77,67,1,-1,-1
181,46,472,12,77,67,1,-1,-1
182,46,472,12,77,67,1,-1,-1
183,46,472,12,77,67,1,-1,-1
184,46,472,12,77,67,1,-1,-1
185,46,472,12,77,67,1,-1,-1
186,46,472,12,77,67,1,-1,-1
187,46,472,12,77,67,1,-1,-1
188,46,472,12,77,67,1,-1,-1
189,46,472,12,77,67,1,-1,-1
190,46,472,12,77,67,1,-1,-1
191,46,472,12,77,67,1,-1,-1
192,46,472,12,77,67,1,-1,-1
193,46,472,12,77,67,1,-1,-1
194,46,472,12,77,67,1,-1,-1
195,46,472,12,77,67,1,-1,-1
196,46,472,12,77,67,1,-1,-1
197,46,472,12,77,67,1,-1,-1
198,46,472,12,77,67,1,-1,-1
199,46,472,12,77,67,1,-1,-1
200,46,472,12,77,67,1,-1,-1
201,46,472,12,77,67,1,-1,-1
202,46,472,12,77,67,1,-1,-1
203,46,472,12,77,67,1,-1,-1
204,46,472,12,77,67,1,-1,-1
205,46,472,12,77,67,1,-1,-1
206,46,472,12,77,67,1,-1,-1
207,46,472,12,77,67,1,-1,-1
208,46,472,12,77,67,1,-1,-1
209,46,472,12,77,67,1,-1,-1
210,46,472,12,77,67,1,-1,-1
211,46,472,12,77,67,1,-1,-1
212,46,472,12,77,67,1,-1,-1
213,46,472,12,77,67,1,-1,-1
214,46,472,12,77,67,1,-1,-1
215,46,472,12,77,67,1,-1,-1
216,46,472,12,77,67,1,-1,-1
217,46,472,12,77,67,1,-1,-1
218,46,472,12,77,67,1,-1,-1
219,46,472,12,77,67,1,-1,-1
220,46,472,12,77,67,1,-1,-1
221,46,472,12,77,67,1,-1,-1
222,46,472,12,77,67,1,-1,-1
223,46,472,12,77,67,1,-1,-1
224,46,472,12,77,67,1,-1,-1
225,46,472,12,77,67,1,-1,-1
226,46,472,12,77,67,1,-1,-1
227,46,472,12,77,67,1,-1,-1
228,46,472,12,77,67,1,-1,-1
229,46,472,12,77,67,1,-1,-1
230,46,472,12,77,67,1,-1,-1
231,46,472,12,77,67,1,-1,-1
232,46,472,12,77,67,1,-1,-1
233,46,472,12,77,67,1,-1,-1
234,46,472,12,77,67,1,-1,-1
235,46,472,12,77,67,1,-1,-1
236,46,472,12,77,67,1,-1,-1
237,46,472,12,77,67,1,-1,-1
238,46,472,12,77,67,1,-1,-1
239,46,472,12,77,67,1,-1,-1
240,46,472,12,77,67,1,-1,-1
241,46,472,12,77,67,1,-1,-1
242,46,472,12,77,67,1,-1,-1
243,46,472,12,77,67,1,-1,-1
244,46,472,12,77,67,1,-1,-1
245,46,472,12,77,67,1,-1,-1
246,46,472,12,77,67,1,-1,-1
247,46,472,12,77,67,1,-1,-1
248,46,472,12,77,67,1,-1,-1
249,46,472,12,77,67,1,-1,-1
250,46,472,12,77,67,1,-1,-1
251,46,472,12,77,67,1,-1,-1
252,46,472,12,77,67,1,-1,-1
253,46,472,12,77,67,1,-1,-1
254,46,472,12,77,67,1,-1,-1
255,46,472,12,77,67,1,-1,-1
256,46,472,12,77,67,1,-1,-1
257,46,472,12,77,67,1,-1,-1
258,46,472,12,77,67,1,-1,-1
259,46,472,12,77,67,1,-1,-1
260,46,472,12,77,67,1,-1,-1
261,46,472,12,77,67,1,-1,-1
262,46,472,12,77,67,1,-1,-1
263,46,472,12,77,67,1,-1,-1
264,46,472,12,77,67,1,-1,-1
265,46,472,12,77,67,1,-1,-1
266,46,472,12,77,67,1,-1,-1
267,46,472,12,77,67,1,-1,-1
268,46,472,12,77,67,1,-1,-1
269,46,472,12,77,67,1,-1,-1
270,46,472,12,77,67,1,-1,-1
271,46,472,12,77,67,1,-1,-1
272,46,472,12,77,67,1,-1,-1
273,46,472,12,77,67,1,-1,-1
274,46,472,12,77,67,1,-1,-1
275,46,472,12,77,67,1,-1,-1
276,46,472,12,77,67,1,-1,-1
277,46,472,12,77,67,1,-1,-1
278,46,472,12,77,67,1,-1,-1
279,46,472,12,77,67,1,-1,-1
280,46,472,12,77,67,1,-1,-1
281,46,472,12,77,67,1,-1,-1
282,46,472,12,77,67,1,-1,-1
283,46,472,12,77,67,1,-1,-1
284,46,472,12,77,67,1,-1,-1
285,46,472,12,77,67,1,-1,-1
286,46,472,12,77,67,1,-1,-1
287,46,472,12,77,67,1,-1,-1
288,46,472,12,77,67,1,-1,-1
289,46,472,12,77,67,1,-1,-1
290,46,472,12,77,67,1,-1,-1
291,46,472,12,77,67,1,-1,-1
292,46,472,12,77,67,1,-1,-1
293,46,472,12,77,67,1,-1,-1
294,46,472,12,77,67,1,-1,-1
295,46,472,12,77,67,1,-1,-1
296,46,472,12,77,67,1,-1,-1
297,46,472,12,77,67,1,-1,-1
298,46,472,12,77,67,1,-1,-1
299,46,472,12,77,67,1,-1,-1
300,46,472,12,77,67,1,-1,-1
301,46,472,12,77,67,1,-1,-1
302,46,472,12,77,67,1,-1,-1
303,46,472,12,77,67,1,-1,-1
304,46,472,12,77,67,1,-1,-1
305,46,472,12,77,67,1,-1,-1
306,46,472,12,77,67,1,-1,-1
307,46,472,12,77,67,1,-1,-1
308,46,472,12,77,67,1,-1,-1
309,46,472,12,77,67,1,-1,-1
310,46,472,12,77,67,1,-1,-1
311,46,472,12,77,67,1,-1,-1
312,46,472,12,77,67,1,-1,-1
313,46,472,12,77,67,1,-1,-1
314,46,472,12,77,67,1,-1,-1
315,46,472,12,77,67,1,-1,-1
316,46,472,12,77,67,1,-1,-1
317,46,472,12,77,67,1,-1,-1
318,46,472,12,77,67,1,-1,-1
319,46,472,12,77,67,1,-1,-1
320,46,472,12,77,67,1,-1,-1
321,46,472,12,77,67,1,-1,-1
322,46,472,12,77,67,1,-1,-1
1,47,606,67,137,97,1,-1,-1
2,47,606,67,137,96,1,-1,-1
3,47,606,67,137,96,1,-1,-1
4,47,606,67,137,96,1,-1,-1
5,47,606,67,137,96,1,-1,-1
6,47,606,67,137,96,1,-1,-1
7,47,606,67,137,96,1,-1,-1
8,47,606,67,137,96,1,-1,-1
9,47,606,67,137,96,1,-1,-1
10,47,606,67,137,96,1,-1,-1
11,47,606,67,137,96,1,-1,-1
12,47,606,67,137,96,1,-1,-1
13,47,606,67,137,96,1,-1,-1
14,47,607,67,136,96,1,-1,-1
15,47,607,67,136,96,1,-1,-1
16,47,607,67,136,96,1,-1,-1
17,47,607,67,136,96,1,-1,-1
18,47,607,67,136,96,1,-1,-1
19,47,607,67,136,96,1,-1,-1
20,47,607,67,136,96,1,-1,-1
21,47,607,67,136,96,1,-1,-1
22,47,607,67,136,96,1,-1,-1
23,47,607,67,136,96,1,-1,-1
24,47,607,67,136,96,1,-1,-1
25,47,607,67,136,96,1,-1,-1
26,47,607,67,136,96,1,-1,-1
27,47,608,67,135,96,1,-1,-1
28,47,608,67,135,96,1,-1,-1
29,47,608,67,135,96,1,-1,-1
30,47,608,67,135,96,1,-1,-1
31,47,608,67,135,96,1,-1,-1
32,47,608,67,135,96,1,-1,-1
33,47,608,67,135,96,1,-1,-1
34,47,608,67,135,96,1,-1,-1
35,47,608,67,135,96,1,-1,-1
36,47,608,67,135,96,1,-1,-1
37,47,608,67,135,96,1,-1,-1
38,47,608,67,135,96,1,-1,-1
39,47,608,67,135,96,1,-1,-1
40,47,609,67,134,96,1,-1,-1
41,47,609,67,134,96,1,-1,-1
42,47,609,67,134,96,1,-1,-1
43,47,609,67,134,96,1,-1,-1
44,47,609,67,134,96,1,-1,-1
45,47,609,67,134,96,1,-1,-1
46,47,609,67,134,96,1,-1,-1
47,47,609,67,134,96,1,-1,-1
48,47,609,67,134,96,1,-1,-1
49,47,609,67,134,96,1,-1,-1
50,47,609,67,134,96,1,-1,-1
51,47,609,67,134,96,1,-1,-1
52,47,609,67,134,96,1,-1,-1
53,47,610,67,133,96,1,-1,-1
54,47,610,67,133,96,1,-1,-1
55,47,610,67,133,96,1,-1,-1
56,47,610,67,133,96,1,-1,-1
57,47,610,67,133,96,1,-1,-1
58,47,610,67,133,96,1,-1,-1
59,47,610,67,133,96,1,-1,-1
60,47,610,67,133,96,1,-1,-1
61,47,610,67,133,96,1,-1,-1
62,47,610,67,133,96,1,-1,-1
63,47,610,67,133,96,1,-1,-1
64,47,610,67,133,96,1,-1,-1
65,47,610,67,133,96,1,-1,-1
66,47,611,67,132,96,1,-1,-1
67,47,611,67,132,96,1,-1,-1
68,47,611,67,132,96,1,-1,-1
69,47,611,67,132,96,1,-1,-1
70,47,611,67,132,96,1,-1,-1
71,47,611,67,132,96,1,-1,-1
72,47,611,67,132,96,1,-1,-1
73,47,611,67,132,96,1,-1,-1
74,47,611,67,132,96,1,-1,-1
75,47,611,67,132,96,1,-1,-1
76,47,611,67,132,96,1,-1,-1
77,47,611,67,132,96,1,-1,-1
78,47,612,67,131,96,1,-1,-1
79,47,612,67,131,96,1,-1,-1
80,47,612,67,131,96,1,-1,-1
81,47,612,67,131,96,1,-1,-1
82,47,612,67,131,96,1,-1,-1
83,47,612,67,131,96,1,-1,-1
84,47,612,67,131,96,1,-1,-1
85,47,612,67,131,96,1,-1,-1
86,47,612,67,131,96,1,-1,-1
87,47,612,67,131,96,1,-1,-1
88,47,612,67,131,96,1,-1,-1
89,47,612,67,131,96,1,-1,-1
90,47,612,67,131,96,1,-1,-1
91,47,612,67,131,96,1,-1,-1
92,47,612,67,131,96,1,-1,-1
93,47,612,67,131,96,1,-1,-1
94,47,612,67,131,96,1,-1,-1
95,47,612,67,131,96,1,-1,-1
96,47,612,67,131,96,1,-1,-1
97,47,612,67,131,96,1,-1,-1
98,47,612,67,131,96,1,-1,-1
99,47,612,67,131,96,1,-1,-1
100,47,612,67,131,96,1,-1,-1
101,47,612,67,131,96,1,-1,-1
102,47,612,67,131,96,1,-1,-1
103,47,612,67,131,96,1,-1,-1
104,47,612,67,131,96,1,-1,-1
105,47,612,67,131,96,1,-1,-1
106,47,612,67,131,96,1,-1,-1
107,47,612,67,131,96,1,-1,-1
108,47,612,67,131,96,1,-1,-1
109,47,612,67,131,96,1,-1,-1
110,47,612,67,131,96,1,-1,-1
111,47,612,67,131,96,1,-1,-1
112,47,612,67,131,96,1,-1,-1
113,47,612,67,131,96,1,-1,-1
114,47,612,67,131,96,1,-1,-1
115,47,612,67,131,96,1,-1,-1
116,47,612,67,131,96,1,-1,-1
117,47,612,67,131,96,1,-1,-1
118,47,612,67,131,96,1,-1,-1
119,47,612,67,131,96,1,-1,-1
120,47,612,67,131,96,1,-1,-1
121,47,612,67,131,96,1,-1,-1
122,47,612,67,131,96,1,-1,-1
123,47,612,67,131,96,1,-1,-1
124,47,612,67,131,96,1,-1,-1
125,47,612,67,131,96,1,-1,-1
126,47,612,67,131,96,1,-1,-1
127,47,612,67,131,96,1,-1,-1
128,47,612,67,131,96,1,-1,-1
129,47,612,67,131,96,1,-1,-1
130,47,612,67,131,96,1,-1,-1
131,47,612,67,131,96,1,-1,-1
132,47,612,67,131,96,1,-1,-1
133,47,612,67,131,96,1,-1,-1
134,47,612,67,131,96,1,-1,-1
135,47,612,67,131,96,1,-1,-1
136,47,612,67,131,96,1,-1,-1
137,47,612,67,131,96,1,-1,-1
138,47,612,67,131,96,1,-1,-1
139,47,612,67,131,96,1,-1,-1
140,47,612,67,131,96,1,-1,-1
141,47,612,67,131,96,1,-1,-1
142,47,612,67,131,96,1,-1,-1
143,47,612,67,131,96,1,-1,-1
144,47,612,67,131,96,1,-1,-1
145,47,612,67,131,96,1,-1,-1
146,47,612,67,131,96,1,-1,-1
147,47,612,67,131,96,1,-1,-1
148,47,612,67,131,96,1,-1,-1
149,47,612,67,131,96,1,-1,-1
150,47,612,67,131,96,1,-1,-1
151,47,612,67,131,96,1,-1,-1
152,47,612,67,131,96,1,-1,-1
153,47,612,67,131,96,1,-1,-1
154,47,612,67,131,96,1,-1,-1
155,47,612,67,131,96,1,-1,-1
156,47,612,67,131,96,1,-1,-1
157,47,612,67,131,96,1,-1,-1
158,47,612,67,131,96,1,-1,-1
159,47,612,67,131,96,1,-1,-1
160,47,612,67,131,96,1,-1,-1
161,47,612,67,131,96,1,-1,-1
162,47,612,67,131,96,1,-1,-1
163,47,612,67,131,96,1,-1,-1
164,47,612,67,131,96,1,-1,-1
165,47,612,67,131,96,1,-1,-1
166,47,612,67,131,96,1,-1,-1
167,47,612,67,131,96,1,-1,-1
168,47,612,67,131,96,1,-1,-1
169,47,612,67,131,96,1,-1,-1
170,47,612,67,131,96,1,-1,-1
171,47,612,67,131,96,1,-1,-1
172,47,612,67,131,96,1,-1,-1
173,47,612,67,131,96,1,-1,-1
174,47,612,67,131,96,1,-1,-1
175,47,612,67,131,96,1,-1,-1
176,47,612,67,131,96,1,-1,-1
177,47,612,67,131,96,1,-1,-1
178,47,612,67,131,96,1,-1,-1
179,47,612,67,131,96,1,-1,-1
180,47,612,67,131,96,1,-1,-1
181,47,612,67,131,96,1,-1,-1
182,47,612,67,131,96,1,-1,-1
183,47,612,67,131,96,1,-1,-1
184,47,612,67,131,96,1,-1,-1
185,47,612,67,131,96,1,-1,-1
186,47,612,67,131,96,1,-1,-1
187,47,612,67,131,96,1,-1,-1
188,47,612,67,131,96,1,-1,-1
189,47,612,67,131,96,1,-1,-1
190,47,612,67,131,96,1,-1,-1
191,47,612,67,131,96,1,-1,-1
192,47,612,67,131,96,1,-1,-1
193,47,612,67,131,96,1,-1,-1
194,47,612,67,131,96,1,-1,-1
195,47,612,67,131,96,1,-1,-1
196,47,612,67,131,96,1,-1,-1
197,47,612,67,131,96,1,-1,-1
198,47,612,67,131,96,1,-1,-1
199,47,612,67,131,96,1,-1,-1
200,47,612,67,131,96,1,-1,-1
201,47,612,67,131,96,1,-1,-1
202,47,612,67,131,96,1,-1,-1
203,47,612,67,131,96,1,-1,-1
204,47,612,67,131,96,1,-1,-1
205,47,612,67,131,96,1,-1,-1
206,47,612,67,131,96,1,-1,-1
207,47,612,67,131,96,1,-1,-1
208,47,612,67,131,96,1,-1,-1
209,47,612,67,131,96,1,-1,-1
210,47,612,67,131,96,1,-1,-1
211,47,612,67,131,96,1,-1,-1
212,47,612,67,131,96,1,-1,-1
213,47,612,67,131,96,1,-1,-1
214,47,612,67,131,96,1,-1,-1
215,47,612,67,131,96,1,-1,-1
216,47,612,67,131,96,1,-1,-1
217,47,612,67,131,96,1,-1,-1
218,47,612,67,131,96,1,-1,-1
219,47,612,67,131,96,1,-1,-1
220,47,612,67,131,96,1,-1,-1
221,47,612,67,131,96,1,-1,-1
222,47,612,67,131,96,1,-1,-1
223,47,612,67,131,96,1,-1,-1
224,47,612,67,131,96,1,-1,-1
225,47,612,67,131,96,1,-1,-1
226,47,612,67,131,96,1,-1,-1
227,47,612,67,131,96,1,-1,-1
228,47,612,67,131,96,1,-1,-1
229,47,612,67,131,96,1,-1,-1
230,47,612,67,131,96,1,-1,-1
231,47,612,67,131,96,1,-1,-1
232,47,612,67,131,96,1,-1,-1
233,47,612,67,131,96,1,-1,-1
234,47,612,67,131,96,1,-1,-1
235,47,612,67,131,96,1,-1,-1
236,47,612,67,131,96,1,-1,-1
237,47,612,67,131,96,1,-1,-1
238,47,612,67,131,96,1,-1,-1
239,47,612,67,131,96,1,-1,-1
240,47,612,67,131,96,1,-1,-1
241,47,612,67,131,96,1,-1,-1
242,47,612,67,131,96,1,-1,-1
243,47,612,67,131,96,1,-1,-1
244,47,612,67,131,96,1,-1,-1
245,47,612,67,131,96,1,-1,-1
246,47,612,67,131,96,1,-1,-1
247,47,612,67,131,96,1,-1,-1
248,47,612,67,131,96,1,-1,-1
249,47,612,67,131,96,1,-1,-1
250,47,612,67,131,96,1,-1,-1
251,47,612,67,131,96,1,-1,-1
252,47,612,67,131,96,1,-1,-1
253,47,612,67,131,96,1,-1,-1
254,47,612,67,131,96,1,-1,-1
255,47,612,67,131,96,1,-1,-1
256,47,612,67,131,96,1,-1,-1
257,47,612,67,131,96,1,-1,-1
258,47,612,67,131,96,1,-1,-1
259,47,612,67,131,96,1,-1,-1
260,47,612,67,131,96,1,-1,-1
261,47,612,67,131,96,1,-1,-1
262,47,612,67,131,96,1,-1,-1
263,47,612,67,131,96,1,-1,-1
264,47,612,67,131,96,1,-1,-1
265,47,612,67,131,96,1,-1,-1
266,47,612,67,131,96,1,-1,-1
267,47,612,67,131,96,1,-1,-1
268,47,612,67,131,96,1,-1,-1
269,47,612,67,131,96,1,-1,-1
270,47,612,67,131,96,1,-1,-1
271,47,612,67,131,96,1,-1,-1
272,47,612,67,131,96,1,-1,-1
273,47,612,67,131,96,1,-1,-1
274,47,612,67,131,96,1,-1,-1
275,47,612,67,131,96,1,-1,-1
276,47,612,67,131,96,1,-1,-1
277,47,612,67,131,96,1,-1,-1
278,47,612,67,131,96,1,-1,-1
279,47,612,67,131,96,1,-1,-1
280,47,612,67,131,96,1,-1,-1
281,47,612,67,131,96,1,-1,-1
282,47,612,67,131,96,1,-1,-1
283,47,612,67,131,96,1,-1,-1
284,47,612,67,131,96,1,-1,-1
285,47,612,67,131,96,1,-1,-1
286,47,612,67,131,96,1,-1,-1
287,47,612,67,131,96,1,-1,-1
288,47,612,67,131,96,1,-1,-1
289,47,612,67,131,96,1,-1,-1
290,47,612,67,131,96,1,-1,-1
291,47,612,67,131,96,1,-1,-1
292,47,612,67,131,96,1,-1,-1
293,47,612,67,131,96,1,-1,-1
294,47,612,67,131,96,1,-1,-1
295,47,612,67,131,96,1,-1,-1
296,47,612,67,131,96,1,-1,-1
297,47,612,67,131,96,1,-1,-1
298,47,612,67,131,96,1,-1,-1
299,47,612,67,131,96,1,-1,-1
300,47,612,67,131,96,1,-1,-1
301,47,612,67,131,96,1,-1,-1
302,47,612,67,131,96,1,-1,-1
303,47,612,67,131,96,1,-1,-1
304,47,612,67,131,96,1,-1,-1
305,47,612,67,131,96,1,-1,-1
306,47,612,67,131,96,1,-1,-1
307,47,612,67,131,96,1,-1,-1
308,47,612,67,131,96,1,-1,-1
309,47,612,67,131,96,1,-1,-1
310,47,612,67,131,96,1,-1,-1
311,47,612,67,131,96,1,-1,-1
312,47,612,67,131,96,1,-1,-1
313,47,612,67,131,96,1,-1,-1
314,47,612,67,131,96,1,-1,-1
315,47,612,67,131,96,1,-1,-1
316,47,612,67,131,96,1,-1,-1
317,47,612,67,131,96,1,-1,-1
318,47,612,67,131,96,1,-1,-1
319,47,612,67,131,96,1,-1,-1
320,47,612,67,131,96,1,-1,-1
321,47,612,67,131,96,1,-1,-1
322,47,612,67,131,96,1,-1,-1
1,48,733,121,285,43,1,-1,-1
2,48,733,121,285,43,1,-1,-1
3,48,733,121,285,43,1,-1,-1
4,48,733,121,285,43,1,-1,-1
5,48,733,121,285,43,1,-1,-1
6,48,733,121,285,43,1,-1,-1
7,48,733,121,285,43,1,-1,-1
8,48,733,121,285,43,1,-1,-1
9,48,733,121,285,43,1,-1,-1
10,48,733,121,285,43,1,-1,-1
11,48,733,121,285,43,1,-1,-1
12,48,733,121,285,43,1,-1,-1
13,48,733,121,285,43,1,-1,-1
14,48,733,121,285,43,1,-1,-1
15,48,733,121,285,43,1,-1,-1
16,48,733,121,285,43,1,-1,-1
17,48,733,121,285,43,1,-1,-1
18,48,733,121,285,43,1,-1,-1
19,48,733,121,285,43,1,-1,-1
20,48,733,121,285,43,1,-1,-1
21,48,733,121,285,43,1,-1,-1
22,48,733,121,285,43,1,-1,-1
23,48,733,121,285,43,1,-1,-1
24,48,733,121,285,43,1,-1,-1
25,48,733,121,285,43,1,-1,-1
26,48,733,121,285,43,1,-1,-1
27,48,733,121,285,43,1,-1,-1
28,48,733,121,285,43,1,-1,-1
29,48,733,121,285,43,1,-1,-1
30,48,733,121,285,43,1,-1,-1
31,48,733,121,285,43,1,-1,-1
32,48,733,121,285,43,1,-1,-1
33,48,733,121,285,43,1,-1,-1
34,48,733,121,285,43,1,-1,-1
35,48,733,121,285,43,1,-1,-1
36,48,733,121,285,43,1,-1,-1
37,48,733,121,285,43,1,-1,-1
38,48,733,121,285,43,1,-1,-1
39,48,733,121,285,43,1,-1,-1
40,48,733,121,285,43,1,-1,-1
41,48,733,121,285,43,1,-1,-1
42,48,733,121,285,43,1,-1,-1
43,48,733,121,285,43,1,-1,-1
44,48,733,121,285,43,1,-1,-1
45,48,733,121,285,43,1,-1,-1
46,48,733,121,285,43,1,-1,-1
47,48,733,121,285,43,1,-1,-1
48,48,733,121,285,43,1,-1,-1
49,48,733,121,285,43,1,-1,-1
50,48,733,121,285,43,1,-1,-1
51,48,733,121,285,43,1,-1,-1
52,48,733,121,285,43,1,-1,-1
53,48,733,121,285,43,1,-1,-1
54,48,733,121,285,43,1,-1,-1
55,48,733,121,285,43,1,-1,-1
56,48,733,121,285,43,1,-1,-1
57,48,733,121,285,43,1,-1,-1
58,48,733,121,285,43,1,-1,-1
59,48,733,121,285,43,1,-1,-1
60,48,733,121,285,43,1,-1,-1
61,48,733,121,285,43,1,-1,-1
62,48,733,121,285,43,1,-1,-1
63,48,733,121,285,43,1,-1,-1
64,48,733,121,285,43,1,-1,-1
65,48,733,121,285,43,1,-1,-1
66,48,733,121,285,43,1,-1,-1
67,48,733,121,285,43,1,-1,-1
68,48,733,121,285,43,1,-1,-1
69,48,733,121,285,43,1,-1,-1
70,48,733,121,285,43,1,-1,-1
71,48,733,121,285,43,1,-1,-1
72,48,733,121,285,43,1,-1,-1
73,48,733,121,285,43,1,-1,-1
74,48,733,121,285,43,1,-1,-1
75,48,733,121,285,43,1,-1,-1
76,48,733,121,285,43,1,-1,-1
77,48,733,121,285,43,1,-1,-1
78,48,733,121,285,43,1,-1,-1
79,48,733,121,285,43,1,-1,-1
80,48,733,121,285,43,1,-1,-1
81,48,733,121,285,43,1,-1,-1
82,48,733,121,285,43,1,-1,-1
83,48,733,121,285,43,1,-1,-1
84,48,733,121,285,43,1,-1,-1
85,48,733,121,285,43,1,-1,-1
86,48,733,121,285,43,1,-1,-1
87,48,733,121,285,43,1,-1,-1
88,48,733,121,285,43,1,-1,-1
89,48,733,121,285,43,1,-1,-1
90,48,733,121,285,43,1,-1,-1
91,48,733,121,285,43,1,-1,-1
92,48,733,121,285,43,1,-1,-1
93,48,733,121,285,43,1,-1,-1
94,48,733,121,285,43,1,-1,-1
95,48,733,121,285,43,1,-1,-1
96,48,733,121,285,43,1,-1,-1
97,48,733,121,285,43,1,-1,-1
98,48,733,121,285,43,1,-1,-1
99,48,733,121,285,43,1,-1,-1
100,48,733,121,285,43,1,-1,-1
101,48,733,121,285,43,1,-1,-1
102,48,733,121,285,43,1,-1,-1
103,48,733,121,285,43,1,-1,-1
104,48,733,121,285,43,1,-1,-1
105,48,733,121,285,43,1,-1,-1
106,48,733,121,285,43,1,-1,-1
107,48,733,121,285,43,1,-1,-1
108,48,733,121,285,43,1,-1,-1
109,48,733,121,285,43,1,-1,-1
110,48,733,121,285,43,1,-1,-1
111,48,733,121,285,43,1,-1,-1
112,48,733,121,285,43,1,-1,-1
113,48,733,121,285,43,1,-1,-1
114,48,733,121,285,43,1,-1,-1
115,48,733,121,285,43,1,-1,-1
116,48,733,121,285,43,1,-1,-1
117,48,733,121,285,43,1,-1,-1
118,48,733,121,285,43,1,-1,-1
119,48,733,121,285,43,1,-1,-1
120,48,733,121,285,43,1,-1,-1
121,48,733,121,285,43,1,-1,-1
122,48,733,121,285,43,1,-1,-1
123,48,733,121,285,43,1,-1,-1
124,48,733,121,285,43,1,-1,-1
125,48,733,121,285,43,1,-1,-1
126,48,733,121,285,43,1,-1,-1
127,48,733,121,285,43,1,-1,-1
128,48,733,121,285,43,1,-1,-1
129,48,733,121,285,43,1,-1,-1
130,48,733,121,285,43,1,-1,-1
131,48,733,121,285,43,1,-1,-1
132,48,733,121,285,43,1,-1,-1
133,48,733,121,285,43,1,-1,-1
134,48,733,121,285,43,1,-1,-1
135,48,733,121,285,43,1,-1,-1
136,48,733,121,285,43,1,-1,-1
137,48,733,121,285,43,1,-1,-1
138,48,733,121,285,43,1,-1,-1
139,48,733,121,285,43,1,-1,-1
140,48,733,121,285,43,1,-1,-1
141,48,733,121,285,43,1,-1,-1
142,48,733,121,285,43,1,-1,-1
143,48,733,121,285,43,1,-1,-1
144,48,733,121,285,43,1,-1,-1
145,48,733,121,285,43,1,-1,-1
146,48,733,121,285,43,1,-1,-1
147,48,733,121,285,43,1,-1,-1
148,48,733,121,285,43,1,-1,-1
149,48,733,121,285,43,1,-1,-1
150,48,733,121,285,43,1,-1,-1
151,48,733,121,285,43,1,-1,-1
152,48,733,121,285,43,1,-1,-1
153,48,733,121,285,43,1,-1,-1
154,48,733,121,285,43,1,-1,-1
155,48,733,121,285,43,1,-1,-1
156,48,733,121,285,43,1,-1,-1
157,48,733,121,285,43,1,-1,-1
158,48,733,121,285,43,1,-1,-1
159,48,733,121,285,43,1,-1,-1
160,48,733,121,285,43,1,-1,-1
161,48,733,121,285,43,1,-1,-1
162,48,733,121,285,43,1,-1,-1
163,48,733,121,285,43,1,-1,-1
164,48,733,121,285,43,1,-1,-1
165,48,733,121,285,43,1,-1,-1
166,48,733,121,285,43,1,-1,-1
167,48,733,121,285,43,1,-1,-1
168,48,733,121,285,43,1,-1,-1
169,48,733,121,285,43,1,-1,-1
170,48,733,121,285,43,1,-1,-1
171,48,733,121,285,43,1,-1,-1
172,48,733,121,285,43,1,-1,-1
173,48,733,121,285,43,1,-1,-1
174,48,733,121,285,43,1,-1,-1
175,48,733,121,285,43,1,-1,-1
176,48,733,121,285,43,1,-1,-1
177,48,733,121,285,43,1,-1,-1
178,48,733,121,285,43,1,-1,-1
179,48,733,121,285,43,1,-1,-1
180,48,733,121,285,43,1,-1,-1
181,48,733,121,285,43,1,-1,-1
182,48,733,121,285,43,1,-1,-1
183,48,733,121,285,43,1,-1,-1
184,48,733,121,285,43,1,-1,-1
185,48,733,121,285,43,1,-1,-1
186,48,733,121,285,43,1,-1,-1
187,48,733,121,285,43,1,-1,-1
188,48,733,121,285,43,1,-1,-1
189,48,733,121,285,43,1,-1,-1
190,48,733,121,285,43,1,-1,-1
191,48,733,121,285,43,1,-1,-1
192,48,733,121,285,43,1,-1,-1
193,48,733,121,285,43,1,-1,-1
194,48,733,121,285,43,1,-1,-1
195,48,733,121,285,43,1,-1,-1
196,48,733,121,285,43,1,-1,-1
197,48,733,121,285,43,1,-1,-1
198,48,733,121,285,43,1,-1,-1
199,48,733,121,285,43,1,-1,-1
200,48,733,121,285,43,1,-1,-1
201,48,733,121,285,43,1,-1,-1
202,48,733,121,285,43,1,-1,-1
203,48,733,121,285,43,1,-1,-1
204,48,733,121,285,43,1,-1,-1
205,48,733,121,285,43,1,-1,-1
206,48,733,121,285,43,1,-1,-1
207,48,733,121,285,43,1,-1,-1
208,48,733,121,285,43,1,-1,-1
209,48,733,121,285,43,1,-1,-1
210,48,733,121,285,43,1,-1,-1
211,48,733,121,285,43,1,-1,-1
212,48,733,121,285,43,1,-1,-1
213,48,733,121,285,43,1,-1,-1
214,48,733,121,285,43,1,-1,-1
215,48,733,121,285,43,1,-1,-1
216,48,733,121,285,43,1,-1,-1
217,48,733,121,285,43,1,-1,-1
218,48,733,121,285,43,1,-1,-1
219,48,733,121,285,43,1,-1,-1
220,48,733,121,285,43,1,-1,-1
221,48,733,121,285,43,1,-1,-1
222,48,733,121,285,43,1,-1,-1
223,48,733,121,285,43,1,-1,-1
224,48,733,121,285,43,1,-1,-1
225,48,733,121,285,43,1,-1,-1
226,48,733,121,285,43,1,-1,-1
227,48,733,121,285,43,1,-1,-1
228,48,733,121,285,43,1,-1,-1
229,48,733,121,285,43,1,-1,-1
230,48,733,121,285,43,1,-1,-1
231,48,733,121,285,43,1,-1,-1
232,48,733,121,285,43,1,-1,-1
233,48,733,121,285,43,1,-1,-1
234,48,733,121,285,43,1,-1,-1
235,48,733,121,285,43,1,-1,-1
236,48,733,121,285,43,1,-1,-1
237,48,733,121,285,43,1,-1,-1
238,48,733,121,285,43,1,-1,-1
239,48,733,121,285,43,1,-1,-1
240,48,733,121,285,43,1,-1,-1
241,48,733,121,285,43,1,-1,-1
242,48,733,121,285,43,1,-1,-1
243,48,733,121,285,43,1,-1,-1
244,48,733,121,285,43,1,-1,-1
245,48,733,121,285,43,1,-1,-1
246,48,733,121,285,43,1,-1,-1
247,48,733,121,285,43,1,-1,-1
248,48,733,121,285,43,1,-1,-1
249,48,733,121,285,43,1,-1,-1
250,48,733,121,285,43,1,-1,-1
251,48,733,121,285,43,1,-1,-1
252,48,733,121,285,43,1,-1,-1
253,48,733,121,285,43,1,-1,-1
254,48,733,121,285,43,1,-1,-1
255,48,733,121,285,43,1,-1,-1
256,48,733,121,285,43,1,-1,-1
257,48,733,121,285,43,1,-1,-1
258,48,733,121,285,43,1,-1,-1
259,48,733,121,285,43,1,-1,-1
260,48,733,121,285,43,1,-1,-1
261,48,733,121,285,43,1,-1,-1
262,48,733,121,285,43,1,-1,-1
263,48,733,121,285,43,1,-1,-1
264,48,733,121,285,43,1,-1,-1
265,48,733,121,285,43,1,-1,-1
266,48,733,121,285,43,1,-1,-1
267,48,733,121,285,43,1,-1,-1
268,48,733,121,285,43,1,-1,-1
269,48,733,121,285,43,1,-1,-1
270,48,733,121,285,43,1,-1,-1
271,48,733,121,285,43,1,-1,-1
272,48,733,121,285,43,1,-1,-1
273,48,733,121,285,43,1,-1,-1
274,48,733,121,285,43,1,-1,-1
275,48,733,121,285,43,1,-1,-1
276,48,733,121,285,43,1,-1,-1
277,48,733,121,285,43,1,-1,-1
278,48,733,121,285,43,1,-1,-1
279,48,733,121,285,43,1,-1,-1
280,48,733,121,285,43,1,-1,-1
281,48,733,121,285,43,1,-1,-1
282,48,733,121,285,43,1,-1,-1
283,48,733,121,285,43,1,-1,-1
284,48,733,121,285,43,1,-1,-1
285,48,733,121,285,43,1,-1,-1
286,48,733,121,285,43,1,-1,-1
287,48,733,121,285,43,1,-1,-1
288,48,733,121,285,43,1,-1,-1
289,48,733,121,285,43,1,-1,-1
290,48,733,121,285,43,1,-1,-1
291,48,733,121,285,43,1,-1,-1
292,48,733,121,285,43,1,-1,-1
293,48,733,121,285,43,1,-1,-1
294,48,733,121,285,43,1,-1,-1
295,48,733,121,285,43,1,-1,-1
296,48,733,121,285,43,1,-1,-1
297,48,733,121,285,43,1,-1,-1
298,48,733,121,285,43,1,-1,-1
299,48,733,121,285,43,1,-1,-1
300,48,733,121,285,43,1,-1,-1
301,48,733,121,285,43,1,-1,-1
302,48,733,121,285,43,1,-1,-1
303,48,733,121,285,43,1,-1,-1
304,48,733,121,285,43,1,-1,-1
305,48,733,121,285,43,1,-1,-1
306,48,733,121,285,43,1,-1,-1
307,48,733,121,285,43,1,-1,-1
308,48,733,121,285,43,1,-1,-1
309,48,733,121,285,43,1,-1,-1
310,48,733,121,285,43,1,-1,-1
311,48,733,121,285,43,1,-1,-1
312,48,733,121,285,43,1,-1,-1
313,48,733,121,285,43,1,-1,-1
314,48,733,121,285,43,1,-1,-1
315,48,733,121,285,43,1,-1,-1
316,48,733,121,285,43,1,-1,-1
317,48,733,121,285,43,1,-1,-1
318,48,733,121,285,43,1,-1,-1
319,48,733,121,285,43,1,-1,-1
320,48,733,121,285,43,1,-1,-1
321,48,733,121,285,43,1,-1,-1
322,48,733,121,285,43,1,-1,-1
109,50,394,210,24,23,1,-1,-1
110,50,393,208,24,24,1,-1,-1
111,50,393,206,23,25,1,-1,-1
112,50,392,204,24,26,1,-1,-1
113,50,392,203,23,26,1,-1,-1
114,50,391,201,24,28,1,-1,-1
115,50,391,199,23,29,1,-1,-1
116,50,390,198,23,29,1,-1,-1
117,50,390,196,23,30,1,-1,-1
118,50,389,194,23,31,1,-1,-1
119,50,389,193,23,32,1,-1,-1
120,50,388,193,23,32,1,-1,-1
121,50,387,193,23,32,1,-1,-1
122,50,386,193,23,32,1,-1,-1
123,50,385,193,23,32,1,-1,-1
124,50,384,194,23,32,1,-1,-1
125,50,383,194,23,32,1,-1,-1
126,50,382,194,23,32,1,-1,-1
127,50,381,194,23,32,1,-1,-1
128,50,380,194,23,32,1,-1,-1
