601,33,205,23,183,135,1,-1,-1
602,33,205,22,183,135,1,-1,-1
603,33,205,22,183,135,1,-1,-1
604,33,205,22,183,135,1,-1,-1
605,33,206,22,183,135,1,-1,-1
606,33,206,22,183,135,1,-1,-1
607,33,206,22,183,135,1,-1,-1
608,33,206,22,183,135,1,-1,-1
609,33,207,22,183,135,1,-1,-1
610,33,207,22,183,135,1,-1,-1
611,33,207,22,183,135,1,-1,-1
612,33,208,22,183,135,1,-1,-1
613,33,208,22,183,135,1,-1,-1
614,33,208,22,183,135,1,-1,-1
615,33,208,22,183,135,1,-1,-1
616,33,209,22,183,135,1,-1,-1
617,33,209,22,183,135,1,-1,-1
618,33,209,22,183,135,1,-1,-1
619,33,210,22,183,135,1,-1,-1
620,33,210,22,183,135,1,-1,-1
621,33,210,21,183,135,1,-1,-1
622,33,210,21,183,135,1,-1,-1
623,33,211,21,183,135,1,-1,-1
624,33,211,21,183,135,1,-1,-1
625,33,211,21,183,135,1,-1,-1
626,33,212,21,183,135,1,-1,-1
627,33,212,21,183,135,1,-1,-1
628,33,212,21,183,135,1,-1,-1
629,33,212,21,183,135,1,-1,-1
630,33,213,21,183,135,1,-1,-1
631,33,213,21,183,135,1,-1,-1
632,33,213,21,183,135,1,-1,-1
633,33,214,21,183,135,1,-1,-1
634,33,214,21,183,135,1,-1,-1
635,33,214,21,183,135,1,-1,-1
636,33,214,21,183,135,1,-1,-1
637,33,215,21,183,135,1,-1,-1
638,33,215,21,183,135,1,-1,-1
639,33,215,21,183,135,1,-1,-1
640,33,216,20,183,135,1,-1,-1
641,33,216,20,183,135,1,-1,-1
642,33,216,20,183,135,1,-1,-1
643,33,216,20,183,135,1,-1,-1
644,33,217,20,183,135,1,-1,-1
645,33,217,20,183,135,1,-1,-1
646,33,217,20,183,135,1,-1,-1
647,33,218,20,183,135,1,-1,-1
648,33,218,20,183,135,1,-1,-1
649,33,218,20,183,135,1,-1,-1
650,33,218,20,183,135,1,-1,-1
651,33,219,20,183,135,1,-1,-1
652,33,219,20,183,135,1,-1,-1
653,33,219,20,183,135,1,-1,-1
654,33,220,20,183,135,1,-1,-1
655,33,220,20,183,135,1,-1,-1
656,33,220,20,183,135,1,-1,-1
657,33,220,20,183,135,1,-1,-1
658,33,221,20,183,135,1,-1,-1
659,33,221,19,183,135,1,-1,-1
660,33,221,19,183,135,1,-1,-1
661,33,222,19,183,135,1,-1,-1
662,33,222,19,183,135,1,-1,-1
663,33,222,19,183,135,1,-1,-1
664,33,222,19,183,135,1,-1,-1
665,33,223,19,183,135,1,-1,-1
666,33,223,19,183,135,1,-1,-1
667,33,223,19,183,135,1,-1,-1
668,33,224,19,183,135,1,-1,-1
669,33,224,19,183,135,1,-1,-1
670,33,224,19,183,135,1,-1,-1
671,33,224,19,183,135,1,-1,-1
672,33,225,19,183,135,1,-1,-1
673,33,225,19,183,135,1,-1,-1
674,33,225,19,183,135,1,-1,-1
675,33,226,19,183,135,1,-1,-1
676,33,226,19,183,135,1,-1,-1
677,33,226,19,183,135,1,-1,-1
678,33,226,18,183,135,1,-1,-1
679,33,227,18,183,135,1,-1,-1
680,33,227,18,183,135,1,-1,-1
681,33,227,18,183,135,1,-1,-1
682,33,228,18,183,135,1,-1,-1
683,33,228,18,183,135,1,-1,-1
684,33,228,18,183,135,1,-1,-1
685,33,228,18,183,135,1,-1,-1
686,33,229,18,183,135,1,-1,-1
687,33,229,18,183,135,1,-1,-1
688,33,229,18,183,135,1,-1,-1
689,33,230,18,183,135,1,-1,-1
690,33,230,18,183,135,1,-1,-1
691,33,230,18,183,135,1,-1,-1
692,33,230,18,183,135,1,-1,-1
693,33,231,18,183,135,1,-1,-1
694,33,231,18,183,135,1,-1,-1
695,33,231,18,183,135,1,-1,-1
696,33,232,18,183,135,1,-1,-1
697,33,232,17,183,135,1,-1,-1
698,33,232,17,183,135,1,-1,-1
699,33,232,17,183,135,1,-1,-1
700,33,233,17,183,135,1,-1,-1
701,33,233,17,183,135,1,-1,-1
702,33,233,17,183,135,1,-1,-1
703,33,233,17,183,135,1,-1,-1
704,33,234,17,183,135,1,-1,-1
705,33,234,17,183,135,1,-1,-1
706,33,234,17,183,135,1,-1,-1
707,33,235,17,183,135,1,-1,-1
708,33,235,17,183,135,1,-1,-1
709,33,235,17,183,135,1,-1,-1
710,33,235,17,183,135,1,-1,-1
711,33,236,17,183,135,1,-1,-1
712,33,236,17,183,135,1,-1,-1
713,33,236,17,183,135,1,-1,-1
714,33,237,17,183,135,1,-1,-1
715,33,237,17,183,135,1,-1,-1
716,33,237,16,183,135,1,-1,-1
717,33,237,16,183,135,1,-1,-1
718,33,238,16,183,135,1,-1,-1
719,33,238,16,183,135,1,-1,-1
720,33,238,16,183,135,1,-1,-1
721,33,239,16,183,135,1,-1,-1
722,33,239,16,183,135,1,-1,-1
723,33,239,16,183,135,1,-1,-1
724,33,239,16,183,135,1,-1,-1
725,33,240,16,183,135,1,-1,-1
726,33,240,16,183,135,1,-1,-1
727,33,240,16,183,135,1,-1,-1
728,33,241,16,183,135,1,-1,-1
729,33,241,16,183,135,1,-1,-1
730,33,241,16,183,135,1,-1,-1
731,33,241,16,183,135,1,-1,-1
732,33,242,16,183,135,1,-1,-1
733,33,242,16,183,135,1,-1,-1
734,33,242,16,183,135,1,-1,-1
735,33,243,15,183,135,1,-1,-1
736,33,243,15,183,135,1,-1,-1
737,33,243,15,183,135,1,-1,-1
738,33,243,15,183,135,1,-1,-1
739,33,244,15,183,135,1,-1,-1
740,33,244,15,183,135,1,-1,-1
741,33,244,15,183,135,1,-1,-1
742,33,245,15,183,135,1,-1,-1
743,33,245,15,183,135,1,-1,-1
744,33,245,15,183,135,1,-1,-1
745,33,245,15,183,135,1,-1,-1
746,33,246,15,183,135,1,-1,-1
747,33,246,15,183,135,1,-1,-1
748,33,246,15,183,135,1,-1,-1
749,33,247,15,183,135,1,-1,-1
750,33,247,15,183,135,1,-1,-1
751,33,247,15,183,135,1,-1,-1
752,33,247,15,183,135,1,-1,-1
753,33,248,15,183,135,1,-1,-1
754,33,248,14,183,135,1,-1,-1
755,33,248,14,183,135,1,-1,-1
756,33,249,14,183,135,1,-1,-1
757,33,249,14,183,135,1,-1,-1
758,33,249,14,183,135,1,-1,-1
759,33,249,14,183,135,1,-1,-1
760,33,250,14,183,135,1,-1,-1
761,33,250,14,183,135,1,-1,-1
762,33,250,14,183,135,1,-1,-1
763,33,251,14,183,135,1,-1,-1
764,33,251,14,183,135,1,-1,-1
765,33,251,14,183,135,1,-1,-1
766,33,251,14,183,135,1,-1,-1
767,33,252,14,183,135,1,-1,-1
768,33,252,14,183,135,1,-1,-1
769,33,252,14,183,135,1,-1,-1
770,33,253,14,183,135,1,-1,-1
771,33,253,14,183,135,1,-1,-1
772,33,253,14,183,135,1,-1,-1
773,33,253,13,183,135,1,-1,-1
774,33,254,13,183,135,1,-1,-1
775,33,254,13,183,135,1,-1,-1
776,33,254,13,183,135,1,-1,-1
777,33,255,13,183,135,1,-1,-1
778,33,255,13,183,135,1,-1,-1
779,33,255,13,183,135,1,-1,-1
780,33,255,13,183,135,1,-1,-1
781,33,256,13,183,135,1,-1,-1
782,33,256,13,183,135,1,-1,-1
783,33,256,13,183,135,1,-1,-1
784,33,257,13,183,135,1,-1,-1
785,33,257,13,183,135,1,-1,-1
786,33,257,13,183,135,1,-1,-1
787,33,257,13,183,135,1,-1,-1
788,33,258,13,183,135,1,-1,-1
789,33,258,13,183,135,1,-1,-1
790,33,258,13,183,135,1,-1,-1
791,33,259,13,183,135,1,-1,-1
792,33,259,12,183,135,1,-1,-1
793,33,259,12,183,135,1,-1,-1
794,33,260,12,183,135,1,-1,-1
795,33,260,12,183,135,1,-1,-1
796,33,261,12,183,135,1,-1,-1
797,33,261,12,183,135,1,-1,-1
798,33,262,12,183,135,1,-1,-1
799,33,262,12,183,135,1,-1,-1
800,33,263,12,183,135,1,-1,-1
801,33,263,12,183,135,1,-1,-1
802,33,264,12,183,135,1,-1,-1
803,33,264,12,183,135,1,-1,-1
804,33,265,12,183,135,1,-1,-1
805,33,265,12,183,135,1,-1,-1
806,33,266,12,183,135,1,-1,-1
807,33,266,12,183,135,1,-1,-1
808,33,267,12,183,135,1,-1,-1
809,33,267,12,183,135,1,-1,-1
810,33,267,12,183,135,1,-1,-1
811,33,268,12,183,135,1,-1,-1
812,33,268,12,183,135,1,-1,-1
813,33,269,12,183,135,1,-1,-1
814,33,269,12,183,135,1,-1,-1
815,33,270,12,183,135,1,-1,-1
816,33,270,12,183,135,1,-1,-1
817,33,271,12,183,135,1,-1,-1
818,33,271,12,183,135,1,-1,-1
819,33,272,12,183,135,1,-1,-1
820,33,272,12,183,135,1,-1,-1
821,33,273,12,183,135,1,-1,-1
822,33,273,12,183,135,1,-1,-1
823,33,274,12,183,135,1,-1,-1
824,33,274,12,183,135,1,-1,-1
825,33,275,12,183,135,1,-1,-1
826,33,275,12,183,135,1,-1,-1
827,33,275,12,183,135,1,-1,-1
828,33,276,12,183,135,1,-1,-1
829,33,276,12,183,135,1,-1,-1
830,33,277,12,183,135,1,-1,-1
831,33,277,12,183,135,1,-1,-1
832,33,278,12,183,135,1,-1,-1
833,33,278,12,183,135,1,-1,-1
834,33,279,12,183,135,1,-1,-1
835,33,279,12,183,135,1,-1,-1
836,33,280,12,183,135,1,-1,-1
837,33,280,12,183,135,1,-1,-1
838,33,281,12,183,135,1,-1,-1
839,33,281,12,183,135,1,-1,-1
840,33,282,12,183,135,1,-1,-1
841,33,282,12,183,135,1,-1,-1
842,33,283,12,183,135,1,-1,-1
843,33,283,12,183,135,1,-1,-1
844,33,283,12,183,135,1,-1,-1
845,33,284,12,183,135,1,-1,-1
846,33,284,12,183,135,1,-1,-1
847,33,285,12,183,135,1,-1,-1
848,33,285,12,183,135,1,-1,-1
849,33,286,12,183,135,1,-1,-1
850,33,286,12,183,135,1,-1,-1
851,33,287,12,183,135,1,-1,-1
852,33,287,12,183,135,1,-1,-1
853,33,288,12,183,135,1,-1,-1
854,33,288,12,183,135,1,-1,-1
855,33,289,12,183,135,1,-1,-1
856,33,289,12,183,135,1,-1,-1
857,33,290,12,183,135,1,-1,-1
858,33,290,12,183,135,1,-1,-1
859,33,291,12,183,135,1,-1,-1
860,33,291,12,183,135,1,-1,-1
861,33,292,12,183,135,1,-1,-1
862,33,291,11,184,135,1,-1,-1
863,33,291,11,184,135,1,-1,-1
864,33,291,11,184,135,1,-1,-1
865,33,291,11,185,135,1,-1,-1
866,33,291,11,185,135,1,-1,-1
867,33,291,11,185,135,1,-1,-1
868,33,291,11,186,135,1,-1,-1
869,33,291,11,186,135,1,-1,-1
870,33,291,11,186,135,1,-1,-1
871,33,291,11,187,135,1,-1,-1
872,33,291,11,187,135,1,-1,-1
873,33,291,11,187,135,1,-1,-1
874,33,291,11,188,135,1,-1,-1
875,33,291,11,188,134,1,-1,-1
876,33,291,11,188,134,1,-1,-1
877,33,291,11,189,134,1,-1,-1
878,33,291,11,189,134,1,-1,-1
879,33,291,11,189,134,1,-1,-1
880,33,291,11,190,134,1,-1,-1
881,33,291,11,190,134,1,-1,-1
882,33,291,11,190,134,1,-1,-1
883,33,291,11,190,134,1,-1,-1
884,33,291,11,191,134,1,-1,-1
885,33,291,11,191,134,1,-1,-1
886,33,291,11,191,134,1,-1,-1
887,33,291,11,192,134,1,-1,-1
888,33,291,11,192,134,1,-1,-1
889,33,291,11,192,133,1,-1,-1
890,33,291,11,193,133,1,-1,-1
891,33,291,11,193,133,1,-1,-1
892,33,291,11,193,133,1,-1,-1
893,33,291,11,194,133,1,-1,-1
894,33,291,11,194,133,1,-1,-1
895,33,291,11,194,133,1,-1,-1
896,33,291,11,195,133,1,-1,-1
897,33,291,11,195,133,1,-1,-1
898,33,291,11,195,133,1,-1,-1
899,33,291,11,196,133,1,-1,-1
900,33,291,11,196,133,1,-1,-1
901,33,291,11,196,133,1,-1,-1
902,33,291,11,197,133,1,-1,-1
903,33,291,11,198,133,1,-1,-1
904,33,291,11,199,133,1,-1,-1
905,33,291,11,200,133,1,-1,-1
906,33,291,11,201,133,1,-1,-1
907,33,291,11,202,133,1,-1,-1
908,33,291,11,203,133,1,-1,-1
909,33,291,11,204,133,1,-1,-1
910,33,291,11,205,133,1,-1,-1
911,33,291,11,206,133,1,-1,-1
912,33,291,11,207,133,1,-1,-1
913,33,291,11,208,133,1,-1,-1
914,33,291,11,209,133,1,-1,-1
915,33,291,11,210,133,1,-1,-1
916,33,291,11,211,133,1,-1,-1
917,33,291,11,212,133,1,-1,-1
918,33,291,11,213,133,1,-1,-1
919,33,291,11,214,133,1,-1,-1
920,33,291,11,215,133,1,-1,-1
921,33,291,11,216,133,1,-1,-1
922,33,291,11,217,133,1,-1,-1
671,34,843,0,44,26,1,-1,-1
672,34,843,0,45,27,1,-1,-1
673,34,844,0,46,28,1,-1,-1
674,34,845,0,47,30,1,-1,-1
675,34,846,0,47,31,1,-1,-1
676,34,847,0,48,33,1,-1,-1
677,34,848,0,49,34,1,-1,-1
678,34,849,0,50,36,1,-1,-1
679,34,850,0,50,37,1,-1,-1
680,34,851,0,51,38,1,-1,-1
681,34,852,0,52,40,1,-1,-1
682,34,853,0,53,41,1,-1,-1
683,34,854,0,53,43,1,-1,-1
684,34,855,0,54,44,1,-1,-1
685,34,856,0,55,46,1,-1,-1
686,34,857,0,56,47,1,-1,-1
687,34,858,0,56,48,1,-1,-1
688,34,859,0,57,50,1,-1,-1
689,34,860,0,58,51,1,-1,-1
690,34,861,0,58,53,1,-1,-1
691,34,862,0,59,54,1,-1,-1
692,34,863,0,60,56,1,-1,-1
693,34,864,0,61,57,1,-1,-1
694,34,865,0,61,58,1,-1,-1
695,34,866,0,62,60,1,-1,-1
696,34,867,0,63,61,1,-1,-1
697,34,868,0,64,63,1,-1,-1
698,34,869,0,64,64,1,-1,-1
699,34,870,0,65,66,1,-1,-1
700,34,871,0,66,67,1,-1,-1
701,34,872,0,67,69,1,-1,-1
702,34,873,0,67,70,1,-1,-1
703,34,874,0,68,71,1,-1,-1
704,34,875,0,69,73,1,-1,-1
705,34,876,0,69,74,1,-1,-1
706,34,877,0,70,76,1,-1,-1
707,34,878,0,71,77,1,-1,-1
708,34,879,0,72,79,1,-1,-1
709,34,880,0,72,80,1,-1,-1
710,34,881,0,73,81,1,-1,-1
711,34,882,0,74,83,1,-1,-1
712,34,883,0,75,84,1,-1,-1
713,34,884,0,75,86,1,-1,-1
714,34,885,0,76,87,1,-1,-1
715,34,886,0,77,89,1,-1,-1
716,34,887,0,78,90,1,-1,-1
717,34,888,0,78,91,1,-1,-1
718,34,889,0,79,93,1,-1,-1
719,34,890,0,80,94,1,-1,-1
720,34,891,0,80,96,1,-1,-1
721,34,892,0,81,97,1,-1,-1
722,34,893,0,82,99,1,-1,-1
723,34,894,0,83,100,1,-1,-1
724,34,895,0,83,101,1,-1,-1
725,34,896,0,84,103,1,-1,-1
726,34,897,0,85,104,1,-1,-1
727,34,898,0,86,106,1,-1,-1
728,34,899,0,86,107,1,-1,-1
729,34,900,0,87,109,1,-1,-1
730,34,901,0,88,110,1,-1,-1
731,34,902,0,89,112,1,-1,-1
732,34,902,0,90,111,1,-1,-1
733,34,902,0,91,111,1,-1,-1
734,34,902,0,92,111,1,-1,-1
735,34,902,0,94,111,1,-1,-1
736,34,902,0,95,111,1,-1,-1
737,34,902,0,96,111,1,-1,-1
738,34,902,0,98,111,1,-1,-1
739,34,902,0,99,111,1,-1,-1
740,34,902,0,100,111,1,-1,-1
741,34,902,0,102,111,1,-1,-1
742,34,902,0,102,110,1,-1,-1
743,34,902,0,103,110,1,-1,-1
744,34,902,0,104,110,1,-1,-1
745,34,902,0,105,110,1,-1,-1
746,34,902,0,105,110,1,-1,-1
747,34,902,0,106,110,1,-1,-1
748,34,902,0,107,110,1,-1,-1
749,34,902,0,108,110,1,-1,-1
750,34,902,0,108,110,1,-1,-1
751,34,902,0,109,110,1,-1,-1
752,34,902,0,110,109,1,-1,-1
753,34,902,0,111,109,1,-1,-1
754,34,902,0,111,109,1,-1,-1
755,34,902,0,112,109,1,-1,-1
756,34,902,0,113,109,1,-1,-1
757,34,902,0,114,109,1,-1,-1
758,34,902,0,114,109,1,-1,-1
759,34,902,0,115,109,1,-1,-1
760,34,902,0,116,109,1,-1,-1
761,34,902,0,117,109,1,-1,-1
762,34,902,0,117,108,1,-1,-1
763,34,902,0,117,108,1,-1,-1
764,34,902,0,118,108,1,-1,-1
765,34,902,0,118,108,1,-1,-1
766,34,902,0,119,108,1,-1,-1
767,34,902,0,119,108,1,-1,-1
768,34,902,0,119,108,1,-1,-1
769,34,902,0,120,108,1,-1,-1
770,34,902,0,120,108,1,-1,-1
771,34,902,0,121,108,1,-1,-1
772,34,901,0,122,109,1,-1,-1
773,34,901,0,122,111,1,-1,-1
774,34,901,0,122,112,1,-1,-1
775,34,901,0,122,114,1,-1,-1
776,34,901,0,122,116,1,-1,-1
777,34,901,0,122,117,1,-1,-1
778,34,901,0,122,119,1,-1,-1
779,34,900,0,123,121,1,-1,-1
780,34,900,0,123,122,1,-1,-1
781,34,900,0,123,124,1,-1,-1
782,34,900,0,123,125,1,-1,-1
783,34,900,0,123,127,1,-1,-1
784,34,900,0,123,129,1,-1,-1
785,34,900,0,123,130,1,-1,-1
786,34,900,0,123,132,1,-1,-1
787,34,899,0,124,134,1,-1,-1
788,34,899,0,124,135,1,-1,-1
789,34,899,0,124,137,1,-1,-1
790,34,899,0,124,139,1,-1,-1
791,34,899,0,124,140,1,-1,-1
792,34,899,0,124,142,1,-1,-1
793,34,899,0,124,143,1,-1,-1
794,34,898,0,125,145,1,-1,-1
795,34,898,0,125,147,1,-1,-1
796,34,898,0,125,148,1,-1,-1
797,34,898,0,125,150,1,-1,-1
798,34,898,0,125,152,1,-1,-1
799,34,898,0,125,153,1,-1,-1
800,34,898,0,125,155,1,-1,-1
801,34,898,0,125,157,1,-1,-1
802,34,899,0,124,157,1,-1,-1
803,34,901,0,122,157,1,-1,-1
804,34,902,0,121,157,1,-1,-1
805,34,904,0,119,157,1,-1,-1
806,34,906,0,117,157,1,-1,-1
807,34,907,0,116,157,1,-1,-1
808,34,909,0,114,157,1,-1,-1
809,34,910,0,113,157,1,-1,-1
810,34,912,0,111,157,1,-1,-1
811,34,914,0,109,157,1,-1,-1
812,34,915,0,108,157,1,-1,-1
813,34,917,0,106,157,1,-1,-1
814,34,918,0,105,157,1,-1,-1
815,34,920,0,103,157,1,-1,-1
816,34,922,0,101,157,1,-1,-1
817,34,923,0,100,157,1,-1,-1
818,34,925,0,98,157,1,-1,-1
819,34,926,0,97,157,1,-1,-1
820,34,928,0,95,157,1,-1,-1
821,34,930,0,93,157,1,-1,-1
822,34,930,0,93,157,1,-1,-1
823,34,931,0,92,157,1,-1,-1
824,34,932,0,91,157,1,-1,-1
825,34,933,0,90,157,1,-1,-1
826,34,934,0,89,157,1,-1,-1
827,34,934,0,89,157,1,-1,-1
828,34,935,0,88,157,1,-1,-1
829,34,936,0,87,157,1,-1,-1
830,34,937,0,86,157,1,-1,-1
831,34,938,0,85,157,1,-1,-1
832,34,938,0,85,157,1,-1,-1
833,34,939,0,84,157,1,-1,-1
834,34,940,0,83,157,1,-1,-1
835,34,941,0,82,157,1,-1,-1
836,34,942,0,81,157,1,-1,-1
837,34,942,0,81,157,1,-1,-1
838,34,943,0,80,157,1,-1,-1
839,34,944,0,79,157,1,-1,-1
840,34,945,0,78,157,1,-1,-1
841,34,946,0,77,157,1,-1,-1
842,34,946,0,77,157,1,-1,-1
843,34,947,0,76,157,1,-1,-1
844,34,948,0,75,157,1,-1,-1
845,34,949,0,74,157,1,-1,-1
846,34,950,0,73,157,1,-1,-1
847,34,950,0,73,157,1,-1,-1
848,34,951,0,72,157,1,-1,-1
849,34,952,0,71,157,1,-1,-1
850,34,953,0,70,157,1,-1,-1
851,34,954,0,69,157,1,-1,-1
852,34,954,0,69,157,1,-1,-1
853,34,954,0,69,157,1,-1,-1
854,34,954,0,69,157,1,-1,-1
855,34,954,0,69,157,1,-1,-1
856,34,954,0,69,157,1,-1,-1
857,34,954,0,69,157,1,-1,-1
858,34,954,0,69,157,1,-1,-1
859,34,954,0,69,157,1,-1,-1
860,34,954,0,69,157,1,-1,-1
861,34,954,0,69,157,1,-1,-1
862,34,954,0,69,157,1,-1,-1
863,34,954,0,69,157,1,-1,-1
864,34,954,0,69,157,1,-1,-1
865,34,954,0,69,157,1,-1,-1
866,34,954,0,69,157,1,-1,-1
867,34,954,0,69,157,1,-1,-1
868,34,954,0,69,157,1,-1,-1
869,34,954,0,69,157,1,-1,-1
870,34,954,0,69,157,1,-1,-1
871,34,954,0,69,157,1,-1,-1
872,34,954,0,69,157,1,-1,-1
873,34,954,0,69,157,1,-1,-1
874,34,954,0,69,157,1,-1,-1
875,34,954,0,69,157,1,-1,-1
876,34,954,0,69,157,1,-1,-1
877,34,954,0,69,157,1,-1,-1
878,34,954,0,69,157,1,-1,-1
879,34,954,0,69,157,1,-1,-1
880,34,954,0,69,157,1,-1,-1
881,34,954,0,69,157,1,-1,-1
882,34,954,0,69,157,1,-1,-1
883,34,954,0,69,157,1,-1,-1
884,34,954,0,69,157,1,-1,-1
885,34,954,0,69,157,1,-1,-1
886,34,954,0,69,157,1,-1,-1
887,34,954,0,69,157,1,-1,-1
888,34,954,0,69,157,1,-1,-1
889,34,954,0,69,157,1,-1,-1
890,34,954,0,69,157,1,-1,-1
891,34,954,0,69,157,1,-1,-1
892,34,954,0,69,157,1,-1,-1
893,34,954,0,69,157,1,-1,-1
894,34,954,0,69,157,1,-1,-1
895,34,954,0,69,157,1,-1,-1
896,34,954,0,69,157,1,-1,-1
897,34,954,0,69,157,1,-1,-1
898,34,954,0,69,157,1,-1,-1
899,34,954,0,69,157,1,-1,-1
900,34,954,0,69,157,1,-1,-1
901,34,954,0,69,157,1,-1,-1
902,34,954,0,69,157,1,-1,-1
903,34,954,0,69,157,1,-1,-1
904,34,954,0,69,157,1,-1,-1
905,34,954,0,69,157,1,-1,-1
906,34,954,0,69,157,1,-1,-1
907,34,954,0,69,157,1,-1,-1
908,34,954,0,69,157,1,-1,-1
909,34,954,0,69,157,1,-1,-1
910,34,954,0,69,157,1,-1,-1
911,34,954,0,69,157,1,-1,-1
912,34,954,0,69,157,1,-1,-1
913,34,954,0,69,157,1,-1,-1
914,34,954,0,69,157,1,-1,-1
915,34,954,0,69,157,1,-1,-1
916,34,954,0,69,157,1,-1,-1
917,34,954,0,69,157,1,-1,-1
918,34,954,0,69,157,1,-1,-1
919,34,954,0,69,157,1,-1,-1
920,34,954,0,69,157,1,-1,-1
921,34,954,0,69,157,1,-1,-1
922,34,954,0,69,157,1,-1,-1
601,53,754,102,271,195,1,-1,-1
602,53,754,103,270,194,1,-1,-1
603,53,754,104,269,193,1,-1,-1
604,53,754,106,269,191,1,-1,-1
605,53,754,107,268,190,1,-1,-1
606,53,754,108,268,189,1,-1,-1
607,53,754,110,267,187,1,-1,-1
608,53,754,111,266,186,1,-1,-1
609,53,754,112,266,185,1,-1,-1
610,53,754,114,265,183,1,-1,-1
611,53,754,115,265,182,1,-1,-1
612,53,754,116,264,181,1,-1,-1
613,53,755,118,262,179,1,-1,-1
614,53,755,119,262,178,1,-1,-1
615,53,755,121,261,177,1,-1,-1
616,53,755,122,261,176,1,-1,-1
617,53,755,123,260,175,1,-1,-1
618,53,755,125,259,173,1,-1,-1
619,53,755,126,259,172,1,-1,-1
620,53,755,127,258,171,1,-1,-1
621,53,755,129,258,169,1,-1,-1
622,53,755,130,257,168,1,-1,-1
623,53,755,131,256,167,1,-1,-1
624,53,756,133,255,165,1,-1,-1
625,53,756,134,254,164,1,-1,-1
626,53,756,136,254,162,1,-1,-1
627,53,756,137,253,161,1,-1,-1
628,53,756,138,252,161,1,-1,-1
629,53,756,140,252,159,1,-1,-1
630,53,756,141,251,158,1,-1,-1
631,53,756,142,251,157,1,-1,-1
632,53,756,144,250,155,1,-1,-1
633,53,756,145,249,154,1,-1,-1
634,53,756,146,249,153,1,-1,-1
635,53,756,148,248,151,1,-1,-1
636,53,757,149,247,150,1,-1,-1
637,53,757,151,246,148,1,-1,-1
638,53,757,152,245,147,1,-1,-1
639,53,757,153,245,146,1,-1,-1
640,53,757,155,244,144,1,-1,-1
641,53,757,156,244,144,1,-1,-1
642,53,757,157,243,143,1,-1,-1
643,53,757,159,242,141,1,-1,-1
644,53,757,160,242,140,1,-1,-1
645,53,757,161,241,139,1,-1,-1
646,53,757,163,241,137,1,-1,-1
647,53,758,164,239,136,1,-1,-1
648,53,758,166,238,134,1,-1,-1
649,53,758,167,238,133,1,-1,-1
650,53,758,168,237,132,1,-1,-1
651,53,758,170,237,130,1,-1,-1
652,53,758,171,236,129,1,-1,-1
653,53,758,172,235,128,1,-1,-1
654,53,758,174,235,126,1,-1,-1
655,53,758,175,234,126,1,-1,-1
656,53,758,176,234,125,1,-1,-1
657,53,758,178,233,123,1,-1,-1
658,53,758,179,232,122,1,-1,-1
659,53,759,181,231,120,1,-1,-1
660,53,759,182,230,119,1,-1,-1
661,53,759,183,230,118,1,-1,-1
662,53,759,185,229,116,1,-1,-1
663,53,759,186,228,115,1,-1,-1
664,53,759,187,228,114,1,-1,-1
665,53,759,189,227,112,1,-1,-1
666,53,759,190,227,111,1,-1,-1
667,53,759,191,226,110,1,-1,-1
668,53,759,193,225,109,1,-1,-1
669,53,759,194,225,108,1,-1,-1
670,53,760,196,223,106,1,-1,-1
671,53,760,197,223,105,1,-1,-1
672,53,760,198,222,104,1,-1,-1
673,53,760,200,221,102,1,-1,-1
674,53,760,201,221,101,1,-1,-1
675,53,760,202,220,100,1,-1,-1
676,53,760,204,220,98,1,-1,-1
677,53,760,205,219,97,1,-1,-1
678,53,760,206,218,96,1,-1,-1
679,53,760,208,218,94,1,-1,-1
680,53,760,209,217,93,1,-1,-1
681,53,761,211,216,92,1,-1,-1
682,53,761,211,216,92,1,-1,-1
683,53,761,212,216,92,1,-1,-1
684,53,762,213,215,92,1,-1,-1
685,53,762,214,215,92,1,-1,-1
686,53,762,215,215,92,1,-1,-1
687,53,763,215,214,93,1,-1,-1
688,53,763,216,215,93,1,-1,-1
689,53,764,217,214,93,1,-1,-1
690,53,764,218,214,93,1,-1,-1
691,53,764,219,214,93,1,-1,-1
692,53,765,219,213,94,1,-1,-1
693,53,765,220,213,94,1,-1,-1
694,53,766,221,213,94,1,-1,-1
695,53,766,222,213,94,1,-1,-1
696,53,766,223,213,94,1,-1,-1
697,53,767,223,212,95,1,-1,-1
698,53,767,224,212,95,1,-1,-1
699,53,768,225,211,95,1,-1,-1
700,53,768,226,211,95,1,-1,-1
701,53,768,227,212,95,1,-1,-1
702,53,769,227,211,96,1,-1,-1
703,53,769,228,211,96,1,-1,-1
704,53,770,229,210,96,1,-1,-1
705,53,770,230,210,96,1,-1,-1
706,53,770,231,210,96,1,-1,-1
707,53,771,231,210,97,1,-1,-1
708,53,771,232,210,97,1,-1,-1
709,53,772,233,209,97,1,-1,-1
710,53,772,234,209,97,1,-1,-1
711,53,772,235,209,97,1,-1,-1
712,53,773,236,208,97,1,-1,-1
713,53,773,236,208,98,1,-1,-1
714,53,774,237,208,97,1,-1,-1
715,53,774,238,208,97,1,-1,-1
716,53,774,239,208,97,1,-1,-1
717,53,775,240,207,97,1,-1,-1
718,53,775,240,207,98,1,-1,-1
719,53,776,241,206,98,1,-1,-1
720,53,776,242,207,98,1,-1,-1
721,53,776,243,207,98,1,-1,-1
722,53,777,244,206,98,1,-1,-1
723,53,777,244,206,99,1,-1,-1
724,53,778,245,205,99,1,-1,-1
725,53,778,246,205,99,1,-1,-1
726,53,778,247,205,99,1,-1,-1
727,53,779,248,205,99,1,-1,-1
728,53,779,248,205,100,1,-1,-1
729,53,780,249,204,100,1,-1,-1
730,53,780,250,204,100,1,-1,-1
731,53,780,251,204,100,1,-1,-1
732,53,781,252,203,100,1,-1,-1
733,53,781,252,204,101,1,-1,-1
734,53,782,253,203,101,1,-1,-1
735,53,782,254,203,101,1,-1,-1
736,53,782,255,203,101,1,-1,-1
737,53,783,256,202,101,1,-1,-1
738,53,783,257,202,101,1,-1,-1
739,53,784,257,202,102,1,-1,-1
740,53,784,258,202,102,1,-1,-1
741,53,784,259,202,102,1,-1,-1
742,53,785,260,201,102,1,-1,-1
743,53,785,261,201,102,1,-1,-1
744,53,786,261,200,103,1,-1,-1
745,53,786,262,200,103,1,-1,-1
746,53,786,263,201,102,1,-1,-1
747,53,787,264,200,102,1,-1,-1
748,53,787,265,200,102,1,-1,-1
749,53,788,265,199,103,1,-1,-1
750,53,788,266,199,103,1,-1,-1
751,53,788,267,199,103,1,-1,-1
752,53,789,268,199,103,1,-1,-1
753,53,789,269,199,103,1,-1,-1
754,53,790,269,198,104,1,-1,-1
755,53,790,270,198,104,1,-1,-1
756,53,790,271,198,104,1,-1,-1
757,53,791,272,197,104,1,-1,-1
758,53,791,273,197,104,1,-1,-1
759,53,792,273,197,105,1,-1,-1
760,53,792,274,197,105,1,-1,-1
761,53,792,275,197,105,1,-1,-1
762,53,793,276,196,105,1,-1,-1
763,53,793,277,196,105,1,-1,-1
764,53,793,278,196,105,1,-1,-1
765,53,794,278,196,106,1,-1,-1
766,53,794,279,196,106,1,-1,-1
767,53,795,280,195,106,1,-1,-1
768,53,795,281,195,106,1,-1,-1
769,53,795,282,195,106,1,-1,-1
770,53,796,282,194,107,1,-1,-1
771,53,796,283,194,107,1,-1,-1
772,53,797,284,194,107,1,-1,-1
773,53,797,285,194,107,1,-1,-1
774,53,797,286,194,107,1,-1,-1
775,53,798,286,193,108,1,-1,-1
776,53,798,287,193,108,1,-1,-1
777,53,799,288,192,108,1,-1,-1
778,53,799,289,193,107,1,-1,-1
779,53,799,290,193,107,1,-1,-1
780,53,800,290,192,108,1,-1,-1
781,53,800,291,192,108,1,-1,-1
782,53,801,292,191,108,1,-1,-1
783,53,801,293,191,108,1,-1,-1
784,53,801,294,191,108,1,-1,-1
785,53,802,294,191,109,1,-1,-1
786,53,802,295,191,109,1,-1,-1
787,53,803,296,190,109,1,-1,-1
788,53,803,297,190,109,1,-1,-1
789,53,803,298,190,109,1,-1,-1
790,53,804,299,189,109,1,-1,-1
791,53,804,299,190,110,1,-1,-1
792,53,805,300,189,110,1,-1,-1
793,53,805,301,189,110,1,-1,-1
794,53,805,302,189,110,1,-1,-1
795,53,806,303,188,110,1,-1,-1
796,53,806,303,188,111,1,-1,-1
797,53,807,304,188,111,1,-1,-1
798,53,807,305,188,111,1,-1,-1
799,53,807,306,188,111,1,-1,-1
800,53,808,307,187,111,1,-1,-1
801,53,808,307,187,112,1,-1,-1
802,53,809,308,186,112,1,-1,-1
803,53,809,309,186,112,1,-1,-1
804,53,809,310,187,112,1,-1,-1
805,53,810,311,186,112,1,-1,-1
806,53,810,311,186,113,1,-1,-1
807,53,811,312,185,113,1,-1,-1
808,53,811,313,185,113,1,-1,-1
809,53,811,314,185,113,1,-1,-1
810,53,812,315,185,112,1,-1,-1
811,53,812,315,185,113,1,-1,-1
812,53,813,316,184,113,1,-1,-1
813,53,813,317,184,113,1,-1,-1
814,53,813,318,184,113,1,-1,-1
815,53,814,319,183,113,1,-1,-1
816,53,814,320,183,113,1,-1,-1
817,53,815,320,183,114,1,-1,-1
818,53,815,321,183,114,1,-1,-1
819,53,815,322,183,114,1,-1,-1
820,53,816,323,182,114,1,-1,-1
821,53,816,324,182,114,1,-1,-1
822,53,817,324,181,115,1,-1,-1
823,53,817,325,182,115,1,-1,-1
824,53,817,326,182,115,1,-1,-1
825,53,818,327,181,115,1,-1,-1
826,53,818,328,181,115,1,-1,-1
827,53,819,328,180,116,1,-1,-1
828,53,819,329,180,116,1,-1,-1
829,53,819,330,180,116,1,-1,-1
830,53,820,331,180,116,1,-1,-1
831,53,820,332,180,116,1,-1,-1
832,53,821,332,179,117,1,-1,-1
833,53,821,333,179,117,1,-1,-1
834,53,821,334,179,117,1,-1,-1
835,53,822,335,178,117,1,-1,-1
836,53,822,336,179,117,1,-1,-1
837,53,823,336,178,118,1,-1,-1
838,53,823,337,178,118,1,-1,-1
839,53,823,338,178,118,1,-1,-1
840,53,824,339,177,118,1,-1,-1
841,53,824,340,177,118,1,-1,-1
842,53,825,341,177,118,1,-1,-1
843,53,824,340,177,120,1,-1,-1
844,53,824,340,177,122,1,-1,-1
845,53,824,340,177,123,1,-1,-1
846,53,824,340,177,125,1,-1,-1
847,53,824,340,177,126,1,-1,-1
848,53,824,340,177,128,1,-1,-1
849,53,824,340,177,129,1,-1,-1
850,53,824,340,177,131,1,-1,-1
851,53,824,340,177,132,1,-1,-1
852,53,824,340,177,134,1,-1,-1
853,53,824,340,177,137,1,-1,-1
854,53,824,340,177,140,1,-1,-1
855,53,824,340,177,143,1,-1,-1
856,53,824,340,177,146,1,-1,-1
857,53,824,340,177,149,1,-1,-1
858,53,824,340,177,152,1,-1,-1
859,53,824,340,177,155,1,-1,-1
860,53,824,340,177,158,1,-1,-1
861,53,824,340,177,161,1,-1,-1
862,53,824,340,177,165,1,-1,-1
863,53,824,340,177,164,1,-1,-1
864,53,824,340,177,164,1,-1,-1
865,53,824,340,177,164,1,-1,-1
866,53,824,340,177,164,1,-1,-1
867,53,824,340,177,164,1,-1,-1
868,53,824,340,177,163,1,-1,-1
869,53,824,340,177,163,1,-1,-1
870,53,824,340,177,163,1,-1,-1
871,53,824,340,177,163,1,-1,-1
872,53,824,340,177,163,1,-1,-1
873,53,824,340,177,162,1,-1,-1
874,53,824,340,177,162,1,-1,-1
875,53,824,340,177,162,1,-1,-1
876,53,824,340,177,162,1,-1,-1
877,53,824,340,177,162,1,-1,-1
878,53,824,340,177,161,1,-1,-1
879,53,824,340,177,161,1,-1,-1
880,53,824,340,177,161,1,-1,-1
881,53,824,340,177,161,1,-1,-1
882,53,824,340,177,161,1,-1,-1
883,53,824,340,177,162,1,-1,-1
884,53,824,340,177,164,1,-1,-1
885,53,824,340,177,165,1,-1,-1
886,53,824,340,177,167,1,-1,-1
887,53,824,340,177,169,1,-1,-1
888,53,824,340,177,170,1,-1,-1
889,53,824,340,177,172,1,-1,-1
890,53,824,340,177,173,1,-1,-1
891,53,824,340,177,175,1,-1,-1
892,53,824,340,177,177,1,-1,-1
893,53,824,340,177,177,1,-1,-1
894,53,824,340,177,178,1,-1,-1
895,53,824,340,177,179,1,-1,-1
896,53,824,340,177,180,1,-1,-1
897,53,824,340,177,180,1,-1,-1
898,53,824,340,177,181,1,-1,-1
899,53,824,340,177,182,1,-1,-1
900,53,824,340,177,183,1,-1,-1
901,53,824,340,177,184,1,-1,-1
902,53,824,342,176,182,1,-1,-1
903,53,824,344,175,181,1,-1,-1
904,53,825,346,174,179,1,-1,-1
905,53,825,349,173,177,1,-1,-1
906,53,825,351,172,175,1,-1,-1
907,53,826,353,171,174,1,-1,-1
908,53,826,355,170,172,1,-1,-1
909,53,826,358,169,170,1,-1,-1
910,53,827,360,168,168,1,-1,-1
911,53,827,362,167,167,1,-1,-1
912,53,828,364,166,165,1,-1,-1
913,53,828,367,165,163,1,-1,-1
914,53,828,369,164,161,1,-1,-1
915,53,829,371,163,160,1,-1,-1
916,53,829,374,162,157,1,-1,-1
917,53,829,376,161,156,1,-1,-1
918,53,830,378,160,154,1,-1,-1
919,53,830,380,159,153,1,-1,-1
920,53,830,383,158,150,1,-1,-1
921,53,831,385,157,149,1,-1,-1
922,53,831,387,156,147,1,-1,-1
923,53,832,389,155,146,1,-1,-1
924,53,832,392,154,143,1,-1,-1
925,53,832,394,153,142,1,-1,-1
926,53,833,396,152,140,1,-1,-1
927,53,833,398,151,139,1,-1,-1
928,53,833,401,150,136,1,-1,-1
929,53,834,403,149,135,1,-1,-1
930,53,834,405,148,133,1,-1,-1
931,53,835,408,147,131,1,-1,-1
932,53,835,409,146,130,1,-1,-1
933,53,835,410,146,129,1,-1,-1
934,53,835,412,146,127,1,-1,-1
935,53,835,413,146,126,1,-1,-1
936,53,835,414,146,125,1,-1,-1
937,53,835,416,146,123,1,-1,-1
938,53,835,417,146,122,1,-1,-1
939,53,835,418,146,121,1,-1,-1
940,53,835,420,146,119,1,-1,-1
941,53,835,421,146,118,1,-1,-1
942,53,835,422,145,117,1,-1,-1
943,53,835,424,145,115,1,-1,-1
944,53,835,425,145,114,1,-1,-1
945,53,835,426,145,113,1,-1,-1
946,53,835,428,145,111,1,-1,-1
947,53,835,429,145,110,1,-1,-1
948,53,835,430,145,109,1,-1,-1
949,53,835,432,145,107,1,-1,-1
950,53,835,433,145,106,1,-1,-1
951,53,835,435,145,104,1,-1,-1
952,53,834,435,145,104,1,-1,-1
953,53,834,436,145,103,1,-1,-1
954,53,834,436,145,103,1,-1,-1
955,53,833,437,145,102,1,-1,-1
956,53,833,437,145,102,1,-1,-1
957,53,833,438,145,101,1,-1,-1
958,53,832,438,145,101,1,-1,-1
959,53,832,439,145,100,1,-1,-1
960,53,832,439,145,100,1,-1,-1
961,53,831,440,145,99,1,-1,-1
962,53,831,440,145,99,1,-1,-1
963,53,831,441,145,98,1,-1,-1
964,53,830,441,145,98,1,-1,-1
965,53,830,442,145,97,1,-1,-1
966,53,830,443,145,96,1,-1,-1
967,53,829,443,145,96,1,-1,-1
968,53,829,444,145,95,1,-1,-1
969,53,829,444,145,95,1,-1,-1
970,53,828,445,145,94,1,-1,-1
971,53,828,445,145,94,1,-1,-1
972,53,828,446,145,93,1,-1,-1
973,53,827,446,145,93,1,-1,-1
974,53,827,447,145,92,1,-1,-1
975,53,827,447,145,92,1,-1,-1
976,53,826,448,145,91,1,-1,-1
977,53,826,448,145,91,1,-1,-1
978,53,826,449,145,90,1,-1,-1
979,53,825,449,145,90,1,-1,-1
980,53,825,450,145,89,1,-1,-1
981,53,825,451,145,88,1,-1,-1
982,53,823,451,145,88,1,-1,-1
983,53,821,452,145,87,1,-1,-1
984,53,819,453,145,86,1,-1,-1
985,53,817,454,145,85,1,-1,-1
986,53,815,455,145,84,1,-1,-1
987,53,813,455,145,84,1,-1,-1
988,53,812,456,145,83,1,-1,-1
989,53,810,457,145,82,1,-1,-1
990,53,808,458,145,81,1,-1,-1
991,53,806,459,145,80,1,-1,-1
992,53,804,459,145,80,1,-1,-1
993,53,802,460,145,79,1,-1,-1
994,53,800,461,145,78,1,-1,-1
995,53,799,462,145,77,1,-1,-1
996,53,797,463,145,76,1,-1,-1
997,53,795,463,145,76,1,-1,-1
998,53,793,464,145,75,1,-1,-1
999,53,791,465,145,74,1,-1,-1
1000,53,789,466,145,73,1,-1,-1
1001,53,788,467,145,72,1,-1,-1
1002,53,787,467,145,71,1,-1,-1
1003,53,787,467,145,71,1,-1,-1
1004,53,787,468,145,70,1,-1,-1
1005,53,786,468,145,70,1,-1,-1
1006,53,786,469,145,69,1,-1,-1
1007,53,786,469,145,69,1,-1,-1
1008,53,785,469,145,69,1,-1,-1
1009,53,785,470,145,68,1,-1,-1
1010,53,785,470,145,68,1,-1,-1
1011,53,784,471,145,67,1,-1,-1
1012,53,784,471,145,67,1,-1,-1
1013,53,784,471,145,67,1,-1,-1
1014,53,783,472,145,66,1,-1,-1
1015,53,783,472,145,66,1,-1,-1
1016,53,783,473,145,65,1,-1,-1
1017,53,782,473,145,65,1,-1,-1
1018,53,782,473,145,65,1,-1,-1
1019,53,782,474,145,64,1,-1,-1
1020,53,781,474,145,64,1,-1,-1
1021,53,781,475,145,63,1,-1,-1
1022,53,781,475,145,63,1,-1,-1
1023,53,780,475,145,63,1,-1,-1
1024,53,780,476,145,62,1,-1,-1
1025,53,780,476,145,62,1,-1,-1
1026,53,779,477,145,61,1,-1,-1
1027,53,779,477,145,61,1,-1,-1
1028,53,779,477,145,61,1,-1,-1
1029,53,778,478,145,60,1,-1,-1
1030,53,778,478,145,60,1,-1,-1
1031,53,778,479,145,59,1,-1,-1
1032,53,777,480,145,58,1,-1,-1
1033,53,776,481,145,57,1,-1,-1
1034,53,776,482,145,56,1,-1,-1
1035,53,775,483,145,55,1,-1,-1
1036,53,774,484,145,54,1,-1,-1
1037,53,774,485,145,53,1,-1,-1
1038,53,773,486,145,52,1,-1,-1
1039,53,772,487,145,51,1,-1,-1
1040,53,772,488,145,50,1,-1,-1
1041,53,771,490,145,48,1,-1,-1
1042,53,770,491,145,47,1,-1,-1
1043,53,770,492,145,46,1,-1,-1
1044,53,769,493,145,45,1,-1,-1
1045,53,768,494,145,44,1,-1,-1
1046,53,768,495,145,43,1,-1,-1
1047,53,767,496,145,42,1,-1,-1
1048,53,766,497,145,41,1,-1,-1
1049,53,766,498,145,40,1,-1,-1
1050,53,765,499,145,39,1,-1,-1
1051,53,765,501,145,37,1,-1,-1
1052,53,764,502,145,36,1,-1,-1
1053,53,764,503,145,35,1,-1,-1
1054,53,764,505,145,33,1,-1,-1
1055,53,764,506,145,32,1,-1,-1
1056,53,764,508,145,30,1,-1,-1
1057,53,763,509,145,29,1,-1,-1
1058,53,763,510,145,28,1,-1,-1
1059,53,763,512,145,26,1,-1,-1
1060,53,763,513,145,25,1,-1,-1
1061,53,763,515,145,24,1,-1,-1
1062,53,763,515,145,24,1,-1,-1
1063,53,763,515,145,24,1,-1,-1
1064,53,763,515,145,24,1,-1,-1
1065,53,763,515,145,24,1,-1,-1
1066,53,763,515,145,24,1,-1,-1
901,54,418,26,93,114,1,-1,-1
902,54,415,24,95,114,1,-1,-1
903,54,413,23,97,114,1,-1,-1
904,54,411,22,99,114,1,-1,-1
905,54,409,21,101,114,1,-1,-1
906,54,407,20,103,114,1,-1,-1
907,54,405,18,105,114,1,-1,-1
908,54,403,17,107,114,1,-1,-1
909,54,401,16,109,114,1,-1,-1
910,54,399,15,111,114,1,-1,-1
911,54,397,14,113,114,1,-1,-1
912,54,399,13,111,114,1,-1,-1
913,54,401,12,109,114,1,-1,-1
914,54,403,12,107,114,1,-1,-1
915,54,405,11,105,114,1,-1,-1
916,54,407,11,103,114,1,-1,-1
917,54,409,10,101,114,1,-1,-1
918,54,411,9,99,114,1,-1,-1
919,54,413,9,97,114,1,-1,-1
920,54,415,8,95,114,1,-1,-1
921,54,417,8,93,114,1,-1,-1
922,54,419,7,91,114,1,-1,-1
923,54,422,6,88,114,1,-1,-1
924,54,424,6,87,114,1,-1,-1
925,54,427,5,84,114,1,-1,-1
926,54,430,5,82,114,1,-1,-1
927,54,432,4,80,114,1,-1,-1
928,54,435,3,77,114,1,-1,-1
929,54,437,3,76,114,1,-1,-1
930,54,440,2,73,114,1,-1,-1
931,54,443,2,71,114,1,-1,-1
932,54,443,1,72,114,1,-1,-1
933,54,444,1,72,114,1,-1,-1
934,54,444,1,73,114,1,-1,-1
935,54,445,1,74,113,1,-1,-1
936,54,445,1,75,113,1,-1,-1
937,54,446,0,75,114,1,-1,-1
938,54,446,0,77,113,1,-1,-1
939,54,447,0,77,113,1,-1,-1
940,54,447,0,78,113,1,-1,-1
941,54,448,0,79,113,1,-1,-1
942,54,448,0,79,112,1,-1,-1
943,54,449,0,78,112,1,-1,-1
944,54,450,0,77,112,1,-1,-1
945,54,451,0,77,112,1,-1,-1
946,54,452,0,76,112,1,-1,-1
947,54,452,0,76,111,1,-1,-1
948,54,453,0,76,111,1,-1,-1
949,54,454,0,75,111,1,-1,-1
950,54,455,0,74,111,1,-1,-1
951,54,456,0,74,111,1,-1,-1
952,54,457,0,73,110,1,-1,-1
953,54,458,0,73,110,1,-1,-1
954,54,459,0,73,109,1,-1,-1
955,54,460,0,73,109,1,-1,-1
956,54,462,0,72,109,1,-1,-1
957,54,463,0,72,108,1,-1,-1
958,54,464,0,72,108,1,-1,-1
959,54,465,0,72,107,1,-1,-1
960,54,466,0,72,107,1,-1,-1
961,54,468,0,71,107,1,-1,-1
962,54,469,0,71,106,1,-1,-1
963,54,470,0,72,106,1,-1,-1
964,54,471,0,72,105,1,-1,-1
965,54,472,0,73,105,1,-1,-1
966,54,473,0,74,104,1,-1,-1
967,54,474,0,74,104,1,-1,-1
968,54,475,0,75,103,1,-1,-1
969,54,476,0,75,103,1,-1,-1
970,54,477,0,76,102,1,-1,-1
971,54,479,0,76,102,1,-1,-1
972,54,479,0,76,101,1,-1,-1
973,54,479,0,76,101,1,-1,-1
974,54,480,0,76,101,1,-1,-1
975,54,480,0,76,101,1,-1,-1
976,54,481,0,76,101,1,-1,-1
977,54,481,0,76,101,1,-1,-1
978,54,481,0,76,101,1,-1,-1
979,54,482,0,76,101,1,-1,-1
980,54,482,0,76,101,1,-1,-1
981,54,483,0,76,101,1,-1,-1
982,54,483,0,75,101,1,-1,-1
983,54,483,0,74,101,1,-1,-1
984,54,484,0,72,101,1,-1,-1
985,54,484,0,72,101,1,-1,-1
986,54,485,0,70,101,1,-1,-1
987,54,485,0,69,101,1,-1,-1
988,54,485,0,69,101,1,-1,-1
989,54,486,0,67,101,1,-1,-1
990,54,486,0,66,101,1,-1,-1
991,54,487,0,65,101,1,-1,-1
992,54,487,0,65,101,1,-1,-1
993,54,487,0,66,101,1,-1,-1
994,54,488,0,66,101,1,-1,-1
995,54,488,0,66,101,1,-1,-1
996,54,489,0,66,101,1,-1,-1
997,54,489,0,67,101,1,-1,-1
998,54,489,0,67,101,1,-1,-1
999,54,490,0,67,101,1,-1,-1
1000,54,490,0,68,101,1,-1,-1
1001,54,491,0,68,101,1,-1,-1
1002,54,491,0,68,101,1,-1,-1
1003,54,491,0,69,101,1,-1,-1
1004,54,492,0,69,101,1,-1,-1
1005,54,492,0,70,101,1,-1,-1
1006,54,493,0,70,101,1,-1,-1
1007,54,493,0,71,101,1,-1,-1
1008,54,493,0,72,101,1,-1,-1
1009,54,494,0,72,101,1,-1,-1
1010,54,494,0,73,101,1,-1,-1
1011,54,495,0,73,102,1,-1,-1
1012,54,495,0,73,101,1,-1,-1
1013,54,495,0,73,101,1,-1,-1
1014,54,495,0,73,101,1,-1,-1
1015,54,496,0,72,100,1,-1,-1
1016,54,496,0,72,100,1,-1,-1
1017,54,496,0,72,100,1,-1,-1
1018,54,497,0,71,99,1,-1,-1
1019,54,497,0,71,99,1,-1,-1
1020,54,497,0,71,99,1,-1,-1
1021,54,498,0,71,99,1,-1,-1
1022,54,498,0,71,98,1,-1,-1
1023,54,498,0,72,98,1,-1,-1
1024,54,498,0,72,98,1,-1,-1
1025,54,499,0,72,98,1,-1,-1
1026,54,499,0,73,98,1,-1,-1
1027,54,499,0,73,98,1,-1,-1
1028,54,500,0,73,98,1,-1,-1
1029,54,500,0,73,98,1,-1,-1
1030,54,500,0,74,98,1,-1,-1
1031,54,501,0,74,98,1,-1,-1
1032,54,501,0,76,97,1,-1,-1
1033,54,502,0,77,97,1,-1,-1
1034,54,502,0,79,97,1,-1,-1
1035,54,503,0,81,97,1,-1,-1
1036,54,503,0,83,97,1,-1,-1
1037,54,504,0,84,96,1,-1,-1
1038,54,504,0,87,96,1,-1,-1
1039,54,505,0,88,96,1,-1,-1
1040,54,505,0,90,96,1,-1,-1
1041,54,506,0,92,96,1,-1,-1
1042,54,506,0,92,95,1,-1,-1
1043,54,507,0,91,95,1,-1,-1
1044,54,507,0,91,95,1,-1,-1
1045,54,508,0,90,95,1,-1,-1
1046,54,509,0,90,95,1,-1,-1
1047,54,509,0,90,95,1,-1,-1
1048,54,510,0,89,95,1,-1,-1
1049,54,510,0,89,95,1,-1,-1
1050,54,511,0,88,95,1,-1,-1
1051,54,512,0,88,95,1,-1,-1
1052,54,510,0,90,95,1,-1,-1
1053,54,508,0,93,95,1,-1,-1
1054,54,506,0,95,95,1,-1,-1
1055,54,505,0,97,95,1,-1,-1
1056,54,503,0,99,95,1,-1,-1
1057,54,501,0,102,95,1,-1,-1
1058,54,500,0,103,95,1,-1,-1
1059,54,498,0,106,95,1,-1,-1
1060,54,496,0,108,95,1,-1,-1
1061,54,495,0,110,95,1,-1,-1
1062,54,495,0,110,95,1,-1,-1
1063,54,496,0,110,95,1,-1,-1
1064,54,497,0,109,95,1,-1,-1
1065,54,498,0,109,95,1,-1,-1
1066,54,499,0,109,95,1,-1,-1
1067,54,499,0,109,95,1,-1,-1
1068,54,500,0,109,95,1,-1,-1
1069,54,501,0,108,95,1,-1,-1
1070,54,502,0,108,95,1,-1,-1
1071,54,503,0,108,95,1,-1,-1
1072,54,503,0,107,95,1,-1,-1
1073,54,504,0,106,95,1,-1,-1
1074,54,505,0,105,95,1,-1,-1
1075,54,506,0,103,95,1,-1,-1
1076,54,507,0,102,95,1,-1,-1
1077,54,508,0,101,95,1,-1,-1
1078,54,509,0,99,95,1,-1,-1
1079,54,510,0,98,95,1,-1,-1
1080,54,511,0,97,95,1,-1,-1
1081,54,512,0,96,95,1,-1,-1
1082,54,515,0,93,94,1,-1,-1
1083,54,519,0,89,94,1,-1,-1
1084,54,522,0,86,93,1,-1,-1
1085,54,526,0,82,93,1,-1,-1
1086,54,530,0,79,93,1,-1,-1
1087,54,533,0,76,92,1,-1,-1
1088,54,537,0,72,92,1,-1,-1
1089,54,540,0,69,91,1,-1,-1
1090,54,544,0,65,91,1,-1,-1
1091,54,548,0,62,91,1,-1,-1
1092,54,549,0,61,90,1,-1,-1
1093,54,550,0,61,90,1,-1,-1
1094,54,551,0,60,90,1,-1,-1
1095,54,552,1,60,89,1,-1,-1
1096,54,553,1,59,89,1,-1,-1
1097,54,554,1,59,88,1,-1,-1
1098,54,555,2,58,87,1,-1,-1
1099,54,556,2,58,87,1,-1,-1
1100,54,557,2,57,87,1,-1,-1
1101,54,558,3,57,86,1,-1,-1
1102,54,555,2,60,86,1,-1,-1
1103,54,552,2,64,86,1,-1,-1
1104,54,550,2,66,86,1,-1,-1
1105,54,547,2,70,86,1,-1,-1
1106,54,545,2,73,86,1,-1,-1
1107,54,542,1,76,86,1,-1,-1
1108,54,539,1,80,86,1,-1,-1
1109,54,537,1,82,86,1,-1,-1
1110,54,534,1,86,86,1,-1,-1
1111,54,532,1,89,86,1,-1,-1
1112,54,530,1,93,86,1,-1,-1
1113,54,529,1,96,86,1,-1,-1
1114,54,528,1,99,86,1,-1,-1
1115,54,526,1,103,86,1,-1,-1
1116,54,525,1,106,86,1,-1,-1
1117,54,524,1,109,86,1,-1,-1
1118,54,522,1,113,86,1,-1,-1
1119,54,521,1,116,86,1,-1,-1
1120,54,520,1,119,86,1,-1,-1
1121,54,519,1,122,86,1,-1,-1
1122,54,523,1,117,85,1,-1,-1
1123,54,528,1,111,85,1,-1,-1
1124,54,532,1,107,85,1,-1,-1
1125,54,537,1,101,85,1,-1,-1
1126,54,542,1,96,85,1,-1,-1
1127,54,546,1,91,85,1,-1,-1
1128,54,551,1,85,85,1,-1,-1
1129,54,555,1,81,85,1,-1,-1
1130,54,560,1,75,85,1,-1,-1
1131,54,565,1,70,85,1,-1,-1
1132,54,565,1,71,85,1,-1,-1
1133,54,566,1,72,85,1,-1,-1
1134,54,567,1,72,85,1,-1,-1
1135,54,568,1,73,85,1,-1,-1
1136,54,569,1,73,85,1,-1,-1
1137,54,570,1,74,85,1,-1,-1
1138,54,571,2,74,85,1,-1,-1
1139,54,572,2,75,85,1,-1,-1
1140,54,573,2,75,85,1,-1,-1
1141,54,574,2,76,85,1,-1,-1
1142,54,574,2,77,85,1,-1,-1
1143,54,575,2,78,85,1,-1,-1
1144,54,576,2,78,85,1,-1,-1
1145,54,577,3,79,85,1,-1,-1
1146,54,578,3,79,85,1,-1,-1
1147,54,579,3,80,85,1,-1,-1
1148,54,580,3,80,85,1,-1,-1
1149,54,581,3,81,85,1,-1,-1
1150,54,582,3,81,85,1,-1,-1
1151,54,583,4,82,85,1,-1,-1
1152,54,583,4,82,85,1,-1,-1
1153,54,584,4,81,85,1,-1,-1
1154,54,585,4,80,85,1,-1,-1
1155,54,586,4,80,85,1,-1,-1
1156,54,587,5,79,85,1,-1,-1
1157,54,588,5,78,85,1,-1,-1
1158,54,589,5,78,85,1,-1,-1
1159,54,590,5,77,85,1,-1,-1
1160,54,591,5,76,85,1,-1,-1
1161,54,592,6,76,85,1,-1,-1
1162,54,592,6,76,85,1,-1,-1
1163,54,593,6,76,85,1,-1,-1
1164,54,594,7,75,85,1,-1,-1
1165,54,595,7,75,85,1,-1,-1
1166,54,596,8,74,85,1,-1,-1
1167,54,596,8,75,85,1,-1,-1
1168,54,597,8,74,85,1,-1,-1
1169,54,598,9,74,85,1,-1,-1
1170,54,599,9,73,85,1,-1,-1
1171,54,600,10,73,85,1,-1,-1
1172,54,600,10,74,85,1,-1,-1
1173,54,601,10,75,85,1,-1,-1
1174,54,602,11,76,85,1,-1,-1
1175,54,603,11,77,85,1,-1,-1
1176,54,604,12,78,85,1,-1,-1
1177,54,604,12,80,85,1,-1,-1
1178,54,605,12,81,85,1,-1,-1
1179,54,606,13,82,85,1,-1,-1
1180,54,607,13,83,85,1,-1,-1
1181,54,608,14,84,85,1,-1,-1
1182,54,608,14,84,85,1,-1,-1
1183,54,609,14,83,85,1,-1,-1
1184,54,610,14,83,85,1,-1,-1
1185,54,611,15,82,84,1,-1,-1
1186,54,612,15,82,85,1,-1,-1
1187,54,613,15,81,85,1,-1,-1
1188,54,614,16,80,84,1,-1,-1
1189,54,615,16,80,84,1,-1,-1
1190,54,616,16,79,84,1,-1,-1
1191,54,617,17,79,84,1,-1,-1
1192,54,618,17,79,84,1,-1,-1
1193,54,619,18,79,84,1,-1,-1
1194,54,620,18,80,85,1,-1,-1
1195,54,621,19,80,84,1,-1,-1
1196,54,622,19,80,85,1,-1,-1
1197,54,623,20,81,85,1,-1,-1
1121,61,1,32,49,34,1,-1,-1
1122,61,2,32,47,32,1,-1,-1
1123,61,3,33,46,30,1,-1,-1
1124,61,5,34,43,27,1,-1,-1
1125,61,6,35,42,25,1,-1,-1
1126,61,7,36,40,22,1,-1,-1
