1,11,130,338,63,38,1,-1,-1
2,11,127,340,64,38,1,-1,-1
3,11,124,343,66,37,1,-1,-1
4,11,121,345,67,37,1,-1,-1
5,11,118,348,69,37,1,-1,-1
6,11,114,350,70,38,1,-1,-1
7,11,111,353,70,38,1,-1,-1
8,11,108,355,70,39,1,-1,-1
9,11,105,358,70,39,1,-1,-1
10,11,102,360,70,40,1,-1,-1
11,11,98,363,71,40,1,-1,-1
12,11,95,365,71,41,1,-1,-1
13,11,92,368,72,41,1,-1,-1
14,11,89,370,72,42,1,-1,-1
15,11,86,373,72,42,1,-1,-1
16,11,82,375,73,43,1,-1,-1
17,11,79,378,73,43,1,-1,-1
18,11,76,380,73,44,1,-1,-1
19,11,73,383,73,44,1,-1,-1
20,11,70,386,74,44,1,-1,-1
21,11,65,389,75,45,1,-1,-1
22,11,61,392,76,46,1,-1,-1
23,11,57,396,77,46,1,-1,-1
24,11,53,399,78,47,1,-1,-1
25,11,49,403,79,47,1,-1,-1
26,11,45,406,80,48,1,-1,-1
27,11,41,409,81,49,1,-1,-1
28,11,37,413,82,49,1,-1,-1
29,11,33,416,83,50,1,-1,-1
30,11,29,420,84,50,1,-1,-1
31,11,25,423,85,51,1,-1,-1
32,11,21,426,86,52,1,-1,-1
33,11,17,430,87,52,1,-1,-1
34,11,13,433,88,53,1,-1,-1
35,11,9,437,89,54,1,-1,-1
36,11,7,441,87,54,1,-1,-1
37,11,5,445,85,54,1,-1,-1
38,11,3,449,84,54,1,-1,-1
39,11,1,453,82,54,1,-1,-1
40,11,0,457,80,54,1,-1,-1
41,11,0,461,76,54,1,-1,-1
42,11,0,465,72,54,1,-1,-1
43,11,0,469,69,54,1,-1,-1
44,11,0,473,65,54,1,-1,-1
45,11,0,477,62,54,1,-1,-1
46,11,0,481,57,51,1,-1,-1
47,11,0,486,53,47,1,-1,-1
48,11,0,490,49,44,1,-1,-1
49,11,0,495,44,40,1,-1,-1
50,11,0,499,40,37,1,-1,-1
1,12,21,410,78,43,1,-1,-1
2,12,16,413,79,43,1,-1,-1
3,12,12,417,80,43,1,-1,-1
4,12,7,420,81,44,1,-1,-1
5,12,3,424,82,44,1,-1,-1
6,12,2,427,79,44,1,-1,-1
7,12,2,431,75,44,1,-1,-1
8,12,1,434,73,44,1,-1,-1
9,12,1,438,69,44,1,-1,-1
10,12,0,441,66,44,1,-1,-1
1,13,0,440,92,50,1,-1,-1
2,13,0,443,87,50,1,-1,-1
3,13,0,447,83,50,1,-1,-1
4,13,0,450,79,50,1,-1,-1
5,13,0,454,75,50,1,-1,-1
6,13,0,458,71,49,1,-1,-1
7,13,0,462,67,48,1,-1,-1
8,13,0,466,63,47,1,-1,-1
9,13,0,470,59,46,1,-1,-1
10,13,0,474,55,45,1,-1,-1
1,45,457,0,241,36,1,-1,-1
2,45,457,0,241,36,1,-1,-1
3,45,457,0,241,36,1,-1,-1
4,45,457,0,240,37,1,-1,-1
5,45,457,0,240,38,1,-1,-1
6,45,457,0,240,40,1,-1,-1
7,45,457,0,239,39,1,-1,-1
8,45,457,0,239,39,1,-1,-1
9,45,457,0,239,39,1,-1,-1
10,45,457,0,239,39,1,-1,-1
11,45,457,0,239,39,1,-1,-1
12,45,457,0,239,38,1,-1,-1
13,45,457,0,239,38,1,-1,-1
14,45,457,0,239,38,1,-1,-1
15,45,457,0,239,38,1,-1,-1
16,45,457,0,239,38,1,-1,-1
17,45,457,0,238,38,1,-1,-1
18,45,457,0,238,39,1,-1,-1
19,45,457,0,238,40,1,-1,-1
20,45,457,0,238,41,1,-1,-1
21,45,457,0,238,42,1,-1,-1
22,45,457,0,238,42,1,-1,-1
23,45,457,0,238,43,1,-1,-1
24,45,457,0,238,44,1,-1,-1
25,45,457,0,238,45,1,-1,-1
26,45,457,0,238,46,1,-1,-1
27,45,457,0,238,46,1,-1,-1
28,45,457,0,238,47,1,-1,-1
29,45,457,0,238,47,1,-1,-1
30,45,457,0,238,48,1,-1,-1
31,45,457,0,238,49,1,-1,-1
32,45,456,0,238,48,1,-1,-1
33,45,456,0,238,48,1,-1,-1
34,45,456,0,238,48,1,-1,-1
35,45,456,0,238,48,1,-1,-1
36,45,456,0,238,48,1,-1,-1
37,45,456,0,238,48,1,-1,-1
38,45,456,0,238,48,1,-1,-1
39,45,456,0,237,48,1,-1,-1
40,45,456,0,237,48,1,-1,-1
41,45,456,0,237,49,1,-1,-1
42,45,456,0,237,49,1,-1,-1
43,45,456,0,237,50,1,-1,-1
44,45,456,0,237,50,1,-1,-1
45,45,456,0,237,51,1,-1,-1
46,45,456,0,237,51,1,-1,-1
47,45,456,0,237,52,1,-1,-1
48,45,456,0,237,52,1,-1,-1
49,45,456,0,237,53,1,-1,-1
50,45,456,0,237,53,1,-1,-1
51,45,456,0,237,54,1,-1,-1
52,45,456,0,237,54,1,-1,-1
53,45,456,0,237,55,1,-1,-1
54,45,456,0,236,54,1,-1,-1
55,45,456,0,236,54,1,-1,-1
56,45,456,0,236,54,1,-1,-1
57,45,456,0,236,53,1,-1,-1
58,45,456,0,236,53,1,-1,-1
59,45,456,0,236,53,1,-1,-1
60,45,456,0,236,52,1,-1,-1
61,45,456,0,236,52,1,-1,-1
62,45,456,0,236,52,1,-1,-1
63,45,456,0,236,51,1,-1,-1
64,45,456,0,236,51,1,-1,-1
65,45,456,0,236,51,1,-1,-1
66,45,456,0,236,51,1,-1,-1
67,45,456,0,236,51,1,-1,-1
68,45,456,0,236,51,1,-1,-1
69,45,456,0,236,51,1,-1,-1
70,45,456,0,236,51,1,-1,-1
71,45,456,0,236,51,1,-1,-1
72,45,456,0,236,53,1,-1,-1
73,45,456,0,236,55,1,-1,-1
74,45,456,0,236,57,1,-1,-1
75,45,456,0,236,60,1,-1,-1
76,45,456,0,235,59,1,-1,-1
77,45,456,0,235,58,1,-1,-1
78,45,456,0,235,58,1,-1,-1
79,45,456,0,235,57,1,-1,-1
80,45,456,0,235,56,1,-1,-1
81,45,456,0,235,56,1,-1,-1
82,45,456,0,234,57,1,-1,-1
83,45,456,0,234,58,1,-1,-1
84,45,456,0,234,59,1,-1,-1
85,45,456,0,234,60,1,-1,-1
86,45,456,0,234,62,1,-1,-1
87,45,456,0,233,63,1,-1,-1
88,45,456,0,233,64,1,-1,-1
89,45,456,0,233,66,1,-1,-1
90,45,456,0,233,67,1,-1,-1
91,45,456,0,233,69,1,-1,-1
92,45,456,0,232,70,1,-1,-1
93,45,456,0,232,71,1,-1,-1
94,45,456,0,232,73,1,-1,-1
95,45,456,0,232,74,1,-1,-1
96,45,456,0,232,76,1,-1,-1
97,45,456,0,232,76,1,-1,-1
98,45,456,0,232,76,1,-1,-1
99,45,456,0,232,76,1,-1,-1
100,45,456,0,232,77,1,-1,-1
101,45,456,0,232,77,1,-1,-1
102,45,456,0,232,77,1,-1,-1
103,45,456,0,232,78,1,-1,-1
104,45,456,0,232,78,1,-1,-1
105,45,456,0,232,78,1,-1,-1
106,45,456,0,232,78,1,-1,-1
107,45,456,0,232,78,1,-1,-1
108,45,456,0,231,78,1,-1,-1
109,45,456,0,231,79,1,-1,-1
110,45,456,0,231,80,1,-1,-1
111,45,456,0,231,81,1,-1,-1
112,45,456,0,230,78,1,-1,-1
113,45,456,0,230,75,1,-1,-1
114,45,456,0,230,72,1,-1,-1
115,45,456,0,230,69,1,-1,-1
116,45,456,0,230,66,1,-1,-1
117,45,456,0,230,65,1,-1,-1
118,45,456,0,230,65,1,-1,-1
119,45,456,0,231,64,1,-1,-1
120,45,456,0,231,64,1,-1,-1
121,45,456,0,232,64,1,-1,-1
122,45,456,0,232,64,1,-1,-1
123,45,456,0,232,64,1,-1,-1
124,45,456,0,232,64,1,-1,-1
125,45,456,0,232,64,1,-1,-1
126,45,456,0,232,64,1,-1,-1
127,45,456,0,233,65,1,-1,-1
128,45,456,0,232,65,1,-1,-1
129,45,456,0,232,65,1,-1,-1
130,45,456,0,232,65,1,-1,-1
131,45,456,0,232,66,1,-1,-1
132,45,456,0,232,66,1,-1,-1
133,45,456,0,232,66,1,-1,-1
134,45,456,0,232,66,1,-1,-1
135,45,456,0,232,67,1,-1,-1
136,45,456,0,232,67,1,-1,-1
137,45,456,0,232,67,1,-1,-1
138,45,456,0,232,67,1,-1,-1
139,45,456,0,232,68,1,-1,-1
140,45,456,0,232,68,1,-1,-1
141,45,456,0,232,68,1,-1,-1
142,45,456,0,232,68,1,-1,-1
143,45,456,0,232,69,1,-1,-1
144,45,456,0,232,69,1,-1,-1
145,45,456,0,232,69,1,-1,-1
146,45,456,0,232,69,1,-1,-1
147,45,456,0,231,69,1,-1,-1
148,45,456,0,231,70,1,-1,-1
149,45,456,0,231,71,1,-1,-1
150,45,456,0,231,71,1,-1,-1
151,45,456,0,231,72,1,-1,-1
152,45,456,0,231,73,1,-1,-1
153,45,456,0,231,73,1,-1,-1
154,45,456,0,231,74,1,-1,-1
155,45,456,0,231,75,1,-1,-1
156,45,456,0,231,76,1,-1,-1
157,45,456,0,231,76,1,-1,-1
158,45,456,0,231,77,1,-1,-1
159,45,456,0,231,78,1,-1,-1
160,45,456,0,231,78,1,-1,-1
161,45,456,0,231,79,1,-1,-1
162,45,456,0,231,80,1,-1,-1
163,45,456,0,231,81,1,-1,-1
164,45,456,0,231,81,1,-1,-1
165,45,456,0,231,81,1,-1,-1
166,45,456,0,231,81,1,-1,-1
167,45,456,0,231,82,1,-1,-1
168,45,456,0,231,82,1,-1,-1
169,45,456,0,231,82,1,-1,-1
170,45,456,0,231,83,1,-1,-1
171,45,456,0,231,83,1,-1,-1
172,45,456,0,231,83,1,-1,-1
173,45,456,0,231,84,1,-1,-1
174,45,456,0,231,84,1,-1,-1
175,45,456,0,231,84,1,-1,-1
176,45,456,0,231,84,1,-1,-1
177,45,456,0,231,85,1,-1,-1
178,45,456,0,231,85,1,-1,-1
179,45,456,0,231,85,1,-1,-1
180,45,456,0,231,86,1,-1,-1
181,45,456,0,231,86,1,-1,-1
182,45,456,0,231,86,1,-1,-1
183,45,456,0,231,87,1,-1,-1
184,45,456,0,231,87,1,-1,-1
185,45,456,0,231,87,1,-1,-1
186,45,456,0,231,88,1,-1,-1
187,45,456,0,231,88,1,-1,-1
188,45,456,0,231,89,1,-1,-1
189,45,456,0,231,89,1,-1,-1
190,45,456,0,231,90,1,-1,-1
191,45,456,0,231,90,1,-1,-1
192,45,456,0,231,91,1,-1,-1
193,45,456,0,231,91,1,-1,-1
194,45,456,0,231,92,1,-1,-1
195,45,456,0,231,92,1,-1,-1
196,45,456,0,231,93,1,-1,-1
197,45,456,0,231,93,1,-1,-1
198,45,456,0,231,94,1,-1,-1
199,45,456,0,231,94,1,-1,-1
200,45,456,0,231,95,1,-1,-1
201,45,456,0,231,95,1,-1,-1
202,45,456,0,231,96,1,-1,-1
203,45,456,0,231,96,1,-1,-1
204,45,456,0,231,97,1,-1,-1
205,45,456,0,231,97,1,-1,-1
206,45,456,0,231,98,1,-1,-1
207,45,456,0,231,98,1,-1,-1
208,45,456,0,231,99,1,-1,-1
209,45,456,0,231,99,1,-1,-1
210,45,456,0,231,100,1,-1,-1
211,45,456,0,231,100,1,-1,-1
212,45,456,0,231,101,1,-1,-1
213,45,456,0,231,101,1,-1,-1
214,45,456,0,231,102,1,-1,-1
215,45,456,0,231,102,1,-1,-1
216,45,456,0,231,103,1,-1,-1
217,45,456,0,231,103,1,-1,-1
218,45,456,0,231,104,1,-1,-1
219,45,456,0,231,104,1,-1,-1
220,45,456,0,231,105,1,-1,-1
221,45,456,0,231,105,1,-1,-1
222,45,456,0,231,106,1,-1,-1
223,45,456,0,231,106,1,-1,-1
224,45,456,0,231,107,1,-1,-1
225,45,456,0,231,106,1,-1,-1
226,45,456,0,231,106,1,-1,-1
227,45,456,0,231,106,1,-1,-1
228,45,456,0,231,106,1,-1,-1
229,45,456,0,231,106,1,-1,-1
230,45,456,0,231,106,1,-1,-1
231,45,456,0,231,106,1,-1,-1
232,45,456,0,231,106,1,-1,-1
233,45,456,0,231,106,1,-1,-1
234,45,456,0,231,106,1,-1,-1
235,45,456,0,231,106,1,-1,-1
236,45,456,0,231,105,1,-1,-1
237,45,456,0,231,105,1,-1,-1
238,45,456,0,231,105,1,-1,-1
239,45,456,0,231,105,1,-1,-1
240,45,456,0,231,105,1,-1,-1
241,45,456,0,231,105,1,-1,-1
242,45,456,0,231,105,1,-1,-1
243,45,456,0,231,105,1,-1,-1
244,45,456,0,231,105,1,-1,-1
245,45,456,0,231,105,1,-1,-1
246,45,456,0,231,105,1,-1,-1
247,45,456,0,231,104,1,-1,-1
248,45,456,0,231,104,1,-1,-1
249,45,456,0,231,104,1,-1,-1
250,45,456,0,231,104,1,-1,-1
251,45,456,0,231,104,1,-1,-1
252,45,456,0,231,104,1,-1,-1
253,45,456,0,231,104,1,-1,-1
254,45,456,0,231,104,1,-1,-1
255,45,456,0,231,104,1,-1,-1
256,45,456,0,231,104,1,-1,-1
257,45,456,0,231,104,1,-1,-1
258,45,456,0,231,103,1,-1,-1
259,45,456,0,231,103,1,-1,-1
260,45,456,0,231,103,1,-1,-1
261,45,456,0,231,102,1,-1,-1
262,45,456,0,231,102,1,-1,-1
263,45,456,0,231,102,1,-1,-1
264,45,456,0,231,102,1,-1,-1
265,45,456,0,231,101,1,-1,-1
266,45,456,0,231,101,1,-1,-1
267,45,456,0,231,101,1,-1,-1
268,45,456,0,231,101,1,-1,-1
269,45,456,0,231,100,1,-1,-1
270,45,456,0,231,100,1,-1,-1
271,45,456,0,231,100,1,-1,-1
272,45,456,0,231,100,1,-1,-1
273,45,456,0,231,100,1,-1,-1
274,45,456,0,231,100,1,-1,-1
275,45,456,0,231,101,1,-1,-1
276,45,456,0,231,101,1,-1,-1
277,45,456,0,231,101,1,-1,-1
278,45,456,0,231,102,1,-1,-1
279,45,456,0,231,102,1,-1,-1
280,45,456,0,231,102,1,-1,-1
281,45,456,0,231,103,1,-1,-1
282,45,456,0,231,103,1,-1,-1
283,45,456,0,231,103,1,-1,-1
284,45,456,0,231,104,1,-1,-1
285,45,456,0,231,104,1,-1,-1
286,45,456,0,231,104,1,-1,-1
287,45,456,0,231,105,1,-1,-1
288,45,456,0,231,105,1,-1,-1
289,45,456,0,231,106,1,-1,-1
290,45,456,0,231,105,1,-1,-1
291,45,456,0,231,104,1,-1,-1
292,45,456,0,231,104,1,-1,-1
293,45,456,0,231,103,1,-1,-1
294,45,456,0,231,102,1,-1,-1
295,45,456,0,231,102,1,-1,-1
296,45,456,0,231,101,1,-1,-1
297,45,456,0,231,100,1,-1,-1
298,45,456,0,231,100,1,-1,-1
299,45,456,0,231,100,1,-1,-1
300,45,456,0,231,100,1,-1,-1
301,45,456,0,231,100,1,-1,-1
302,45,442,0,241,101,1,-1,-1
303,45,428,0,252,102,1,-1,-1
304,45,414,0,263,103,1,-1,-1
305,45,400,0,274,104,1,-1,-1
306,45,386,0,285,106,1,-1,-1
307,45,372,0,296,107,1,-1,-1
308,45,358,0,307,108,1,-1,-1
309,45,344,0,318,109,1,-1,-1
310,45,330,0,329,111,1,-1,-1
311,45,330,0,328,110,1,-1,-1
312,45,330,0,328,109,1,-1,-1
313,45,330,0,328,109,1,-1,-1
314,45,330,0,328,108,1,-1,-1
315,45,330,0,328,107,1,-1,-1
316,45,330,0,328,107,1,-1,-1
317,45,330,0,328,106,1,-1,-1
318,45,330,0,328,105,1,-1,-1
319,45,330,0,328,105,1,-1,-1
320,45,330,0,328,104,1,-1,-1
321,45,330,0,328,104,1,-1,-1
322,45,330,0,327,103,1,-1,-1
323,45,330,0,327,103,1,-1,-1
324,45,330,0,327,103,1,-1,-1
325,45,330,0,327,103,1,-1,-1
326,45,330,0,327,102,1,-1,-1
327,45,330,0,327,102,1,-1,-1
328,45,330,0,327,102,1,-1,-1
329,45,330,0,327,102,1,-1,-1
330,45,330,0,327,101,1,-1,-1
331,45,330,0,327,101,1,-1,-1
332,45,330,0,327,101,1,-1,-1
333,45,330,0,327,101,1,-1,-1
334,45,330,0,327,101,1,-1,-1
335,45,330,0,326,101,1,-1,-1
336,45,330,0,326,101,1,-1,-1
337,45,330,0,326,102,1,-1,-1
338,45,330,0,326,102,1,-1,-1
339,45,330,0,326,102,1,-1,-1
340,45,330,0,326,103,1,-1,-1
341,45,330,0,326,103,1,-1,-1
342,45,330,0,326,104,1,-1,-1
343,45,330,0,326,104,1,-1,-1
344,45,330,0,326,104,1,-1,-1
345,45,330,0,326,105,1,-1,-1
346,45,330,0,326,105,1,-1,-1
347,45,330,0,326,105,1,-1,-1
348,45,330,0,326,106,1,-1,-1
349,45,330,0,326,106,1,-1,-1
350,45,330,0,326,107,1,-1,-1
351,45,330,0,325,106,1,-1,-1
352,45,330,0,325,105,1,-1,-1
353,45,330,0,325,105,1,-1,-1
354,45,330,0,325,104,1,-1,-1
355,45,330,0,325,104,1,-1,-1
356,45,330,0,325,103,1,-1,-1
357,45,330,0,325,102,1,-1,-1
358,45,330,0,325,102,1,-1,-1
359,45,330,0,325,101,1,-1,-1
360,45,330,0,325,101,1,-1,-1
361,45,330,0,324,101,1,-1,-1
362,45,330,0,324,102,1,-1,-1
363,45,330,0,324,102,1,-1,-1
364,45,330,0,324,103,1,-1,-1
365,45,330,0,324,104,1,-1,-1
366,45,330,0,324,104,1,-1,-1
367,45,330,0,324,105,1,-1,-1
368,45,330,0,324,106,1,-1,-1
369,45,330,0,323,106,1,-1,-1
370,45,330,0,323,107,1,-1,-1
371,45,330,0,323,107,1,-1,-1
372,45,330,0,323,108,1,-1,-1
373,45,330,0,323,109,1,-1,-1
374,45,330,0,323,109,1,-1,-1
375,45,330,0,323,110,1,-1,-1
376,45,330,0,323,111,1,-1,-1
377,45,330,0,322,111,1,-1,-1
378,45,330,0,322,111,1,-1,-1
379,45,330,0,322,111,1,-1,-1
380,45,330,0,322,112,1,-1,-1
381,45,330,0,322,112,1,-1,-1
382,45,330,0,322,112,1,-1,-1
383,45,330,0,322,113,1,-1,-1
384,45,330,0,321,112,1,-1,-1
385,45,330,0,321,111,1,-1,-1
386,45,330,0,321,111,1,-1,-1
387,45,330,0,321,110,1,-1,-1
388,45,330,0,321,109,1,-1,-1
389,45,330,0,321,109,1,-1,-1
390,45,330,0,320,108,1,-1,-1
391,45,330,0,320,108,1,-1,-1
392,45,330,0,320,108,1,-1,-1
393,45,330,0,320,108,1,-1,-1
394,45,330,0,320,108,1,-1,-1
395,45,330,0,320,108,1,-1,-1
396,45,330,0,319,107,1,-1,-1
397,45,330,0,319,107,1,-1,-1
398,45,330,0,319,107,1,-1,-1
399,45,330,0,319,107,1,-1,-1
400,45,330,0,319,107,1,-1,-1
401,45,330,0,319,107,1,-1,-1
402,45,330,0,319,107,1,-1,-1
403,45,330,0,318,102,1,-1,-1
404,45,330,0,318,97,1,-1,-1
405,45,330,0,318,93,1,-1,-1
406,45,351,0,296,93,1,-1,-1
407,45,373,0,274,94,1,-1,-1
408,45,394,0,253,94,1,-1,-1
409,45,416,0,231,95,1,-1,-1
410,45,438,0,209,96,1,-1,-1
411,45,438,0,208,96,1,-1,-1
412,45,438,0,208,96,1,-1,-1
413,45,438,0,208,97,1,-1,-1
414,45,438,0,208,97,1,-1,-1
415,45,438,0,208,98,1,-1,-1
416,45,438,0,208,98,1,-1,-1
417,45,438,0,208,99,1,-1,-1
418,45,438,0,207,99,1,-1,-1
419,45,438,0,207,99,1,-1,-1
420,45,438,0,207,99,1,-1,-1
421,45,438,0,207,99,1,-1,-1
422,45,438,0,207,99,1,-1,-1
423,45,438,0,207,99,1,-1,-1
424,45,438,0,207,99,1,-1,-1
425,45,438,0,207,99,1,-1,-1
426,45,438,0,207,99,1,-1,-1
427,45,438,0,207,99,1,-1,-1
428,45,438,0,207,99,1,-1,-1
429,45,438,0,207,99,1,-1,-1
430,45,438,0,207,99,1,-1,-1
431,45,438,0,207,99,1,-1,-1
432,45,438,0,207,99,1,-1,-1
433,45,438,0,207,99,1,-1,-1
434,45,438,0,207,99,1,-1,-1
435,45,438,0,207,99,1,-1,-1
436,45,438,0,207,100,1,-1,-1
437,45,438,0,207,100,1,-1,-1
438,45,438,0,207,100,1,-1,-1
439,45,438,0,207,100,1,-1,-1
440,45,438,0,207,100,1,-1,-1
441,45,438,0,207,100,1,-1,-1
442,45,438,0,207,100,1,-1,-1
443,45,438,0,207,100,1,-1,-1
444,45,438,0,207,100,1,-1,-1
445,45,438,0,207,100,1,-1,-1
446,45,438,0,207,100,1,-1,-1
447,45,438,0,207,100,1,-1,-1
448,45,438,0,207,100,1,-1,-1
449,45,438,0,207,100,1,-1,-1
450,45,438,0,207,100,1,-1,-1
451,45,438,0,207,100,1,-1,-1
452,45,438,0,207,100,1,-1,-1
453,45,438,0,207,100,1,-1,-1
454,45,438,0,207,101,1,-1,-1
455,45,438,0,207,101,1,-1,-1
456,45,438,0,207,101,1,-1,-1
457,45,438,0,207,101,1,-1,-1
458,45,438,0,207,101,1,-1,-1
459,45,438,0,207,101,1,-1,-1
460,45,438,0,207,101,1,-1,-1
461,45,438,0,207,101,1,-1,-1
462,45,438,0,207,101,1,-1,-1
463,45,438,0,207,101,1,-1,-1
464,45,438,0,207,101,1,-1,-1
465,45,438,0,207,101,1,-1,-1
466,45,438,0,207,101,1,-1,-1
467,45,438,0,207,101,1,-1,-1
468,45,438,0,207,101,1,-1,-1
469,45,438,0,207,101,1,-1,-1
470,45,438,0,207,101,1,-1,-1
471,45,438,0,207,101,1,-1,-1
472,45,438,0,207,102,1,-1,-1
473,45,438,0,206,99,1,-1,-1
474,45,438,0,206,96,1,-1,-1
475,45,438,0,206,93,1,-1,-1
476,45,438,0,206,91,1,-1,-1
477,45,438,0,206,88,1,-1,-1
478,45,438,0,206,85,1,-1,-1
479,45,438,0,206,82,1,-1,-1
480,45,438,0,206,80,1,-1,-1
481,45,438,0,205,80,1,-1,-1
482,45,438,0,205,81,1,-1,-1
483,45,438,0,205,82,1,-1,-1
484,45,438,0,205,83,1,-1,-1
485,45,438,0,205,83,1,-1,-1
486,45,438,0,205,84,1,-1,-1
487,45,438,0,205,85,1,-1,-1
488,45,438,0,205,86,1,-1,-1
489,45,438,0,204,86,1,-1,-1
490,45,438,0,204,87,1,-1,-1
491,45,438,0,204,88,1,-1,-1
492,45,438,0,204,89,1,-1,-1
493,45,438,0,204,89,1,-1,-1
494,45,438,0,204,90,1,-1,-1
495,45,438,0,204,91,1,-1,-1
496,45,438,0,204,92,1,-1,-1
497,45,438,0,203,91,1,-1,-1
498,45,438,0,203,90,1,-1,-1
499,45,438,0,203,89,1,-1,-1
500,45,438,0,203,88,1,-1,-1
501,45,438,0,203,87,1,-1,-1
502,45,438,0,203,86,1,-1,-1
503,45,438,0,202,85,1,-1,-1
504,45,438,0,202,84,1,-1,-1
505,45,438,0,202,83,1,-1,-1
506,45,438,0,202,82,1,-1,-1
507,45,438,0,202,81,1,-1,-1
508,45,438,0,202,81,1,-1,-1
509,45,438,0,201,80,1,-1,-1
510,45,438,0,201,80,1,-1,-1
511,45,438,0,201,79,1,-1,-1
512,45,438,0,201,79,1,-1,-1
513,45,438,0,201,78,1,-1,-1
514,45,438,0,201,78,1,-1,-1
515,45,438,0,201,78,1,-1,-1
516,45,438,0,201,77,1,-1,-1
517,45,438,0,201,77,1,-1,-1
518,45,438,0,201,76,1,-1,-1
519,45,438,0,201,76,1,-1,-1
520,45,438,0,201,75,1,-1,-1
521,45,438,0,201,75,1,-1,-1
522,45,438,0,201,75,1,-1,-1
523,45,438,0,201,74,1,-1,-1
524,45,438,0,201,74,1,-1,-1
525,45,438,0,201,73,1,-1,-1
526,45,438,0,201,73,1,-1,-1
527,45,438,0,201,73,1,-1,-1
528,45,438,0,200,73,1,-1,-1
529,45,438,0,200,73,1,-1,-1
530,45,438,0,200,73,1,-1,-1
531,45,438,0,200,73,1,-1,-1
532,45,438,0,200,73,1,-1,-1
533,45,438,0,200,73,1,-1,-1
534,45,438,0,200,73,1,-1,-1
535,45,438,0,200,73,1,-1,-1
536,45,438,0,200,73,1,-1,-1
537,45,438,0,200,73,1,-1,-1
538,45,438,0,200,73,1,-1,-1
539,45,438,0,200,74,1,-1,-1
540,45,438,0,200,74,1,-1,-1
541,45,438,0,200,74,1,-1,-1
542,45,438,0,200,74,1,-1,-1
543,45,438,0,200,74,1,-1,-1
544,45,438,0,200,74,1,-1,-1
545,45,438,0,200,74,1,-1,-1
546,45,438,0,200,74,1,-1,-1
547,45,438,0,200,74,1,-1,-1
548,45,438,0,200,74,1,-1,-1
549,45,438,0,200,74,1,-1,-1
550,45,438,0,200,74,1,-1,-1
551,45,438,0,200,75,1,-1,-1
552,45,438,0,200,75,1,-1,-1
553,45,438,0,200,75,1,-1,-1
554,45,438,0,200,75,1,-1,-1
555,45,438,0,200,75,1,-1,-1
556,45,438,0,200,75,1,-1,-1
557,45,438,0,200,75,1,-1,-1
558,45,438,0,200,75,1,-1,-1
559,45,438,0,200,75,1,-1,-1
560,45,438,0,200,75,1,-1,-1
561,45,438,0,200,75,1,-1,-1
562,45,438,0,200,76,1,-1,-1
563,45,438,0,199,76,1,-1,-1
564,45,438,0,199,76,1,-1,-1
565,45,438,0,199,76,1,-1,-1
566,45,438,0,199,77,1,-1,-1
567,45,438,0,199,77,1,-1,-1
568,45,438,0,199,77,1,-1,-1
569,45,438,0,199,77,1,-1,-1
570,45,438,0,199,78,1,-1,-1
571,45,438,0,198,78,1,-1,-1
572,45,438,0,198,79,1,-1,-1
573,45,438,0,197,80,1,-1,-1
574,45,438,0,197,81,1,-1,-1
575,45,438,0,197,82,1,-1,-1
576,45,438,0,196,79,1,-1,-1
577,45,438,0,196,77,1,-1,-1
578,45,438,0,196,75,1,-1,-1
579,45,438,0,196,73,1,-1,-1
580,45,438,0,196,73,1,-1,-1
581,45,438,0,196,73,1,-1,-1
582,45,438,0,196,73,1,-1,-1
583,45,438,0,196,73,1,-1,-1
584,45,438,0,196,73,1,-1,-1
585,45,438,0,196,73,1,-1,-1
586,45,438,0,196,73,1,-1,-1
587,45,438,0,196,73,1,-1,-1
588,45,438,0,196,73,1,-1,-1
589,45,438,0,196,73,1,-1,-1
590,45,438,0,196,73,1,-1,-1
591,45,438,0,196,73,1,-1,-1
592,45,438,0,196,73,1,-1,-1
593,45,438,0,196,73,1,-1,-1
594,45,438,0,196,73,1,-1,-1
595,45,438,0,196,73,1,-1,-1
596,45,438,0,196,73,1,-1,-1
597,45,438,0,196,73,1,-1,-1
598,45,438,0,196,73,1,-1,-1
599,45,438,0,196,73,1,-1,-1
600,45,438,0,196,73,1,-1,-1
1,46,680,0,342,134,1,-1,-1
2,46,680,0,342,134,1,-1,-1
3,46,680,0,342,134,1,-1,-1
4,46,680,0,342,134,1,-1,-1
5,46,680,0,342,134,1,-1,-1
6,46,680,0,342,134,1,-1,-1
7,46,680,0,342,134,1,-1,-1
8,46,680,0,342,134,1,-1,-1
9,46,680,0,342,134,1,-1,-1
10,46,680,0,342,134,1,-1,-1
11,46,680,0,342,134,1,-1,-1
12,46,680,0,342,134,1,-1,-1
13,46,680,0,342,134,1,-1,-1
14,46,680,0,342,134,1,-1,-1
15,46,680,0,342,134,1,-1,-1
16,46,680,0,342,134,1,-1,-1
17,46,680,0,342,134,1,-1,-1
18,46,680,0,342,134,1,-1,-1
19,46,680,0,342,134,1,-1,-1
20,46,680,0,342,134,1,-1,-1
21,46,680,0,342,134,1,-1,-1
22,46,680,0,342,134,1,-1,-1
23,46,680,0,342,134,1,-1,-1
24,46,680,0,342,134,1,-1,-1
25,46,680,0,342,134,1,-1,-1
26,46,680,0,342,134,1,-1,-1
27,46,680,0,342,134,1,-1,-1
28,46,680,0,342,134,1,-1,-1
29,46,680,0,342,134,1,-1,-1
30,46,680,0,342,134,1,-1,-1
31,46,680,0,342,134,1,-1,-1
32,46,680,0,342,134,1,-1,-1
33,46,680,0,342,134,1,-1,-1
34,46,680,0,342,134,1,-1,-1
35,46,680,0,342,134,1,-1,-1
36,46,680,0,342,134,1,-1,-1
37,46,680,0,342,134,1,-1,-1
38,46,680,0,342,134,1,-1,-1
39,46,680,0,342,134,1,-1,-1
40,46,680,0,342,134,1,-1,-1
41,46,680,0,342,134,1,-1,-1
42,46,680,0,342,134,1,-1,-1
43,46,680,0,342,134,1,-1,-1
44,46,680,0,342,134,1,-1,-1
45,46,680,0,342,134,1,-1,-1
46,46,680,0,342,134,1,-1,-1
47,46,680,0,342,134,1,-1,-1
48,46,680,0,342,134,1,-1,-1
49,46,680,0,342,134,1,-1,-1
50,46,680,0,342,134,1,-1,-1
51,46,680,0,342,134,1,-1,-1
52,46,680,0,342,134,1,-1,-1
53,46,680,0,342,134,1,-1,-1
54,46,680,0,342,134,1,-1,-1
55,46,680,0,342,134,1,-1,-1
56,46,680,0,342,134,1,-1,-1
57,46,680,0,342,134,1,-1,-1
58,46,680,0,342,134,1,-1,-1
59,46,680,0,342,134,1,-1,-1
60,46,680,0,342,134,1,-1,-1
61,46,680,0,342,134,1,-1,-1
62,46,680,0,342,134,1,-1,-1
63,46,680,0,342,134,1,-1,-1
64,46,680,0,342,134,1,-1,-1
65,46,680,0,342,134,1,-1,-1
66,46,680,0,342,134,1,-1,-1
67,46,680,0,342,134,1,-1,-1
68,46,680,0,342,134,1,-1,-1
69,46,680,0,342,134,1,-1,-1
70,46,680,0,342,134,1,-1,-1
71,46,680,0,342,134,1,-1,-1
72,46,680,0,342,134,1,-1,-1
73,46,680,0,342,134,1,-1,-1
74,46,680,0,342,134,1,-1,-1
75,46,680,0,342,134,1,-1,-1
76,46,680,0,342,134,1,-1,-1
77,46,680,0,342,134,1,-1,-1
78,46,680,0,342,134,1,-1,-1
79,46,680,0,342,134,1,-1,-1
80,46,680,0,342,134,1,-1,-1
81,46,680,0,342,134,1,-1,-1
82,46,680,0,342,134,1,-1,-1
83,46,680,0,342,134,1,-1,-1
84,46,680,0,342,134,1,-1,-1
85,46,680,0,342,134,1,-1,-1
86,46,680,0,342,134,1,-1,-1
87,46,680,0,342,134,1,-1,-1
88,46,680,0,342,134,1,-1,-1
89,46,680,0,342,134,1,-1,-1
90,46,680,0,342,134,1,-1,-1
91,46,680,0,342,134,1,-1,-1
92,46,680,0,342,134,1,-1,-1
93,46,680,0,342,134,1,-1,-1
94,46,680,0,342,134,1,-1,-1
95,46,680,0,342,134,1,-1,-1
96,46,680,0,342,134,1,-1,-1
97,46,680,0,342,134,1,-1,-1
98,46,680,0,342,134,1,-1,-1
99,46,680,0,342,134,1,-1,-1
100,46,680,0,342,134,1,-1,-1
101,46,680,0,342,134,1,-1,-1
102,46,680,0,342,134,1,-1,-1
103,46,680,0,342,134,1,-1,-1
104,46,680,0,342,134,1,-1,-1
105,46,680,0,342,134,1,-1,-1
106,46,680,0,342,134,1,-1,-1
107,46,680,0,342,134,1,-1,-1
108,46,680,0,342,134,1,-1,-1
109,46,680,0,342,134,1,-1,-1
110,46,680,0,342,134,1,-1,-1
111,46,680,0,342,134,1,-1,-1
112,46,680,0,342,134,1,-1,-1
113,46,680,0,342,134,1,-1,-1
114,46,680,0,342,134,1,-1,-1
115,46,680,0,342,134,1,-1,-1
116,46,680,0,342,134,1,-1,-1
117,46,680,0,342,134,1,-1,-1
118,46,680,0,342,134,1,-1,-1
119,46,680,0,342,134,1,-1,-1
120,46,680,0,342,134,1,-1,-1
121,46,680,0,342,134,1,-1,-1
122,46,680,0,342,134,1,-1,-1
123,46,680,0,342,134,1,-1,-1
124,46,680,0,342,134,1,-1,-1
125,46,680,0,342,134,1,-1,-1
126,46,680,0,342,134,1,-1,-1
127,46,680,0,342,134,1,-1,-1
128,46,680,0,342,134,1,-1,-1
129,46,680,0,342,134,1,-1,-1
130,46,680,0,342,134,1,-1,-1
131,46,680,0,342,134,1,-1,-1
132,46,680,0,342,134,1,-1,-1
133,46,680,0,342,134,1,-1,-1
134,46,680,0,342,134,1,-1,-1
135,46,680,0,342,134,1,-1,-1
136,46,680,0,342,134,1,-1,-1
137,46,680,0,342,134,1,-1,-1
138,46,680,0,342,134,1,-1,-1
139,46,680,0,342,134,1,-1,-1
140,46,680,0,342,134,1,-1,-1
141,46,680,0,342,134,1,-1,-1
142,46,680,0,342,134,1,-1,-1
143,46,680,0,342,134,1,-1,-1
144,46,680,0,342,134,1,-1,-1
145,46,680,0,342,134,1,-1,-1
146,46,680,0,342,134,1,-1,-1
147,46,680,0,342,134,1,-1,-1
148,46,680,0,342,134,1,-1,-1
149,46,680,0,342,134,1,-1,-1
150,46,680,0,342,134,1,-1,-1
151,46,680,0,342,134,1,-1,-1
152,46,680,0,342,134,1,-1,-1
153,46,680,0,342,134,1,-1,-1
154,46,680,0,342,134,1,-1,-1
155,46,680,0,342,134,1,-1,-1
156,46,680,0,342,134,1,-1,-1
157,46,680,0,342,134,1,-1,-1
158,46,680,0,342,134,1,-1,-1
159,46,680,0,342,134,1,-1,-1
160,46,680,0,342,134,1,-1,-1
161,46,680,0,342,134,1,-1,-1
162,46,680,0,342,134,1,-1,-1
163,46,680,0,342,134,1,-1,-1
164,46,680,0,342,134,1,-1,-1
165,46,680,0,342,134,1,-1,-1
166,46,680,0,342,134,1,-1,-1
167,46,680,0,342,134,1,-1,-1
168,46,680,0,342,134,1,-1,-1
169,46,680,0,342,134,1,-1,-1
170,46,680,0,342,134,1,-1,-1
171,46,680,0,342,134,1,-1,-1
172,46,680,0,342,134,1,-1,-1
173,46,680,0,342,134,1,-1,-1
174,46,680,0,342,134,1,-1,-1
175,46,680,0,342,134,1,-1,-1
176,46,680,0,342,134,1,-1,-1
177,46,680,0,342,134,1,-1,-1
178,46,680,0,342,134,1,-1,-1
179,46,680,0,342,134,1,-1,-1
180,46,680,0,342,134,1,-1,-1
181,46,680,0,342,134,1,-1,-1
182,46,680,0,342,134,1,-1,-1
183,46,680,0,342,134,1,-1,-1
184,46,680,0,342,134,1,-1,-1
185,46,680,0,342,134,1,-1,-1
186,46,680,0,342,134,1,-1,-1
187,46,680,0,342,134,1,-1,-1
188,46,680,0,342,134,1,-1,-1
189,46,680,0,342,134,1,-1,-1
190,46,680,0,342,134,1,-1,-1
191,46,680,0,342,134,1,-1,-1
192,46,680,0,342,134,1,-1,-1
193,46,680,0,342,134,1,-1,-1
194,46,680,0,342,134,1,-1,-1
195,46,680,0,342,134,1,-1,-1
196,46,680,0,342,134,1,-1,-1
197,46,680,0,342,134,1,-1,-1
198,46,680,0,342,134,1,-1,-1
199,46,680,0,342,134,1,-1,-1
200,46,680,0,342,134,1,-1,-1
201,46,680,0,342,134,1,-1,-1
202,46,680,0,342,134,1,-1,-1
203,46,680,0,342,134,1,-1,-1
204,46,680,0,342,134,1,-1,-1
205,46,680,0,342,134,1,-1,-1
206,46,680,0,342,134,1,-1,-1
207,46,680,0,342,134,1,-1,-1
208,46,680,0,342,134,1,-1,-1
209,46,680,0,342,134,1,-1,-1
210,46,680,0,342,134,1,-1,-1
211,46,680,0,342,134,1,-1,-1
212,46,680,0,342,134,1,-1,-1
213,46,680,0,342,134,1,-1,-1
214,46,680,0,342,134,1,-1,-1
215,46,680,0,342,134,1,-1,-1
216,46,680,0,342,134,1,-1,-1
217,46,680,0,342,134,1,-1,-1
218,46,680,0,342,134,1,-1,-1
219,46,680,0,342,134,1,-1,-1
220,46,680,0,342,134,1,-1,-1
221,46,680,0,342,134,1,-1,-1
222,46,680,0,342,134,1,-1,-1
223,46,680,0,342,134,1,-1,-1
224,46,680,0,342,134,1,-1,-1
225,46,680,0,342,134,1,-1,-1
226,46,680,0,342,134,1,-1,-1
227,46,680,0,342,134,1,-1,-1
228,46,680,0,342,134,1,-1,-1
229,46,680,0,342,134,1,-1,-1
230,46,680,0,342,134,1,-1,-1
231,46,680,0,342,134,1,-1,-1
232,46,680,0,342,134,1,-1,-1
233,46,680,0,342,134,1,-1,-1
234,46,680,0,342,134,1,-1,-1
235,46,680,0,342,134,1,-1,-1
236,46,680,0,342,134,1,-1,-1
237,46,680,0,342,134,1,-1,-1
238,46,680,0,342,134,1,-1,-1
239,46,680,0,342,134,1,-1,-1
240,46,680,0,342,134,1,-1,-1
241,46,680,0,342,134,1,-1,-1
242,46,680,0,342,134,1,-1,-1
243,46,680,0,342,134,1,-1,-1
244,46,680,0,342,134,1,-1,-1
245,46,680,0,342,134,1,-1,-1
246,46,680,0,342,134,1,-1,-1
247,46,680,0,342,134,1,-1,-1
248,46,680,0,342,134,1,-1,-1
249,46,680,0,342,134,1,-1,-1
250,46,680,0,342,134,1,-1,-1
251,46,680,0,342,134,1,-1,-1
252,46,680,0,342,134,1,-1,-1
253,46,680,0,342,134,1,-1,-1
254,46,680,0,342,134,1,-1,-1
255,46,680,0,342,134,1,-1,-1
256,46,680,0,342,134,1,-1,-1
257,46,680,0,342,134,1,-1,-1
258,46,680,0,342,134,1,-1,-1
259,46,680,0,342,134,1,-1,-1
260,46,680,0,342,134,1,-1,-1
261,46,680,0,342,134,1,-1,-1
262,46,680,0,342,134,1,-1,-1
263,46,680,0,342,134,1,-1,-1
264,46,680,0,342,134,1,-1,-1
265,46,680,0,342,134,1,-1,-1
266,46,680,0,342,134,1,-1,-1
267,46,680,0,342,134,1,-1,-1
268,46,680,0,342,134,1,-1,-1
269,46,680,0,342,134,1,-1,-1
270,46,680,0,342,134,1,-1,-1
271,46,680,0,342,134,1,-1,-1
272,46,680,0,342,134,1,-1,-1
273,46,680,0,342,134,1,-1,-1
274,46,680,0,342,134,1,-1,-1
275,46,680,0,342,134,1,-1,-1
276,46,680,0,342,134,1,-1,-1
277,46,680,0,342,134,1,-1,-1
278,46,680,0,342,134,1,-1,-1
279,46,680,0,342,134,1,-1,-1
280,46,680,0,342,134,1,-1,-1
281,46,680,0,342,134,1,-1,-1
282,46,680,0,342,134,1,-1,-1
283,46,680,0,342,134,1,-1,-1
284,46,680,0,342,134,1,-1,-1
285,46,680,0,342,134,1,-1,-1
286,46,680,0,342,134,1,-1,-1
287,46,680,0,342,134,1,-1,-1
288,46,680,0,342,134,1,-1,-1
289,46,680,0,342,134,1,-1,-1
290,46,680,0,342,134,1,-1,-1
291,46,680,0,342,134,1,-1,-1
292,46,680,0,342,134,1,-1,-1
293,46,680,0,342,134,1,-1,-1
294,46,680,0,342,134,1,-1,-1
295,46,680,0,342,134,1,-1,-1
296,46,680,0,342,134,1,-1,-1
297,46,680,0,342,134,1,-1,-1
298,46,680,0,342,134,1,-1,-1
299,46,680,0,342,134,1,-1,-1
300,46,680,0,342,134,1,-1,-1
301,46,680,0,342,134,1,-1,-1
302,46,680,0,342,134,1,-1,-1
303,46,681,0,341,134,1,-1,-1
304,46,681,0,341,134,1,-1,-1
305,46,682,0,340,134,1,-1,-1
306,46,682,0,340,134,1,-1,-1
307,46,683,0,339,134,1,-1,-1
308,46,683,0,339,135,1,-1,-1
309,46,684,0,338,135,1,-1,-1
310,46,684,0,338,135,1,-1,-1
311,46,685,0,337,135,1,-1,-1
312,46,685,0,337,135,1,-1,-1
313,46,686,0,336,135,1,-1,-1
314,46,686,0,336,136,1,-1,-1
315,46,687,0,335,136,1,-1,-1
316,46,687,0,335,136,1,-1,-1
317,46,688,0,334,136,1,-1,-1
318,46,689,0,333,136,1,-1,-1
319,46,689,0,333,136,1,-1,-1
320,46,690,0,332,136,1,-1,-1
321,46,690,0,332,137,1,-1,-1
322,46,691,0,331,137,1,-1,-1
323,46,691,0,331,137,1,-1,-1
324,46,692,0,330,137,1,-1,-1
325,46,692,0,330,137,1,-1,-1
326,46,693,0,329,137,1,-1,-1
327,46,693,0,329,138,1,-1,-1
328,46,694,0,328,138,1,-1,-1
329,46,694,0,328,138,1,-1,-1
330,46,695,0,327,138,1,-1,-1
331,46,695,0,327,138,1,-1,-1
332,46,696,0,326,138,1,-1,-1
333,46,697,0,325,138,1,-1,-1
334,46,697,0,325,139,1,-1,-1
335,46,698,0,324,139,1,-1,-1
336,46,698,0,324,139,1,-1,-1
337,46,699,0,323,139,1,-1,-1
338,46,699,1,323,138,1,-1,-1
339,46,700,1,322,138,1,-1,-1
340,46,700,1,322,139,1,-1,-1
341,46,701,1,321,139,1,-1,-1
342,46,701,1,321,139,1,-1,-1
343,46,702,1,320,139,1,-1,-1
344,46,702,1,320,139,1,-1,-1
345,46,703,1,319,139,1,-1,-1
346,46,703,1,319,140,1,-1,-1
347,46,704,1,318,140,1,-1,-1
348,46,705,1,317,140,1,-1,-1
349,46,705,1,317,140,1,-1,-1
350,46,706,1,316,140,1,-1,-1
351,46,706,1,316,140,1,-1,-1
352,46,707,1,315,140,1,-1,-1
353,46,707,1,315,141,1,-1,-1
354,46,708,1,314,141,1,-1,-1
355,46,708,1,314,141,1,-1,-1
356,46,709,1,313,141,1,-1,-1
357,46,709,1,313,141,1,-1,-1
358,46,710,1,312,141,1,-1,-1
359,46,710,1,312,142,1,-1,-1
360,46,711,1,311,142,1,-1,-1
361,46,711,1,311,142,1,-1,-1
362,46,712,1,310,142,1,-1,-1
363,46,712,1,310,142,1,-1,-1
364,46,713,1,309,142,1,-1,-1
365,46,714,1,308,142,1,-1,-1
366,46,714,1,308,143,1,-1,-1
367,46,715,1,307,143,1,-1,-1
368,46,715,1,307,143,1,-1,-1
369,46,716,1,306,143,1,-1,-1
370,46,716,1,306,143,1,-1,-1
371,46,717,1,305,143,1,-1,-1
372,46,717,1,305,144,1,-1,-1
373,46,718,1,304,144,1,-1,-1
374,46,718,2,304,143,1,-1,-1
375,46,719,2,303,143,1,-1,-1
376,46,719,2,303,143,1,-1,-1
377,46,720,2,302,143,1,-1,-1
378,46,720,2,302,144,1,-1,-1
379,46,721,2,301,144,1,-1,-1
380,46,722,2,300,144,1,-1,-1
381,46,722,2,300,144,1,-1,-1
382,46,723,2,299,144,1,-1,-1
383,46,723,2,299,144,1,-1,-1
384,46,724,2,298,144,1,-1,-1
385,46,724,2,298,145,1,-1,-1
386,46,725,2,297,145,1,-1,-1
387,46,725,2,297,145,1,-1,-1
388,46,726,2,296,145,1,-1,-1
389,46,726,2,296,145,1,-1,-1
390,46,727,2,295,145,1,-1,-1
391,46,727,2,295,146,1,-1,-1
392,46,728,2,294,146,1,-1,-1
393,46,728,2,294,146,1,-1,-1
394,46,729,2,293,146,1,-1,-1
395,46,730,2,292,146,1,-1,-1
396,46,730,2,292,146,1,-1,-1
397,46,731,2,291,146,1,-1,-1
398,46,731,2,291,147,1,-1,-1
399,46,732,2,290,147,1,-1,-1
400,46,732,2,290,147,1,-1,-1
401,46,733,2,289,147,1,-1,-1
402,46,733,2,289,147,1,-1,-1
403,46,734,2,288,147,1,-1,-1
404,46,734,2,288,148,1,-1,-1
405,46,735,2,287,148,1,-1,-1
406,46,735,2,287,148,1,-1,-1
407,46,736,2,286,148,1,-1,-1
408,46,736,2,286,148,1,-1,-1
409,46,737,2,285,148,1,-1,-1
410,46,738,3,284,148,1,-1,-1
411,46,738,3,283,148,1,-1,-1
412,46,738,3,283,148,1,-1,-1
413,46,738,3,283,148,1,-1,-1
414,46,738,3,283,149,1,-1,-1
415,46,738,3,283,149,1,-1,-1
416,46,738,3,283,149,1,-1,-1
417,46,738,3,283,150,1,-1,-1
418,46,738,3,283,150,1,-1,-1
419,46,738,3,283,150,1,-1,-1
420,46,738,3,283,151,1,-1,-1
421,46,738,3,283,151,1,-1,-1
422,46,738,3,283,151,1,-1,-1
423,46,738,3,283,152,1,-1,-1
424,46,738,3,283,152,1,-1,-1
425,46,738,3,283,152,1,-1,-1
426,46,738,3,283,152,1,-1,-1
427,46,738,3,283,153,1,-1,-1
428,46,738,3,283,153,1,-1,-1
429,46,738,3,283,153,1,-1,-1
430,46,738,3,283,154,1,-1,-1
431,46,738,3,283,154,1,-1,-1
432,46,738,3,283,154,1,-1,-1
433,46,738,3,283,155,1,-1,-1
434,46,738,3,283,155,1,-1,-1
435,46,738,3,283,155,1,-1,-1
436,46,738,3,283,156,1,-1,-1
437,46,738,3,283,156,1,-1,-1
438,46,738,3,283,156,1,-1,-1
439,46,738,3,283,156,1,-1,-1
440,46,738,3,283,157,1,-1,-1
441,46,738,3,283,157,1,-1,-1
442,46,738,3,283,157,1,-1,-1
443,46,738,3,283,158,1,-1,-1
444,46,738,3,283,158,1,-1,-1
445,46,738,3,283,158,1,-1,-1
446,46,738,3,283,159,1,-1,-1
447,46,738,3,283,159,1,-1,-1
448,46,738,3,283,159,1,-1,-1
449,46,738,3,283,160,1,-1,-1
450,46,738,3,283,160,1,-1,-1
451,46,738,3,283,160,1,-1,-1
452,46,738,3,283,160,1,-1,-1
453,46,738,3,283,161,1,-1,-1
454,46,738,3,283,161,1,-1,-1
455,46,738,3,283,161,1,-1,-1
456,46,738,3,283,162,1,-1,-1
457,46,738,3,283,162,1,-1,-1
458,46,738,3,283,162,1,-1,-1
459,46,738,3,283,163,1,-1,-1
460,46,738,3,283,163,1,-1,-1
461,46,738,3,283,163,1,-1,-1
462,46,738,3,283,164,1,-1,-1
463,46,738,3,283,164,1,-1,-1
464,46,738,3,283,164,1,-1,-1
465,46,738,3,283,164,1,-1,-1
466,46,738,3,283,165,1,-1,-1
467,46,738,3,283,165,1,-1,-1
468,46,738,3,283,165,1,-1,-1
469,46,738,3,283,166,1,-1,-1
470,46,738,3,283,166,1,-1,-1
471,46,738,3,283,166,1,-1,-1
472,46,738,3,283,167,1,-1,-1
473,46,738,3,283,167,1,-1,-1
474,46,738,3,283,167,1,-1,-1
475,46,738,3,283,168,1,-1,-1
476,46,738,3,283,168,1,-1,-1
477,46,738,3,283,168,1,-1,-1
478,46,738,3,283,168,1,-1,-1
479,46,738,3,283,169,1,-1,-1
480,46,738,3,283,169,1,-1,-1
481,46,738,3,283,169,1,-1,-1
482,46,738,3,283,170,1,-1,-1
483,46,738,3,283,170,1,-1,-1
484,46,738,3,283,170,1,-1,-1
485,46,738,3,283,171,1,-1,-1
486,46,738,3,283,171,1,-1,-1
487,46,738,3,283,171,1,-1,-1
488,46,738,3,283,172,1,-1,-1
489,46,738,3,283,172,1,-1,-1
490,46,738,3,283,172,1,-1,-1
491,46,738,3,283,172,1,-1,-1
492,46,738,3,283,173,1,-1,-1
493,46,738,3,283,173,1,-1,-1
494,46,738,3,283,173,1,-1,-1
495,46,738,3,283,174,1,-1,-1
496,46,738,3,283,174,1,-1,-1
497,46,738,3,283,174,1,-1,-1
498,46,738,3,283,175,1,-1,-1
499,46,738,3,283,175,1,-1,-1
500,46,738,3,283,175,1,-1,-1
501,46,738,3,283,176,1,-1,-1
502,46,738,3,283,176,1,-1,-1
503,46,738,3,283,176,1,-1,-1
504,46,738,3,283,176,1,-1,-1
505,46,738,3,283,177,1,-1,-1
506,46,738,3,283,177,1,-1,-1
507,46,738,3,283,177,1,-1,-1
508,46,738,3,283,178,1,-1,-1
509,46,738,3,283,178,1,-1,-1
510,46,738,3,283,178,1,-1,-1
511,46,738,3,283,179,1,-1,-1
512,46,738,3,283,179,1,-1,-1
513,46,738,3,283,179,1,-1,-1
514,46,738,3,283,180,1,-1,-1
515,46,738,3,283,180,1,-1,-1
516,46,738,3,283,180,1,-1,-1
517,46,738,3,283,180,1,-1,-1
518,46,738,3,283,181,1,-1,-1
519,46,738,3,283,181,1,-1,-1
520,46,738,3,283,181,1,-1,-1
521,46,738,3,283,182,1,-1,-1
522,46,738,3,283,182,1,-1,-1
523,46,738,3,283,182,1,-1,-1
524,46,738,3,283,183,1,-1,-1
525,46,738,3,283,183,1,-1,-1
526,46,738,3,283,183,1,-1,-1
527,46,738,3,283,184,1,-1,-1
528,46,738,3,283,184,1,-1,-1
529,46,738,3,283,184,1,-1,-1
530,46,738,3,283,184,1,-1,-1
531,46,738,3,283,185,1,-1,-1
532,46,738,3,283,185,1,-1,-1
533,46,738,3,283,185,1,-1,-1
534,46,738,3,283,186,1,-1,-1
535,46,738,3,283,186,1,-1,-1
536,46,738,3,283,186,1,-1,-1
537,46,738,3,283,187,1,-1,-1
538,46,738,3,283,187,1,-1,-1
539,46,738,3,283,187,1,-1,-1
540,46,738,3,283,188,1,-1,-1
541,46,738,3,283,188,1,-1,-1
542,46,738,3,283,188,1,-1,-1
543,46,738,3,283,188,1,-1,-1
544,46,738,3,283,189,1,-1,-1
545,46,738,3,283,189,1,-1,-1
546,46,738,3,283,189,1,-1,-1
547,46,738,3,283,190,1,-1,-1
548,46,738,3,283,190,1,-1,-1
549,46,738,3,283,190,1,-1,-1
550,46,738,3,283,191,1,-1,-1
551,46,738,3,283,191,1,-1,-1
552,46,738,3,283,191,1,-1,-1
553,46,738,3,283,192,1,-1,-1
554,46,738,3,283,192,1,-1,-1
555,46,738,3,283,192,1,-1,-1
556,46,738,3,283,192,1,-1,-1
557,46,738,3,283,193,1,-1,-1
558,46,738,3,283,193,1,-1,-1
559,46,738,3,283,193,1,-1,-1
560,46,738,3,283,194,1,-1,-1
561,46,738,3,283,194,1,-1,-1
562,46,738,3,283,194,1,-1,-1
563,46,738,3,283,195,1,-1,-1
564,46,738,3,283,195,1,-1,-1
565,46,738,3,283,195,1,-1,-1
566,46,738,3,283,196,1,-1,-1
567,46,738,3,283,196,1,-1,-1
568,46,738,3,283,196,1,-1,-1
569,46,738,3,283,196,1,-1,-1
570,46,738,3,283,197,1,-1,-1
571,46,738,3,283,197,1,-1,-1
572,46,738,3,283,197,1,-1,-1
573,46,738,3,283,198,1,-1,-1
574,46,738,3,283,198,1,-1,-1
575,46,738,3,283,198,1,-1,-1
576,46,738,3,283,199,1,-1,-1
577,46,738,3,283,199,1,-1,-1
578,46,738,3,283,199,1,-1,-1
579,46,738,3,283,200,1,-1,-1
580,46,738,3,283,200,1,-1,-1
581,46,738,3,283,200,1,-1,-1
582,46,738,3,283,200,1,-1,-1
583,46,738,3,283,201,1,-1,-1
584,46,738,3,283,201,1,-1,-1
585,46,738,3,283,201,1,-1,-1
586,46,738,3,283,202,1,-1,-1
587,46,738,3,283,202,1,-1,-1
588,46,738,3,283,202,1,-1,-1
589,46,738,3,283,203,1,-1,-1
590,46,738,3,283,203,1,-1,-1
591,46,738,3,283,203,1,-1,-1
592,46,738,3,283,204,1,-1,-1
593,46,738,3,283,204,1,-1,-1
594,46,738,3,283,204,1,-1,-1
595,46,738,3,283,205,1,-1,-1
596,46,738,3,283,205,1,-1,-1
597,46,738,3,283,205,1,-1,-1
598,46,738,3,283,205,1,-1,-1
599,46,738,3,283,205,1,-1,-1
600,46,738,3,283,205,1,-1,-1
410,60,248,69,182,71,1,-1,-1
411,60,248,69,181,71,1,-1,-1
412,60,248,69,181,71,1,-1,-1
413,60,248,69,181,71,1,-1,-1
414,60,248,69,181,72,1,-1,-1
415,60,248,69,181,72,1,-1,-1
416,60,248,69,181,72,1,-1,-1
417,60,248,69,181,72,1,-1,-1
418,60,248,69,181,73,1,-1,-1
419,60,248,69,181,73,1,-1,-1
420,60,248,69,181,73,1,-1,-1
421,60,248,69,181,74,1,-1,-1
422,60,248,69,181,74,1,-1,-1
423,60,248,69,181,74,1,-1,-1
424,60,248,69,181,74,1,-1,-1
425,60,248,69,181,75,1,-1,-1
426,60,248,69,181,75,1,-1,-1
427,60,248,69,181,75,1,-1,-1
428,60,248,69,181,76,1,-1,-1
429,60,248,69,181,76,1,-1,-1
430,60,248,69,181,76,1,-1,-1
431,60,248,69,181,76,1,-1,-1
432,60,248,69,181,77,1,-1,-1
433,60,248,69,181,77,1,-1,-1
434,60,248,69,181,77,1,-1,-1
435,60,248,69,181,77,1,-1,-1
436,60,248,69,181,78,1,-1,-1
437,60,248,69,181,78,1,-1,-1
438,60,248,69,181,78,1,-1,-1
439,60,248,69,181,79,1,-1,-1
440,60,248,69,181,79,1,-1,-1
441,60,248,69,181,79,1,-1,-1
442,60,248,69,181,79,1,-1,-1
443,60,248,69,181,80,1,-1,-1
444,60,248,69,181,80,1,-1,-1
445,60,248,69,181,80,1,-1,-1
446,60,248,69,181,81,1,-1,-1
447,60,248,69,181,81,1,-1,-1
448,60,248,69,181,81,1,-1,-1
449,60,248,69,181,81,1,-1,-1
450,60,248,69,181,82,1,-1,-1
451,60,248,69,181,82,1,-1,-1
452,60,248,69,181,82,1,-1,-1
453,60,248,69,181,82,1,-1,-1
454,60,248,69,181,83,1,-1,-1
455,60,248,69,181,83,1,-1,-1
456,60,248,69,181,83,1,-1,-1
457,60,248,69,181,84,1,-1,-1
458,60,248,69,181,84,1,-1,-1
459,60,248,69,181,84,1,-1,-1
460,60,248,69,181,84,1,-1,-1
461,60,248,69,181,85,1,-1,-1
462,60,248,69,181,85,1,-1,-1
463,60,248,69,181,85,1,-1,-1
464,60,248,69,181,86,1,-1,-1
465,60,248,69,181,86,1,-1,-1
466,60,248,69,181,86,1,-1,-1
467,60,248,69,181,86,1,-1,-1
468,60,248,69,181,87,1,-1,-1
469,60,248,69,181,87,1,-1,-1
470,60,248,69,181,87,1,-1,-1
471,60,248,69,181,87,1,-1,-1
472,60,248,69,181,88,1,-1,-1
473,60,248,69,181,88,1,-1,-1
474,60,248,69,181,88,1,-1,-1
475,60,248,69,181,89,1,-1,-1
476,60,248,69,181,89,1,-1,-1
477,60,248,69,181,89,1,-1,-1
478,60,248,69,181,89,1,-1,-1
479,60,248,69,181,90,1,-1,-1
480,60,248,69,181,90,1,-1,-1
481,60,248,69,181,90,1,-1,-1
482,60,248,69,181,91,1,-1,-1
483,60,245,69,184,90,1,-1,-1
484,60,243,69,186,90,1,-1,-1
485,60,240,69,189,90,1,-1,-1
486,60,238,69,191,90,1,-1,-1
487,60,235,69,194,90,1,-1,-1
488,60,233,69,196,90,1,-1,-1
489,60,231,69,197,91,1,-1,-1
490,60,230,69,198,92,1,-1,-1
491,60,229,69,199,94,1,-1,-1
492,60,228,69,200,95,1,-1,-1
493,60,227,69,201,96,1,-1,-1
494,60,225,69,203,98,1,-1,-1
495,60,224,69,204,99,1,-1,-1
496,60,223,69,205,100,1,-1,-1
497,60,222,69,206,102,1,-1,-1
498,60,221,69,207,103,1,-1,-1
499,60,219,69,209,104,1,-1,-1
500,60,218,69,210,106,1,-1,-1
501,60,217,69,211,107,1,-1,-1
502,60,216,69,212,108,1,-1,-1
503,60,215,69,213,110,1,-1,-1
504,60,213,69,215,109,1,-1,-1
505,60,212,69,216,109,1,-1,-1
506,60,210,69,218,109,1,-1,-1
507,60,209,69,219,109,1,-1,-1
508,60,207,69,221,109,1,-1,-1
509,60,206,69,222,109,1,-1,-1
510,60,205,69,223,109,1,-1,-1
511,60,203,69,225,109,1,-1,-1
512,60,202,69,226,109,1,-1,-1
513,60,200,69,228,109,1,-1,-1
514,60,199,69,229,109,1,-1,-1
515,60,198,69,230,109,1,-1,-1
516,60,196,69,231,109,1,-1,-1
517,60,195,69,232,110,1,-1,-1
518,60,193,69,234,111,1,-1,-1
519,60,192,69,235,112,1,-1,-1
520,60,190,69,237,113,1,-1,-1
521,60,189,69,238,114,1,-1,-1
522,60,187,69,240,114,1,-1,-1
523,60,186,69,241,115,1,-1,-1
524,60,184,69,243,116,1,-1,-1
525,60,183,69,244,117,1,-1,-1
526,60,181,69,246,118,1,-1,-1
527,60,180,69,247,119,1,-1,-1
528,60,178,69,248,119,1,-1,-1
529,60,176,69,250,120,1,-1,-1
530,60,175,69,251,121,1,-1,-1
531,60,173,69,253,122,1,-1,-1
532,60,171,69,255,123,1,-1,-1
533,60,170,69,256,124,1,-1,-1
534,60,169,73,256,124,1,-1,-1
535,60,168,77,256,124,1,-1,-1
536,60,167,81,256,124,1,-1,-1
537,60,166,85,256,124,1,-1,-1
538,60,165,89,256,124,1,-1,-1
539,60,164,93,256,124,1,-1,-1
540,60,164,98,256,124,1,-1,-1
541,60,163,98,256,124,1,-1,-1
542,60,162,98,256,124,1,-1,-1
543,60,161,99,256,124,1,-1,-1
544,60,160,99,256,124,1,-1,-1
545,60,159,100,256,124,1,-1,-1
546,60,158,100,256,124,1,-1,-1
547,60,158,101,256,124,1,-1,-1
548,60,156,102,256,124,1,-1,-1
549,60,154,103,256,124,1,-1,-1
550,60,153,104,256,124,1,-1,-1
551,60,151,105,256,124,1,-1,-1
552,60,149,106,256,124,1,-1,-1
553,60,148,107,256,124,1,-1,-1
554,60,146,108,256,124,1,-1,-1
555,60,145,110,256,124,1,-1,-1
556,60,144,110,256,124,1,-1,-1
557,60,143,111,256,124,1,-1,-1
558,60,142,112,256,124,1,-1,-1
559,60,141,113,256,124,1,-1,-1
560,60,141,114,256,124,1,-1,-1
561,60,140,115,256,124,1,-1,-1
562,60,139,116,256,124,1,-1,-1
563,60,138,117,256,124,1,-1,-1
564,60,137,118,256,124,1,-1,-1
565,60,137,119,256,124,1,-1,-1
566,60,136,120,256,124,1,-1,-1
567,60,135,121,256,124,1,-1,-1
568,60,134,122,256,124,1,-1,-1
569,60,133,123,256,124,1,-1,-1
570,60,133,124,256,124,1,-1,-1
571,60,130,125,256,124,1,-1,-1
572,60,128,126,256,124,1,-1,-1
573,60,125,127,256,124,1,-1,-1
574,60,123,128,256,124,1,-1,-1
575,60,121,130,256,124,1,-1,-1
576,60,118,130,258,127,1,-1,-1
577,60,116,130,260,130,1,-1,-1
578,60,113,130,263,133,1,-1,-1
579,60,111,130,265,137,1,-1,-1
580,60,108,130,268,140,1,-1,-1
581,60,106,130,270,143,1,-1,-1
582,60,103,130,273,146,1,-1,-1
583,60,101,130,275,150,1,-1,-1
584,60,98,130,278,153,1,-1,-1
585,60,96,130,280,156,1,-1,-1
586,60,94,130,282,160,1,-1,-1
587,60,91,130,285,159,1,-1,-1
588,60,88,130,288,159,1,-1,-1
589,60,85,130,291,159,1,-1,-1
590,60,82,130,294,159,1,-1,-1
591,60,80,130,296,159,1,-1,-1
592,60,77,130,299,159,1,-1,-1
593,60,74,130,302,159,1,-1,-1
594,60,71,130,305,159,1,-1,-1
595,60,69,130,307,159,1,-1,-1
596,60,66,132,307,159,1,-1,-1
597,60,63,134,307,159,1,-1,-1
598,60,60,136,307,159,1,-1,-1
599,60,57,138,307,159,1,-1,-1
600,60,55,140,307,159,1,-1,-1
