1,18,262,0,124,112,1,-1,-1
2,18,261,0,125,111,1,-1,-1
3,18,261,0,125,111,1,-1,-1
4,18,261,0,125,111,1,-1,-1
5,18,261,0,125,111,1,-1,-1
6,18,261,0,125,111,1,-1,-1
7,18,261,0,125,111,1,-1,-1
8,18,261,0,125,111,1,-1,-1
9,18,261,0,126,111,1,-1,-1
10,18,261,0,126,111,1,-1,-1
11,18,261,0,126,111,1,-1,-1
12,18,261,0,126,111,1,-1,-1
13,18,261,0,126,111,1,-1,-1
14,18,261,0,126,111,1,-1,-1
15,18,261,0,126,111,1,-1,-1
16,18,261,0,127,111,1,-1,-1
17,18,261,0,127,111,1,-1,-1
18,18,261,0,127,111,1,-1,-1
19,18,261,0,127,111,1,-1,-1
20,18,261,0,127,111,1,-1,-1
21,18,261,0,127,111,1,-1,-1
22,18,261,0,127,111,1,-1,-1
23,18,261,0,128,111,1,-1,-1
24,18,261,0,128,111,1,-1,-1
25,18,261,0,128,111,1,-1,-1
26,18,261,0,128,111,1,-1,-1
27,18,261,0,128,111,1,-1,-1
28,18,261,0,128,111,1,-1,-1
29,18,261,0,128,111,1,-1,-1
30,18,261,0,129,111,1,-1,-1
31,18,261,0,129,111,1,-1,-1
32,18,261,0,129,111,1,-1,-1
33,18,261,0,129,111,1,-1,-1
34,18,261,0,129,111,1,-1,-1
35,18,261,0,129,111,1,-1,-1
36,18,261,0,129,111,1,-1,-1
37,18,261,0,130,111,1,-1,-1
38,18,261,0,130,111,1,-1,-1
39,18,261,0,130,111,1,-1,-1
40,18,261,0,130,111,1,-1,-1
41,18,261,0,130,111,1,-1,-1
42,18,261,0,130,111,1,-1,-1
43,18,261,0,130,111,1,-1,-1
44,18,261,0,131,111,1,-1,-1
45,18,261,0,131,111,1,-1,-1
46,18,261,0,131,111,1,-1,-1
47,18,261,0,131,111,1,-1,-1
48,18,261,0,131,111,1,-1,-1
49,18,261,0,131,111,1,-1,-1
50,18,261,0,131,111,1,-1,-1
51,18,261,0,132,111,1,-1,-1
52,18,261,0,132,111,1,-1,-1
53,18,261,0,132,111,1,-1,-1
54,18,261,0,132,111,1,-1,-1
55,18,261,0,132,111,1,-1,-1
56,18,261,0,132,111,1,-1,-1
57,18,261,0,132,111,1,-1,-1
58,18,261,0,133,111,1,-1,-1
59,18,261,0,133,111,1,-1,-1
60,18,261,0,133,111,1,-1,-1
61,18,261,0,133,111,1,-1,-1
62,18,261,0,133,111,1,-1,-1
63,18,261,0,133,111,1,-1,-1
64,18,261,0,133,111,1,-1,-1
65,18,261,0,134,111,1,-1,-1
66,18,261,0,134,111,1,-1,-1
67,18,261,0,134,111,1,-1,-1
68,18,261,0,134,111,1,-1,-1
69,18,261,0,134,111,1,-1,-1
70,18,261,0,134,111,1,-1,-1
71,18,261,0,134,111,1,-1,-1
72,18,261,0,135,111,1,-1,-1
73,18,261,0,135,111,1,-1,-1
74,18,261,0,135,111,1,-1,-1
75,18,261,0,135,111,1,-1,-1
76,18,261,0,135,111,1,-1,-1
77,18,261,0,135,111,1,-1,-1
78,18,261,0,135,111,1,-1,-1
79,18,261,0,136,111,1,-1,-1
80,18,261,0,136,111,1,-1,-1
81,18,261,0,136,111,1,-1,-1
82,18,261,0,136,111,1,-1,-1
83,18,261,0,136,110,1,-1,-1
84,18,261,0,136,110,1,-1,-1
85,18,261,0,136,110,1,-1,-1
86,18,261,0,136,110,1,-1,-1
87,18,261,0,137,110,1,-1,-1
88,18,261,0,137,110,1,-1,-1
89,18,261,0,137,110,1,-1,-1
90,18,261,0,137,110,1,-1,-1
91,18,261,0,137,110,1,-1,-1
92,18,261,0,137,110,1,-1,-1
93,18,261,0,137,110,1,-1,-1
94,18,261,0,138,110,1,-1,-1
95,18,261,0,138,110,1,-1,-1
96,18,261,0,138,110,1,-1,-1
97,18,261,0,138,110,1,-1,-1
98,18,261,0,138,110,1,-1,-1
99,18,261,0,138,110,1,-1,-1
100,18,261,0,138,110,1,-1,-1
101,18,261,0,139,110,1,-1,-1
102,18,261,0,139,110,1,-1,-1
103,18,261,0,139,110,1,-1,-1
104,18,261,0,139,110,1,-1,-1
105,18,261,0,139,110,1,-1,-1
106,18,261,0,139,110,1,-1,-1
107,18,261,0,139,110,1,-1,-1
108,18,261,0,140,110,1,-1,-1
109,18,261,0,140,110,1,-1,-1
110,18,261,0,140,110,1,-1,-1
111,18,261,0,140,110,1,-1,-1
112,18,261,0,140,110,1,-1,-1
113,18,261,0,140,110,1,-1,-1
114,18,261,0,140,110,1,-1,-1
115,18,261,0,141,110,1,-1,-1
116,18,261,0,141,110,1,-1,-1
117,18,261,0,141,110,1,-1,-1
118,18,261,0,141,110,1,-1,-1
119,18,261,0,141,110,1,-1,-1
120,18,261,0,141,110,1,-1,-1
121,18,261,0,141,110,1,-1,-1
122,18,261,0,142,110,1,-1,-1
123,18,261,0,142,110,1,-1,-1
124,18,261,0,142,110,1,-1,-1
125,18,261,0,142,110,1,-1,-1
126,18,261,0,142,110,1,-1,-1
127,18,261,0,142,110,1,-1,-1
128,18,261,0,142,110,1,-1,-1
129,18,261,0,143,110,1,-1,-1
130,18,261,0,143,110,1,-1,-1
131,18,261,0,143,110,1,-1,-1
132,18,261,0,143,110,1,-1,-1
133,18,261,0,143,110,1,-1,-1
134,18,261,0,143,110,1,-1,-1
135,18,261,0,143,110,1,-1,-1
136,18,261,0,144,110,1,-1,-1
137,18,261,0,144,110,1,-1,-1
138,18,261,0,144,110,1,-1,-1
139,18,261,0,144,110,1,-1,-1
140,18,261,0,144,110,1,-1,-1
141,18,261,0,144,110,1,-1,-1
142,18,261,0,144,110,1,-1,-1
143,18,261,0,145,110,1,-1,-1
144,18,261,0,145,110,1,-1,-1
145,18,261,0,145,110,1,-1,-1
146,18,261,0,145,110,1,-1,-1
147,18,261,0,145,110,1,-1,-1
148,18,261,0,145,110,1,-1,-1
149,18,261,0,145,110,1,-1,-1
150,18,261,0,146,110,1,-1,-1
151,18,261,0,146,110,1,-1,-1
152,18,261,0,146,110,1,-1,-1
153,18,261,0,146,110,1,-1,-1
154,18,261,0,146,110,1,-1,-1
155,18,261,0,146,110,1,-1,-1
156,18,261,0,146,110,1,-1,-1
157,18,261,0,147,110,1,-1,-1
158,18,261,0,147,110,1,-1,-1
159,18,261,0,147,110,1,-1,-1
160,18,261,0,147,110,1,-1,-1
161,18,261,0,147,110,1,-1,-1
162,18,261,0,147,110,1,-1,-1
163,18,261,0,147,110,1,-1,-1
164,18,261,0,148,110,1,-1,-1
165,18,260,0,149,109,1,-1,-1
166,18,260,0,149,109,1,-1,-1
167,18,260,0,149,109,1,-1,-1
168,18,260,0,149,109,1,-1,-1
169,18,260,0,149,109,1,-1,-1
170,18,260,0,149,109,1,-1,-1
171,18,260,0,149,109,1,-1,-1
172,18,260,0,149,109,1,-1,-1
173,18,259,0,150,109,1,-1,-1
174,18,259,0,150,109,1,-1,-1
175,18,259,0,150,109,1,-1,-1
176,18,259,0,150,109,1,-1,-1
177,18,259,0,150,109,1,-1,-1
178,18,259,0,150,109,1,-1,-1
179,18,259,0,150,109,1,-1,-1
180,18,259,0,150,109,1,-1,-1
181,18,259,0,150,109,1,-1,-1
182,18,258,0,151,109,1,-1,-1
183,18,258,0,151,109,1,-1,-1
184,18,258,0,151,109,1,-1,-1
185,18,258,0,151,109,1,-1,-1
186,18,258,0,151,109,1,-1,-1
187,18,258,0,151,109,1,-1,-1
188,18,258,0,151,109,1,-1,-1
189,18,258,0,151,109,1,-1,-1
190,18,257,0,152,109,1,-1,-1
191,18,257,0,152,109,1,-1,-1
192,18,257,0,152,109,1,-1,-1
193,18,257,0,152,109,1,-1,-1
194,18,257,0,152,109,1,-1,-1
195,18,257,0,152,109,1,-1,-1
196,18,257,0,152,109,1,-1,-1
197,18,257,0,152,109,1,-1,-1
198,18,257,0,152,109,1,-1,-1
199,18,256,0,153,109,1,-1,-1
200,18,256,0,153,109,1,-1,-1
201,18,256,0,153,109,1,-1,-1
202,18,256,0,153,109,1,-1,-1
203,18,256,0,153,109,1,-1,-1
204,18,256,0,153,109,1,-1,-1
205,18,256,0,153,109,1,-1,-1
206,18,256,0,153,109,1,-1,-1
207,18,255,0,154,109,1,-1,-1
208,18,255,0,154,109,1,-1,-1
209,18,255,0,154,109,1,-1,-1
210,18,255,0,154,109,1,-1,-1
211,18,255,0,154,109,1,-1,-1
212,18,255,0,154,109,1,-1,-1
213,18,255,0,154,109,1,-1,-1
214,18,255,0,154,109,1,-1,-1
215,18,255,0,154,109,1,-1,-1
216,18,254,0,155,109,1,-1,-1
217,18,254,0,155,109,1,-1,-1
218,18,254,0,155,109,1,-1,-1
219,18,254,0,155,109,1,-1,-1
220,18,254,0,155,109,1,-1,-1
221,18,254,0,155,109,1,-1,-1
222,18,254,0,155,109,1,-1,-1
223,18,254,0,155,109,1,-1,-1
224,18,253,0,156,109,1,-1,-1
225,18,253,0,156,109,1,-1,-1
226,18,253,0,156,109,1,-1,-1
227,18,253,0,156,109,1,-1,-1
228,18,253,0,156,109,1,-1,-1
229,18,253,0,156,109,1,-1,-1
230,18,253,0,156,109,1,-1,-1
231,18,253,0,156,109,1,-1,-1
232,18,253,0,156,109,1,-1,-1
233,18,252,0,157,109,1,-1,-1
234,18,252,0,157,109,1,-1,-1
235,18,252,0,157,109,1,-1,-1
236,18,252,0,157,109,1,-1,-1
237,18,252,0,157,109,1,-1,-1
238,18,252,0,157,109,1,-1,-1
239,18,252,0,157,109,1,-1,-1
240,18,252,0,157,109,1,-1,-1
241,18,251,0,158,109,1,-1,-1
242,18,251,0,158,109,1,-1,-1
243,18,251,0,158,109,1,-1,-1
244,18,251,0,158,109,1,-1,-1
245,18,251,0,158,109,1,-1,-1
246,18,251,0,158,109,1,-1,-1
247,18,251,0,158,109,1,-1,-1
248,18,251,0,158,109,1,-1,-1
249,18,251,0,158,109,1,-1,-1
250,18,250,0,159,109,1,-1,-1
251,18,250,0,159,109,1,-1,-1
252,18,250,0,159,109,1,-1,-1
253,18,250,0,159,109,1,-1,-1
254,18,250,0,159,109,1,-1,-1
255,18,250,0,159,109,1,-1,-1
256,18,250,0,159,109,1,-1,-1
257,18,250,0,159,109,1,-1,-1
258,18,249,0,160,109,1,-1,-1
259,18,249,0,160,109,1,-1,-1
260,18,249,0,160,109,1,-1,-1
261,18,249,0,160,109,1,-1,-1
262,18,249,0,160,109,1,-1,-1
263,18,249,0,160,109,1,-1,-1
264,18,249,0,160,109,1,-1,-1
265,18,249,0,160,109,1,-1,-1
266,18,249,0,160,109,1,-1,-1
267,18,248,0,161,109,1,-1,-1
268,18,248,0,161,109,1,-1,-1
269,18,248,0,161,109,1,-1,-1
270,18,248,0,161,109,1,-1,-1
271,18,248,0,161,109,1,-1,-1
272,18,248,0,161,109,1,-1,-1
273,18,248,0,161,109,1,-1,-1
274,18,248,0,161,109,1,-1,-1
275,18,247,0,162,109,1,-1,-1
276,18,247,0,162,109,1,-1,-1
277,18,247,0,162,109,1,-1,-1
278,18,247,0,162,109,1,-1,-1
279,18,247,0,162,109,1,-1,-1
280,18,247,0,162,109,1,-1,-1
281,18,247,0,162,109,1,-1,-1
282,18,247,0,162,109,1,-1,-1
283,18,247,0,162,109,1,-1,-1
284,18,246,0,163,109,1,-1,-1
285,18,246,0,163,109,1,-1,-1
286,18,246,0,163,109,1,-1,-1
287,18,246,0,163,109,1,-1,-1
288,18,246,0,163,109,1,-1,-1
289,18,246,0,163,109,1,-1,-1
290,18,246,0,163,109,1,-1,-1
291,18,246,0,163,109,1,-1,-1
292,18,245,0,164,109,1,-1,-1
293,18,245,0,164,109,1,-1,-1
294,18,245,0,164,109,1,-1,-1
295,18,245,0,164,109,1,-1,-1
296,18,245,0,164,109,1,-1,-1
297,18,245,0,164,109,1,-1,-1
298,18,245,0,164,109,1,-1,-1
299,18,245,0,164,109,1,-1,-1
300,18,245,0,164,109,1,-1,-1
301,18,245,0,164,109,1,-1,-1
302,18,245,0,164,109,1,-1,-1
303,18,245,0,164,109,1,-1,-1
304,18,245,0,164,109,1,-1,-1
305,18,245,0,164,109,1,-1,-1
306,18,245,0,164,109,1,-1,-1
307,18,245,0,164,109,1,-1,-1
308,18,245,0,164,109,1,-1,-1
309,18,245,0,164,109,1,-1,-1
310,18,245,0,164,109,1,-1,-1
311,18,245,0,164,109,1,-1,-1
312,18,245,0,164,109,1,-1,-1
313,18,245,0,164,109,1,-1,-1
314,18,245,0,164,109,1,-1,-1
315,18,245,0,164,109,1,-1,-1
316,18,245,0,164,109,1,-1,-1
317,18,245,0,164,109,1,-1,-1
318,18,245,0,164,109,1,-1,-1
319,18,245,0,164,109,1,-1,-1
320,18,245,0,164,109,1,-1,-1
321,18,245,0,164,109,1,-1,-1
322,18,245,0,164,109,1,-1,-1
1,39,536,0,238,113,1,-1,-1
2,39,536,0,238,113,1,-1,-1
3,39,536,0,238,113,1,-1,-1
4,39,536,0,238,113,1,-1,-1
5,39,536,0,238,113,1,-1,-1
6,39,536,0,238,113,1,-1,-1
7,39,536,0,238,113,1,-1,-1
8,39,536,0,238,113,1,-1,-1
9,39,536,0,238,113,1,-1,-1
10,39,536,0,238,113,1,-1,-1
11,39,536,0,238,113,1,-1,-1
12,39,536,0,238,113,1,-1,-1
13,39,536,0,238,113,1,-1,-1
14,39,536,0,238,113,1,-1,-1
15,39,536,0,238,113,1,-1,-1
16,39,536,0,238,113,1,-1,-1
17,39,536,0,238,113,1,-1,-1
18,39,536,0,238,113,1,-1,-1
19,39,536,0,238,113,1,-1,-1
20,39,536,0,238,113,1,-1,-1
21,39,536,0,238,113,1,-1,-1
22,39,536,0,238,113,1,-1,-1
23,39,536,0,238,113,1,-1,-1
24,39,536,0,238,113,1,-1,-1
25,39,536,0,238,113,1,-1,-1
26,39,536,0,238,113,1,-1,-1
27,39,536,0,238,113,1,-1,-1
28,39,536,0,238,113,1,-1,-1
29,39,536,0,238,113,1,-1,-1
30,39,536,0,238,113,1,-1,-1
31,39,536,0,238,113,1,-1,-1
32,39,536,0,238,113,1,-1,-1
33,39,536,0,238,113,1,-1,-1
34,39,536,0,238,113,1,-1,-1
35,39,536,0,238,113,1,-1,-1
36,39,536,0,238,113,1,-1,-1
37,39,536,0,238,113,1,-1,-1
38,39,536,0,238,113,1,-1,-1
39,39,536,0,238,113,1,-1,-1
40,39,536,0,238,113,1,-1,-1
41,39,536,0,238,113,1,-1,-1
42,39,536,0,238,113,1,-1,-1
43,39,536,0,238,113,1,-1,-1
44,39,536,0,238,113,1,-1,-1
45,39,536,0,238,113,1,-1,-1
46,39,536,0,238,113,1,-1,-1
47,39,536,0,238,113,1,-1,-1
48,39,536,0,238,113,1,-1,-1
49,39,536,0,238,113,1,-1,-1
50,39,536,0,238,113,1,-1,-1
51,39,536,0,238,113,1,-1,-1
52,39,536,0,238,113,1,-1,-1
53,39,536,0,238,113,1,-1,-1
54,39,536,0,238,113,1,-1,-1
55,39,536,0,238,113,1,-1,-1
56,39,536,0,238,113,1,-1,-1
57,39,536,0,238,113,1,-1,-1
58,39,536,0,238,113,1,-1,-1
59,39,536,0,238,113,1,-1,-1
60,39,536,0,238,113,1,-1,-1
61,39,536,0,238,113,1,-1,-1
62,39,536,0,238,113,1,-1,-1
63,39,536,0,238,113,1,-1,-1
64,39,536,0,238,113,1,-1,-1
65,39,536,0,238,113,1,-1,-1
66,39,536,0,238,113,1,-1,-1
67,39,536,0,238,113,1,-1,-1
68,39,536,0,238,113,1,-1,-1
69,39,536,0,238,113,1,-1,-1
70,39,536,0,238,113,1,-1,-1
71,39,536,0,238,113,1,-1,-1
72,39,536,0,238,113,1,-1,-1
73,39,536,0,238,113,1,-1,-1
74,39,536,0,238,113,1,-1,-1
75,39,536,0,238,113,1,-1,-1
76,39,536,0,238,113,1,-1,-1
77,39,536,0,238,113,1,-1,-1
78,39,536,0,238,113,1,-1,-1
79,39,536,0,238,113,1,-1,-1
80,39,536,0,238,113,1,-1,-1
81,39,536,0,238,113,1,-1,-1
82,39,536,0,238,113,1,-1,-1
83,39,536,0,238,113,1,-1,-1
84,39,536,0,238,113,1,-1,-1
85,39,536,0,238,113,1,-1,-1
86,39,536,0,238,113,1,-1,-1
87,39,536,0,238,113,1,-1,-1
88,39,536,0,238,113,1,-1,-1
89,39,536,0,238,113,1,-1,-1
90,39,536,0,238,113,1,-1,-1
91,39,536,0,238,113,1,-1,-1
92,39,536,0,238,113,1,-1,-1
93,39,536,0,238,113,1,-1,-1
94,39,536,0,238,113,1,-1,-1
95,39,536,0,238,113,1,-1,-1
96,39,536,0,238,113,1,-1,-1
97,39,536,0,238,113,1,-1,-1
98,39,536,0,238,113,1,-1,-1
99,39,536,0,238,113,1,-1,-1
100,39,536,0,238,113,1,-1,-1
101,39,536,0,238,113,1,-1,-1
102,39,536,0,238,113,1,-1,-1
103,39,536,0,238,113,1,-1,-1
104,39,536,0,238,113,1,-1,-1
105,39,536,0,238,113,1,-1,-1
106,39,536,0,238,113,1,-1,-1
107,39,536,0,238,113,1,-1,-1
108,39,536,0,238,113,1,-1,-1
109,39,536,0,238,113,1,-1,-1
110,39,536,0,238,113,1,-1,-1
111,39,536,0,238,113,1,-1,-1
112,39,536,0,238,113,1,-1,-1
113,39,536,0,238,113,1,-1,-1
114,39,536,0,238,113,1,-1,-1
115,39,536,0,238,113,1,-1,-1
116,39,536,0,238,113,1,-1,-1
117,39,536,0,238,113,1,-1,-1
118,39,536,0,238,113,1,-1,-1
119,39,536,0,238,113,1,-1,-1
120,39,536,0,238,113,1,-1,-1
121,39,536,0,238,113,1,-1,-1
122,39,536,0,238,113,1,-1,-1
123,39,536,0,238,113,1,-1,-1
124,39,536,0,238,113,1,-1,-1
125,39,536,0,238,113,1,-1,-1
126,39,536,0,238,113,1,-1,-1
127,39,536,0,238,113,1,-1,-1
128,39,536,0,238,113,1,-1,-1
129,39,536,0,238,113,1,-1,-1
130,39,536,0,238,113,1,-1,-1
131,39,536,0,238,113,1,-1,-1
132,39,536,0,238,113,1,-1,-1
133,39,536,0,238,113,1,-1,-1
134,39,536,0,238,113,1,-1,-1
135,39,536,0,238,113,1,-1,-1
136,39,536,0,238,113,1,-1,-1
137,39,536,0,238,113,1,-1,-1
138,39,536,0,238,113,1,-1,-1
139,39,536,0,238,113,1,-1,-1
140,39,536,0,238,113,1,-1,-1
141,39,536,0,238,113,1,-1,-1
142,39,536,0,238,113,1,-1,-1
143,39,536,0,238,113,1,-1,-1
144,39,536,0,238,113,1,-1,-1
145,39,536,0,238,113,1,-1,-1
146,39,536,0,238,113,1,-1,-1
147,39,536,0,238,113,1,-1,-1
148,39,536,0,238,113,1,-1,-1
149,39,536,0,238,113,1,-1,-1
150,39,536,0,238,113,1,-1,-1
151,39,536,0,238,113,1,-1,-1
152,39,536,0,238,113,1,-1,-1
153,39,536,0,238,113,1,-1,-1
154,39,536,0,238,113,1,-1,-1
155,39,536,0,238,113,1,-1,-1
156,39,536,0,238,113,1,-1,-1
157,39,536,0,238,113,1,-1,-1
158,39,536,0,238,113,1,-1,-1
159,39,536,0,238,113,1,-1,-1
160,39,536,0,238,113,1,-1,-1
161,39,536,0,238,113,1,-1,-1
162,39,536,0,238,113,1,-1,-1
163,39,536,0,238,113,1,-1,-1
164,39,536,0,238,113,1,-1,-1
165,39,536,0,238,113,1,-1,-1
166,39,536,0,238,113,1,-1,-1
167,39,536,0,238,113,1,-1,-1
168,39,536,0,238,113,1,-1,-1
169,39,536,0,238,113,1,-1,-1
170,39,536,0,238,113,1,-1,-1
171,39,536,0,238,113,1,-1,-1
172,39,536,0,238,113,1,-1,-1
173,39,536,0,238,113,1,-1,-1
174,39,536,0,238,113,1,-1,-1
175,39,536,0,238,113,1,-1,-1
176,39,536,0,238,113,1,-1,-1
177,39,536,0,238,113,1,-1,-1
178,39,536,0,238,113,1,-1,-1
179,39,536,0,238,113,1,-1,-1
180,39,536,0,238,113,1,-1,-1
181,39,536,0,238,113,1,-1,-1
182,39,536,0,238,113,1,-1,-1
183,39,536,0,238,113,1,-1,-1
184,39,536,0,238,113,1,-1,-1
185,39,536,0,238,113,1,-1,-1
186,39,536,0,238,113,1,-1,-1
187,39,536,0,238,113,1,-1,-1
188,39,536,0,238,113,1,-1,-1
189,39,536,0,238,113,1,-1,-1
190,39,536,0,238,113,1,-1,-1
191,39,536,0,238,113,1,-1,-1
192,39,536,0,238,113,1,-1,-1
193,39,536,0,238,113,1,-1,-1
194,39,536,0,238,113,1,-1,-1
195,39,536,0,238,113,1,-1,-1
196,39,536,0,238,113,1,-1,-1
197,39,536,0,238,113,1,-1,-1
198,39,536,0,238,113,1,-1,-1
199,39,536,0,238,113,1,-1,-1
200,39,536,0,238,113,1,-1,-1
201,39,536,0,238,113,1,-1,-1
202,39,536,0,238,113,1,-1,-1
203,39,536,0,238,113,1,-1,-1
204,39,536,0,238,113,1,-1,-1
205,39,536,0,238,113,1,-1,-1
206,39,536,0,238,113,1,-1,-1
207,39,536,0,238,113,1,-1,-1
208,39,536,0,238,113,1,-1,-1
209,39,536,0,238,113,1,-1,-1
210,39,536,0,238,113,1,-1,-1
211,39,536,0,238,113,1,-1,-1
212,39,536,0,238,113,1,-1,-1
213,39,536,0,238,113,1,-1,-1
214,39,536,0,238,113,1,-1,-1
215,39,536,0,238,113,1,-1,-1
216,39,536,0,238,113,1,-1,-1
217,39,536,0,238,113,1,-1,-1
218,39,536,0,238,113,1,-1,-1
219,39,536,0,238,113,1,-1,-1
220,39,536,0,238,113,1,-1,-1
221,39,536,0,238,113,1,-1,-1
222,39,536,0,238,113,1,-1,-1
223,39,536,0,238,113,1,-1,-1
224,39,536,0,238,113,1,-1,-1
225,39,536,0,238,113,1,-1,-1
226,39,536,0,238,113,1,-1,-1
227,39,536,0,238,113,1,-1,-1
228,39,536,0,238,113,1,-1,-1
229,39,536,0,238,113,1,-1,-1
230,39,536,0,238,113,1,-1,-1
231,39,536,0,238,113,1,-1,-1
232,39,536,0,238,113,1,-1,-1
233,39,536,0,238,113,1,-1,-1
234,39,536,0,238,113,1,-1,-1
235,39,536,0,238,113,1,-1,-1
236,39,536,0,238,113,1,-1,-1
237,39,536,0,238,113,1,-1,-1
238,39,536,0,238,113,1,-1,-1
239,39,536,0,238,113,1,-1,-1
240,39,536,0,238,113,1,-1,-1
241,39,536,0,238,113,1,-1,-1
242,39,536,0,238,113,1,-1,-1
243,39,536,0,238,113,1,-1,-1
244,39,536,0,238,113,1,-1,-1
245,39,536,0,238,113,1,-1,-1
246,39,536,0,238,113,1,-1,-1
247,39,536,0,238,113,1,-1,-1
248,39,536,0,238,113,1,-1,-1
249,39,536,0,238,113,1,-1,-1
250,39,536,0,238,113,1,-1,-1
251,39,536,0,238,113,1,-1,-1
252,39,536,0,238,113,1,-1,-1
253,39,536,0,238,113,1,-1,-1
254,39,536,0,238,113,1,-1,-1
255,39,536,0,238,113,1,-1,-1
256,39,536,0,238,113,1,-1,-1
257,39,536,0,238,113,1,-1,-1
258,39,536,0,238,113,1,-1,-1
259,39,536,0,238,113,1,-1,-1
260,39,536,0,238,113,1,-1,-1
261,39,536,0,238,113,1,-1,-1
262,39,536,0,238,113,1,-1,-1
263,39,536,0,238,113,1,-1,-1
264,39,536,0,238,113,1,-1,-1
265,39,536,0,238,113,1,-1,-1
266,39,536,0,238,113,1,-1,-1
267,39,536,0,238,113,1,-1,-1
268,39,536,0,238,113,1,-1,-1
269,39,536,0,238,113,1,-1,-1
270,39,536,0,238,113,1,-1,-1
271,39,536,0,238,113,1,-1,-1
272,39,536,0,238,113,1,-1,-1
273,39,536,0,238,113,1,-1,-1
274,39,536,0,238,113,1,-1,-1
275,39,536,0,238,113,1,-1,-1
276,39,536,0,238,113,1,-1,-1
277,39,536,0,238,113,1,-1,-1
278,39,536,0,238,113,1,-1,-1
279,39,536,0,238,113,1,-1,-1
280,39,536,0,238,113,1,-1,-1
281,39,536,0,238,113,1,-1,-1
282,39,536,0,238,113,1,-1,-1
283,39,536,0,238,113,1,-1,-1
284,39,536,0,238,113,1,-1,-1
285,39,536,0,238,113,1,-1,-1
286,39,536,0,238,113,1,-1,-1
287,39,536,0,238,113,1,-1,-1
288,39,536,0,238,113,1,-1,-1
289,39,536,0,238,113,1,-1,-1
290,39,536,0,238,113,1,-1,-1
291,39,536,0,238,113,1,-1,-1
292,39,536,0,238,113,1,-1,-1
293,39,536,0,238,113,1,-1,-1
294,39,536,0,238,113,1,-1,-1
295,39,536,0,238,113,1,-1,-1
296,39,536,0,238,113,1,-1,-1
297,39,536,0,238,113,1,-1,-1
298,39,536,0,238,113,1,-1,-1
299,39,536,0,238,113,1,-1,-1
300,39,536,0,238,113,1,-1,-1
301,39,536,0,238,113,1,-1,-1
302,39,536,0,242,112,1,-1,-1
303,39,536,0,246,111,1,-1,-1
304,39,537,0,249,111,1,-1,-1
305,39,537,0,253,110,1,-1,-1
306,39,538,0,256,110,1,-1,-1
307,39,538,0,260,109,1,-1,-1
308,39,539,0,263,109,1,-1,-1
309,39,539,0,267,108,1,-1,-1
310,39,540,0,271,108,1,-1,-1
311,39,540,0,275,107,1,-1,-1
312,39,540,0,279,106,1,-1,-1
313,39,541,0,282,106,1,-1,-1
314,39,541,0,286,105,1,-1,-1
315,39,542,0,289,105,1,-1,-1
316,39,542,0,293,104,1,-1,-1
317,39,543,0,296,104,1,-1,-1
318,39,543,0,300,103,1,-1,-1
319,39,544,0,304,103,1,-1,-1
320,39,544,0,304,103,1,-1,-1
321,39,544,0,304,103,1,-1,-1
322,39,544,0,304,103,1,-1,-1
323,39,544,0,304,103,1,-1,-1
324,39,544,0,304,103,1,-1,-1
325,39,544,0,304,103,1,-1,-1
326,39,544,0,304,103,1,-1,-1
327,39,544,0,304,103,1,-1,-1
328,39,544,0,304,103,1,-1,-1
329,39,544,0,304,103,1,-1,-1
330,39,544,0,304,103,1,-1,-1
331,39,544,0,304,103,1,-1,-1
332,39,544,0,304,103,1,-1,-1
333,39,544,0,304,103,1,-1,-1
334,39,544,0,304,103,1,-1,-1
335,39,544,0,304,103,1,-1,-1
336,39,544,0,304,103,1,-1,-1
337,39,544,0,304,103,1,-1,-1
338,39,544,0,304,103,1,-1,-1
339,39,544,0,304,103,1,-1,-1
340,39,544,0,304,103,1,-1,-1
341,39,544,0,304,103,1,-1,-1
342,39,544,0,304,103,1,-1,-1
343,39,544,0,304,103,1,-1,-1
344,39,544,0,304,103,1,-1,-1
345,39,544,0,304,103,1,-1,-1
346,39,544,0,304,103,1,-1,-1
347,39,544,0,304,103,1,-1,-1
348,39,544,0,304,103,1,-1,-1
349,39,544,0,304,103,1,-1,-1
350,39,544,0,304,103,1,-1,-1
351,39,544,0,304,103,1,-1,-1
352,39,544,0,304,103,1,-1,-1
353,39,544,0,304,103,1,-1,-1
354,39,544,0,304,103,1,-1,-1
355,39,544,0,304,103,1,-1,-1
356,39,544,0,304,103,1,-1,-1
357,39,544,0,304,103,1,-1,-1
358,39,544,0,304,103,1,-1,-1
359,39,544,0,304,103,1,-1,-1
360,39,544,0,304,103,1,-1,-1
361,39,544,0,304,103,1,-1,-1
362,39,544,0,304,103,1,-1,-1
363,39,544,0,304,103,1,-1,-1
364,39,544,0,304,103,1,-1,-1
365,39,544,0,304,103,1,-1,-1
366,39,544,0,304,103,1,-1,-1
367,39,544,0,304,103,1,-1,-1
368,39,544,0,304,103,1,-1,-1
369,39,544,0,304,103,1,-1,-1
370,39,544,0,304,103,1,-1,-1
371,39,544,0,304,103,1,-1,-1
372,39,544,0,304,103,1,-1,-1
373,39,544,0,304,103,1,-1,-1
374,39,544,0,304,103,1,-1,-1
375,39,544,0,304,103,1,-1,-1
376,39,544,0,304,103,1,-1,-1
377,39,544,0,304,103,1,-1,-1
378,39,544,0,304,103,1,-1,-1
379,39,544,0,304,103,1,-1,-1
380,39,544,0,304,103,1,-1,-1
381,39,544,0,304,103,1,-1,-1
382,39,544,0,304,103,1,-1,-1
383,39,544,0,304,103,1,-1,-1
384,39,544,0,304,103,1,-1,-1
385,39,544,0,304,103,1,-1,-1
386,39,544,0,304,103,1,-1,-1
387,39,544,0,304,103,1,-1,-1
388,39,544,0,304,103,1,-1,-1
389,39,544,0,304,103,1,-1,-1
390,39,544,0,304,103,1,-1,-1
391,39,544,0,304,103,1,-1,-1
392,39,544,0,304,103,1,-1,-1
393,39,544,0,304,103,1,-1,-1
394,39,544,0,304,103,1,-1,-1
395,39,544,0,304,103,1,-1,-1
396,39,544,0,304,103,1,-1,-1
397,39,544,0,304,103,1,-1,-1
398,39,544,0,304,103,1,-1,-1
399,39,544,0,304,103,1,-1,-1
400,39,544,0,304,103,1,-1,-1
401,39,544,0,304,103,1,-1,-1
402,39,544,0,304,103,1,-1,-1
403,39,544,0,304,103,1,-1,-1
404,39,544,0,304,103,1,-1,-1
405,39,544,0,304,103,1,-1,-1
406,39,544,0,304,103,1,-1,-1
407,39,544,0,304,103,1,-1,-1
408,39,544,0,304,103,1,-1,-1
409,39,544,0,304,103,1,-1,-1
410,39,544,0,304,103,1,-1,-1
411,39,544,0,304,103,1,-1,-1
412,39,544,0,304,103,1,-1,-1
413,39,544,0,304,103,1,-1,-1
414,39,544,0,304,103,1,-1,-1
415,39,544,0,304,103,1,-1,-1
416,39,544,0,304,103,1,-1,-1
417,39,544,0,304,103,1,-1,-1
418,39,544,0,304,103,1,-1,-1
419,39,544,0,304,103,1,-1,-1
420,39,544,0,304,103,1,-1,-1
421,39,544,0,304,103,1,-1,-1
422,39,544,0,304,103,1,-1,-1
423,39,544,0,304,103,1,-1,-1
424,39,544,0,304,103,1,-1,-1
425,39,544,0,304,103,1,-1,-1
426,39,544,0,304,103,1,-1,-1
427,39,544,0,304,103,1,-1,-1
428,39,544,0,304,103,1,-1,-1
429,39,544,0,304,103,1,-1,-1
430,39,544,0,304,103,1,-1,-1
431,39,544,0,304,103,1,-1,-1
432,39,544,0,304,103,1,-1,-1
433,39,544,0,304,103,1,-1,-1
434,39,544,0,304,103,1,-1,-1
435,39,544,0,304,103,1,-1,-1
436,39,544,0,304,103,1,-1,-1
437,39,544,0,304,103,1,-1,-1
438,39,544,0,304,103,1,-1,-1
439,39,544,0,304,103,1,-1,-1
440,39,544,0,304,103,1,-1,-1
441,39,544,0,304,103,1,-1,-1
442,39,544,0,304,103,1,-1,-1
443,39,544,0,304,103,1,-1,-1
444,39,544,0,304,103,1,-1,-1
445,39,544,0,304,103,1,-1,-1
301,40,0,0,400,84,1,-1,-1
302,40,8,0,392,84,1,-1,-1
303,40,17,0,383,84,1,-1,-1
304,40,26,0,374,84,1,-1,-1
305,40,35,0,365,84,1,-1,-1
306,40,43,0,357,84,1,-1,-1
307,40,52,0,348,84,1,-1,-1
308,40,61,0,339,84,1,-1,-1
309,40,70,0,330,84,1,-1,-1
310,40,79,0,321,84,1,-1,-1
311,40,87,0,313,84,1,-1,-1
312,40,96,0,304,84,1,-1,-1
313,40,105,0,295,84,1,-1,-1
314,40,114,0,286,84,1,-1,-1
315,40,122,0,278,84,1,-1,-1
316,40,131,0,269,84,1,-1,-1
317,40,140,0,260,84,1,-1,-1
318,40,149,0,251,84,1,-1,-1
319,40,158,0,243,84,1,-1,-1
320,40,158,0,243,84,1,-1,-1
321,40,158,0,243,84,1,-1,-1
322,40,158,0,243,84,1,-1,-1
323,40,158,0,243,84,1,-1,-1
324,40,158,0,243,84,1,-1,-1
325,40,158,0,243,84,1,-1,-1
326,40,158,0,243,84,1,-1,-1
327,40,158,0,243,84,1,-1,-1
328,40,158,0,243,84,1,-1,-1
329,40,158,0,243,84,1,-1,-1
330,40,158,0,243,84,1,-1,-1
331,40,158,0,243,84,1,-1,-1
332,40,158,0,243,84,1,-1,-1
333,40,158,0,243,84,1,-1,-1
334,40,158,0,243,84,1,-1,-1
335,40,158,0,243,84,1,-1,-1
336,40,158,0,243,84,1,-1,-1
337,40,158,0,243,84,1,-1,-1
338,40,158,0,243,84,1,-1,-1
339,40,158,0,243,84,1,-1,-1
340,40,158,0,243,84,1,-1,-1
341,40,158,0,243,84,1,-1,-1
342,40,158,0,243,84,1,-1,-1
343,40,158,0,243,84,1,-1,-1
344,40,158,0,243,84,1,-1,-1
345,40,158,0,243,84,1,-1,-1
346,40,158,0,243,84,1,-1,-1
347,40,158,0,243,84,1,-1,-1
348,40,158,0,243,84,1,-1,-1
349,40,158,0,243,84,1,-1,-1
350,40,158,0,243,84,1,-1,-1
351,40,158,0,243,84,1,-1,-1
352,40,158,0,243,84,1,-1,-1
353,40,158,0,243,84,1,-1,-1
354,40,158,0,243,84,1,-1,-1
355,40,158,0,243,84,1,-1,-1
356,40,158,0,243,84,1,-1,-1
357,40,158,0,243,84,1,-1,-1
358,40,158,0,243,84,1,-1,-1
359,40,158,0,243,84,1,-1,-1
360,40,158,0,243,84,1,-1,-1
361,40,158,0,243,84,1,-1,-1
362,40,158,0,243,84,1,-1,-1
363,40,158,0,243,84,1,-1,-1
364,40,158,0,243,84,1,-1,-1
365,40,158,0,243,84,1,-1,-1
366,40,158,0,243,84,1,-1,-1
367,40,158,0,243,84,1,-1,-1
368,40,158,0,243,84,1,-1,-1
369,40,158,0,243,84,1,-1,-1
370,40,158,0,243,84,1,-1,-1
371,40,158,0,243,84,1,-1,-1
372,40,158,0,243,84,1,-1,-1
373,40,158,0,243,84,1,-1,-1
374,40,158,0,243,84,1,-1,-1
375,40,158,0,243,84,1,-1,-1
376,40,158,0,243,84,1,-1,-1
377,40,158,0,243,84,1,-1,-1
378,40,158,0,243,84,1,-1,-1
379,40,158,0,243,84,1,-1,-1
380,40,158,0,243,84,1,-1,-1
381,40,158,0,243,84,1,-1,-1
382,40,158,0,243,84,1,-1,-1
383,40,158,0,243,84,1,-1,-1
384,40,158,0,243,84,1,-1,-1
385,40,158,0,243,84,1,-1,-1
386,40,158,0,243,84,1,-1,-1
387,40,158,0,243,84,1,-1,-1
388,40,158,0,243,84,1,-1,-1
389,40,158,0,243,84,1,-1,-1
390,40,158,0,243,84,1,-1,-1
391,40,158,0,243,84,1,-1,-1
392,40,158,0,243,84,1,-1,-1
393,40,158,0,243,84,1,-1,-1
394,40,158,0,243,84,1,-1,-1
395,40,158,0,243,84,1,-1,-1
396,40,158,0,243,84,1,-1,-1
397,40,158,0,243,84,1,-1,-1
398,40,158,0,243,84,1,-1,-1
399,40,158,0,243,84,1,-1,-1
400,40,158,0,243,84,1,-1,-1
401,40,158,0,243,84,1,-1,-1
402,40,158,0,243,84,1,-1,-1
403,40,158,0,243,84,1,-1,-1
404,40,158,0,243,84,1,-1,-1
405,40,158,0,243,84,1,-1,-1
406,40,158,0,243,84,1,-1,-1
407,40,158,0,243,84,1,-1,-1
408,40,158,0,243,84,1,-1,-1
409,40,158,0,243,84,1,-1,-1
410,40,158,0,243,84,1,-1,-1
411,40,158,0,243,84,1,-1,-1
412,40,158,0,243,84,1,-1,-1
413,40,158,0,243,84,1,-1,-1
414,40,158,0,243,84,1,-1,-1
415,40,158,0,243,84,1,-1,-1
416,40,158,0,243,84,1,-1,-1
417,40,158,0,243,84,1,-1,-1
418,40,158,0,243,84,1,-1,-1
419,40,158,0,243,84,1,-1,-1
420,40,158,0,243,84,1,-1,-1
421,40,158,0,243,84,1,-1,-1
422,40,158,0,243,84,1,-1,-1
423,40,158,0,243,84,1,-1,-1
424,40,158,0,243,84,1,-1,-1
425,40,158,0,243,84,1,-1,-1
426,40,158,0,243,84,1,-1,-1
427,40,158,0,243,84,1,-1,-1
428,40,158,0,243,84,1,-1,-1
429,40,158,0,243,84,1,-1,-1
430,40,158,0,243,84,1,-1,-1
431,40,158,0,243,84,1,-1,-1
432,40,158,0,243,84,1,-1,-1
433,40,158,0,243,84,1,-1,-1
434,40,158,0,243,84,1,-1,-1
435,40,158,0,243,84,1,-1,-1
436,40,158,0,243,84,1,-1,-1
437,40,158,0,243,84,1,-1,-1
438,40,158,0,243,84,1,-1,-1
439,40,158,0,243,84,1,-1,-1
440,40,158,0,243,84,1,-1,-1
441,40,158,0,243,84,1,-1,-1
442,40,158,0,243,84,1,-1,-1
443,40,158,0,243,84,1,-1,-1
444,40,158,0,243,84,1,-1,-1
445,40,158,0,243,84,1,-1,-1
