901,1,384,0,248,92,1,-1,-1
902,1,383,0,248,92,1,-1,-1
903,1,383,0,248,92,1,-1,-1
904,1,383,0,248,92,1,-1,-1
905,1,383,0,248,92,1,-1,-1
906,1,383,0,248,92,1,-1,-1
907,1,383,0,248,93,1,-1,-1
908,1,383,0,248,93,1,-1,-1
909,1,383,0,248,93,1,-1,-1
910,1,383,0,248,93,1,-1,-1
911,1,383,0,248,93,1,-1,-1
912,1,383,0,248,93,1,-1,-1
913,1,383,0,248,94,1,-1,-1
914,1,383,0,248,94,1,-1,-1
915,1,383,0,248,94,1,-1,-1
916,1,383,0,248,94,1,-1,-1
917,1,383,0,248,94,1,-1,-1
918,1,383,0,248,95,1,-1,-1
919,1,383,0,248,95,1,-1,-1
920,1,383,0,248,95,1,-1,-1
921,1,383,0,248,95,1,-1,-1
922,1,383,0,248,95,1,-1,-1
923,1,383,0,248,95,1,-1,-1
924,1,383,0,248,96,1,-1,-1
925,1,383,0,247,96,1,-1,-1
926,1,383,0,247,96,1,-1,-1
927,1,383,0,247,96,1,-1,-1
928,1,383,0,247,96,1,-1,-1
929,1,383,0,247,96,1,-1,-1
930,1,383,0,247,97,1,-1,-1
931,1,383,0,247,97,1,-1,-1
932,1,383,0,247,97,1,-1,-1
933,1,383,0,247,97,1,-1,-1
934,1,383,0,247,97,1,-1,-1
935,1,383,0,247,98,1,-1,-1
936,1,383,0,247,98,1,-1,-1
937,1,383,0,247,98,1,-1,-1
938,1,383,0,247,98,1,-1,-1
939,1,383,0,247,98,1,-1,-1
940,1,383,0,247,98,1,-1,-1
941,1,383,0,247,99,1,-1,-1
942,1,383,0,247,99,1,-1,-1
943,1,383,0,247,99,1,-1,-1
944,1,383,0,247,99,1,-1,-1
945,1,383,0,247,99,1,-1,-1
946,1,383,0,247,99,1,-1,-1
947,1,383,0,247,100,1,-1,-1
948,1,383,0,247,100,1,-1,-1
949,1,383,0,246,100,1,-1,-1
950,1,383,0,246,100,1,-1,-1
951,1,383,0,246,100,1,-1,-1
952,1,383,0,246,101,1,-1,-1
953,1,383,0,246,101,1,-1,-1
954,1,383,0,246,101,1,-1,-1
955,1,383,0,246,101,1,-1,-1
956,1,383,0,246,101,1,-1,-1
957,1,383,0,246,101,1,-1,-1
958,1,383,0,246,102,1,-1,-1
959,1,383,0,246,102,1,-1,-1
960,1,383,0,246,102,1,-1,-1
961,1,383,0,246,102,1,-1,-1
962,1,383,0,246,102,1,-1,-1
963,1,383,0,246,102,1,-1,-1
964,1,383,0,246,103,1,-1,-1
965,1,383,0,246,103,1,-1,-1
966,1,383,0,246,103,1,-1,-1
967,1,383,0,246,103,1,-1,-1
968,1,383,0,246,103,1,-1,-1
969,1,383,0,246,104,1,-1,-1
970,1,383,0,246,104,1,-1,-1
971,1,383,0,246,104,1,-1,-1
972,1,383,0,246,104,1,-1,-1
973,1,383,0,245,104,1,-1,-1
974,1,383,0,245,104,1,-1,-1
975,1,383,0,245,105,1,-1,-1
976,1,383,0,245,105,1,-1,-1
977,1,383,0,245,105,1,-1,-1
978,1,383,0,245,105,1,-1,-1
979,1,383,0,245,105,1,-1,-1
980,1,383,0,245,105,1,-1,-1
981,1,383,0,245,106,1,-1,-1
982,1,383,0,245,106,1,-1,-1
983,1,383,0,245,106,1,-1,-1
984,1,383,0,245,106,1,-1,-1
985,1,383,0,245,106,1,-1,-1
986,1,383,0,245,107,1,-1,-1
987,1,383,0,245,107,1,-1,-1
988,1,383,0,245,107,1,-1,-1
989,1,383,0,245,107,1,-1,-1
990,1,383,0,245,107,1,-1,-1
991,1,383,0,245,107,1,-1,-1
992,1,383,0,245,108,1,-1,-1
993,1,383,0,245,108,1,-1,-1
994,1,383,0,245,108,1,-1,-1
995,1,383,0,245,108,1,-1,-1
996,1,383,0,245,108,1,-1,-1
997,1,383,0,244,108,1,-1,-1
998,1,383,0,244,109,1,-1,-1
999,1,383,0,244,109,1,-1,-1
1000,1,383,0,244,109,1,-1,-1
1001,1,383,0,244,109,1,-1,-1
1002,1,383,0,244,109,1,-1,-1
1003,1,383,0,244,110,1,-1,-1
1004,1,383,0,244,110,1,-1,-1
1005,1,383,0,244,110,1,-1,-1
1006,1,383,0,244,110,1,-1,-1
1007,1,383,0,244,110,1,-1,-1
1008,1,383,0,244,110,1,-1,-1
1009,1,383,0,244,111,1,-1,-1
1010,1,383,0,244,111,1,-1,-1
1011,1,383,0,244,111,1,-1,-1
1012,1,383,0,244,111,1,-1,-1
1013,1,383,0,244,111,1,-1,-1
1014,1,383,0,244,111,1,-1,-1
1015,1,383,0,244,112,1,-1,-1
1016,1,383,0,244,112,1,-1,-1
1017,1,383,0,244,112,1,-1,-1
1018,1,383,0,244,112,1,-1,-1
1019,1,383,0,244,112,1,-1,-1
1020,1,383,0,244,113,1,-1,-1
1021,1,383,0,244,113,1,-1,-1
1022,1,383,0,244,113,1,-1,-1
1023,1,383,0,244,114,1,-1,-1
1024,1,383,0,244,114,1,-1,-1
1025,1,383,0,244,115,1,-1,-1
1026,1,383,0,244,115,1,-1,-1
1027,1,383,0,244,116,1,-1,-1
1028,1,383,0,244,116,1,-1,-1
1029,1,383,0,244,117,1,-1,-1
1030,1,383,0,244,117,1,-1,-1
1031,1,383,0,244,117,1,-1,-1
1032,1,383,0,244,118,1,-1,-1
1033,1,383,0,244,118,1,-1,-1
1034,1,383,0,244,119,1,-1,-1
1035,1,383,0,244,119,1,-1,-1
1036,1,383,0,245,120,1,-1,-1
1037,1,383,0,245,120,1,-1,-1
1038,1,383,0,245,121,1,-1,-1
1039,1,383,0,245,121,1,-1,-1
1040,1,383,0,245,121,1,-1,-1
1041,1,383,0,245,122,1,-1,-1
1042,1,383,0,245,122,1,-1,-1
1043,1,383,0,245,123,1,-1,-1
1044,1,383,0,245,123,1,-1,-1
1045,1,383,0,245,124,1,-1,-1
1046,1,383,0,245,124,1,-1,-1
1047,1,383,0,245,125,1,-1,-1
1048,1,383,0,245,125,1,-1,-1
1049,1,383,0,245,125,1,-1,-1
1050,1,383,0,245,126,1,-1,-1
1051,1,383,0,245,126,1,-1,-1
1052,1,383,0,246,127,1,-1,-1
1053,1,383,0,246,127,1,-1,-1
1054,1,383,0,246,128,1,-1,-1
1055,1,383,0,246,128,1,-1,-1
1056,1,383,0,246,129,1,-1,-1
1057,1,383,0,246,129,1,-1,-1
1058,1,383,0,246,129,1,-1,-1
1059,1,383,0,246,130,1,-1,-1
1060,1,383,0,246,130,1,-1,-1
1061,1,383,0,246,131,1,-1,-1
1062,1,383,0,246,131,1,-1,-1
1063,1,383,0,246,132,1,-1,-1
1064,1,383,0,246,132,1,-1,-1
1065,1,383,0,246,133,1,-1,-1
1066,1,383,0,246,133,1,-1,-1
1067,1,384,0,246,134,1,-1,-1
1068,1,383,0,246,134,1,-1,-1
1069,1,383,0,246,134,1,-1,-1
1070,1,383,0,246,135,1,-1,-1
1071,1,383,0,246,135,1,-1,-1
1072,1,383,0,246,135,1,-1,-1
1073,1,383,0,246,136,1,-1,-1
1074,1,383,0,246,136,1,-1,-1
1075,1,383,0,246,136,1,-1,-1
1076,1,383,0,246,137,1,-1,-1
1077,1,383,0,246,137,1,-1,-1
1078,1,383,0,245,137,1,-1,-1
1079,1,383,0,245,138,1,-1,-1
1080,1,383,0,245,138,1,-1,-1
1081,1,383,0,245,138,1,-1,-1
1082,1,383,0,245,139,1,-1,-1
1083,1,383,0,245,139,1,-1,-1
1084,1,383,0,245,139,1,-1,-1
1085,1,383,0,245,140,1,-1,-1
1086,1,383,0,245,140,1,-1,-1
1087,1,383,0,245,140,1,-1,-1
1088,1,383,0,244,141,1,-1,-1
1089,1,383,0,244,141,1,-1,-1
1090,1,383,0,244,141,1,-1,-1
1091,1,383,0,244,142,1,-1,-1
1092,1,383,0,244,142,1,-1,-1
1093,1,383,0,244,142,1,-1,-1
1094,1,383,0,244,143,1,-1,-1
1095,1,383,0,244,143,1,-1,-1
1096,1,383,0,244,143,1,-1,-1
1097,1,383,0,244,144,1,-1,-1
1098,1,382,0,244,144,1,-1,-1
1099,1,382,0,244,144,1,-1,-1
1100,1,382,0,244,145,1,-1,-1
1101,1,382,0,244,145,1,-1,-1
1102,1,382,0,244,146,1,-1,-1
1103,1,382,0,244,146,1,-1,-1
1104,1,382,0,244,146,1,-1,-1
1105,1,382,0,244,147,1,-1,-1
1106,1,382,0,244,147,1,-1,-1
1107,1,382,0,244,148,1,-1,-1
1108,1,382,0,244,148,1,-1,-1
1109,1,382,0,244,148,1,-1,-1
1110,1,382,0,243,149,1,-1,-1
1111,1,382,0,243,149,1,-1,-1
1112,1,382,0,243,150,1,-1,-1
1113,1,382,0,243,150,1,-1,-1
1114,1,382,0,243,150,1,-1,-1
1115,1,382,0,243,151,1,-1,-1
1116,1,382,0,243,151,1,-1,-1
1117,1,382,0,243,152,1,-1,-1
1118,1,382,0,243,152,1,-1,-1
1119,1,382,0,243,152,1,-1,-1
1120,1,382,0,243,153,1,-1,-1
1121,1,382,0,243,153,1,-1,-1
1122,1,382,0,243,154,1,-1,-1
1123,1,382,0,243,154,1,-1,-1
1124,1,382,0,243,154,1,-1,-1
1125,1,382,0,243,154,1,-1,-1
1126,1,382,0,243,154,1,-1,-1
1127,1,382,0,243,154,1,-1,-1
1128,1,382,1,243,153,1,-1,-1
1129,1,382,1,243,153,1,-1,-1
1130,1,382,1,243,153,1,-1,-1
1131,1,382,1,243,153,1,-1,-1
1132,1,382,1,244,153,1,-1,-1
1133,1,382,1,244,153,1,-1,-1
1134,1,382,2,244,152,1,-1,-1
1135,1,382,2,244,152,1,-1,-1
1136,1,382,2,244,152,1,-1,-1
1137,1,382,2,244,152,1,-1,-1
1138,1,382,2,244,152,1,-1,-1
1139,1,382,2,244,152,1,-1,-1
1140,1,382,3,244,151,1,-1,-1
1141,1,382,3,244,151,1,-1,-1
1142,1,382,3,245,152,1,-1,-1
1143,1,382,3,245,152,1,-1,-1
1144,1,382,3,245,152,1,-1,-1
1145,1,382,3,245,152,1,-1,-1
1146,1,382,4,245,151,1,-1,-1
1147,1,382,4,245,151,1,-1,-1
1148,1,382,4,245,151,1,-1,-1
1149,1,382,4,245,151,1,-1,-1
1150,1,382,4,245,151,1,-1,-1
1151,1,382,4,245,151,1,-1,-1
1152,1,383,5,245,150,1,-1,-1
1153,1,383,5,245,150,1,-1,-1
1154,1,383,5,245,150,1,-1,-1
1155,1,383,5,245,150,1,-1,-1
1156,1,383,5,245,150,1,-1,-1
1157,1,383,5,245,150,1,-1,-1
1158,1,383,6,245,149,1,-1,-1
1159,1,383,6,245,149,1,-1,-1
1160,1,383,6,245,149,1,-1,-1
1161,1,383,6,245,149,1,-1,-1
1162,1,383,6,246,150,1,-1,-1
1163,1,383,6,246,150,1,-1,-1
1164,1,383,7,246,149,1,-1,-1
1165,1,383,7,246,149,1,-1,-1
1166,1,383,7,246,149,1,-1,-1
1167,1,383,7,246,149,1,-1,-1
1168,1,383,7,246,149,1,-1,-1
1169,1,383,7,246,149,1,-1,-1
1170,1,383,8,246,148,1,-1,-1
1171,1,383,8,246,148,1,-1,-1
1172,1,383,8,247,148,1,-1,-1
1173,1,383,8,247,148,1,-1,-1
1174,1,383,8,247,148,1,-1,-1
1175,1,383,8,247,148,1,-1,-1
1176,1,383,9,247,147,1,-1,-1
1177,1,383,9,247,147,1,-1,-1
1178,1,383,9,247,147,1,-1,-1
1179,1,383,9,247,147,1,-1,-1
1180,1,383,9,247,147,1,-1,-1
1181,1,383,9,247,147,1,-1,-1
1182,1,384,10,247,147,1,-1,-1
1,2,600,28,146,77,1,-1,-1
2,2,601,27,144,78,1,-1,-1
3,2,602,27,143,78,1,-1,-1
4,2,603,27,142,78,1,-1,-1
5,2,604,27,141,78,1,-1,-1
6,2,605,27,140,78,1,-1,-1
7,2,606,27,139,78,1,-1,-1
8,2,607,27,138,78,1,-1,-1
9,2,608,27,137,78,1,-1,-1
10,2,609,27,136,78,1,-1,-1
11,2,610,27,135,79,1,-1,-1
12,2,611,26,137,80,1,-1,-1
13,2,613,26,138,80,1,-1,-1
14,2,615,26,139,80,1,-1,-1
15,2,616,26,141,80,1,-1,-1
16,2,618,26,143,81,1,-1,-1
17,2,620,25,144,82,1,-1,-1
18,2,621,25,146,82,1,-1,-1
19,2,623,25,147,82,1,-1,-1
20,2,625,25,148,82,1,-1,-1
21,2,627,25,150,83,1,-1,-1
22,2,629,24,152,84,1,-1,-1
23,2,632,24,153,85,1,-1,-1
24,2,635,23,154,87,1,-1,-1
25,2,638,23,155,88,1,-1,-1
26,2,641,23,156,89,1,-1,-1
27,2,644,22,157,90,1,-1,-1
28,2,647,22,158,91,1,-1,-1
29,2,650,21,159,93,1,-1,-1
30,2,653,21,160,94,1,-1,-1
31,2,656,21,162,95,1,-1,-1
32,2,655,22,162,94,1,-1,-1
33,2,655,23,162,93,1,-1,-1
34,2,655,24,161,92,1,-1,-1
35,2,655,25,161,91,1,-1,-1
36,2,655,27,161,90,1,-1,-1
37,2,654,28,161,89,1,-1,-1
38,2,654,29,161,88,1,-1,-1
39,2,654,30,160,87,1,-1,-1
40,2,654,31,160,86,1,-1,-1
41,2,654,33,160,85,1,-1,-1
42,2,656,32,162,86,1,-1,-1
43,2,658,32,164,87,1,-1,-1
44,2,660,32,167,87,1,-1,-1
45,2,663,31,168,89,1,-1,-1
46,2,665,31,171,89,1,-1,-1
47,2,667,31,173,90,1,-1,-1
48,2,670,30,174,91,1,-1,-1
49,2,672,30,177,92,1,-1,-1
50,2,674,30,179,92,1,-1,-1
51,2,677,30,181,93,1,-1,-1
52,2,679,31,181,93,1,-1,-1
53,2,681,32,181,93,1,-1,-1
54,2,683,33,181,93,1,-1,-1
55,2,685,34,181,93,1,-1,-1
56,2,687,35,181,93,1,-1,-1
57,2,689,36,181,93,1,-1,-1
58,2,691,37,181,93,1,-1,-1
59,2,693,38,181,93,1,-1,-1
60,2,695,39,181,93,1,-1,-1
61,2,698,40,181,93,1,-1,-1
62,2,697,40,181,93,1,-1,-1
63,2,697,40,181,93,1,-1,-1
64,2,697,40,181,93,1,-1,-1
65,2,697,40,181,93,1,-1,-1
66,2,697,40,181,93,1,-1,-1
67,2,697,40,181,93,1,-1,-1
68,2,697,40,181,93,1,-1,-1
69,2,697,40,181,93,1,-1,-1
70,2,697,40,181,93,1,-1,-1
71,2,697,40,181,94,1,-1,-1
72,2,697,40,180,94,1,-1,-1
73,2,697,40,180,94,1,-1,-1
74,2,697,40,180,94,1,-1,-1
75,2,697,40,180,94,1,-1,-1
76,2,697,40,180,94,1,-1,-1
77,2,697,40,180,94,1,-1,-1
78,2,697,40,180,94,1,-1,-1
79,2,697,40,180,94,1,-1,-1
80,2,697,40,180,94,1,-1,-1
81,2,697,40,180,95,1,-1,-1
82,2,697,40,179,95,1,-1,-1
83,2,697,40,179,96,1,-1,-1
84,2,697,40,179,96,1,-1,-1
85,2,697,40,179,97,1,-1,-1
86,2,697,40,179,98,1,-1,-1
87,2,697,40,179,98,1,-1,-1
88,2,697,40,179,99,1,-1,-1
89,2,697,40,179,99,1,-1,-1
90,2,697,40,179,100,1,-1,-1
91,2,697,40,179,101,1,-1,-1
92,2,696,40,182,101,1,-1,-1
93,2,696,40,185,102,1,-1,-1
94,2,696,40,188,102,1,-1,-1
95,2,696,40,191,103,1,-1,-1
96,2,696,40,194,103,1,-1,-1
97,2,695,40,197,104,1,-1,-1
98,2,695,40,200,104,1,-1,-1
99,2,695,40,203,105,1,-1,-1
100,2,695,40,206,105,1,-1,-1
101,2,695,40,209,106,1,-1,-1
102,2,695,40,209,106,1,-1,-1
103,2,695,40,210,107,1,-1,-1
104,2,695,40,210,107,1,-1,-1
105,2,695,40,211,108,1,-1,-1
106,2,695,40,211,108,1,-1,-1
107,2,695,40,212,109,1,-1,-1
108,2,695,40,212,109,1,-1,-1
109,2,695,40,213,110,1,-1,-1
110,2,695,40,213,110,1,-1,-1
111,2,695,40,214,111,1,-1,-1
112,2,695,40,215,111,1,-1,-1
113,2,695,40,217,112,1,-1,-1
114,2,696,40,218,112,1,-1,-1
115,2,696,40,220,113,1,-1,-1
116,2,697,40,221,113,1,-1,-1
117,2,697,40,223,114,1,-1,-1
118,2,697,40,225,114,1,-1,-1
119,2,698,40,226,115,1,-1,-1
120,2,698,40,228,115,1,-1,-1
121,2,699,40,229,116,1,-1,-1
122,2,699,40,230,116,1,-1,-1
123,2,699,40,232,117,1,-1,-1
124,2,700,40,233,117,1,-1,-1
125,2,700,40,235,118,1,-1,-1
126,2,701,40,236,118,1,-1,-1
127,2,701,40,238,119,1,-1,-1
128,2,701,40,240,119,1,-1,-1
129,2,702,40,241,120,1,-1,-1
130,2,702,40,243,120,1,-1,-1
131,2,703,40,244,121,1,-1,-1
132,2,705,39,242,122,1,-1,-1
133,2,707,38,240,123,1,-1,-1
134,2,710,38,237,123,1,-1,-1
135,2,712,37,235,125,1,-1,-1
136,2,715,37,233,125,1,-1,-1
137,2,717,36,231,126,1,-1,-1
138,2,719,35,229,128,1,-1,-1
139,2,722,35,226,128,1,-1,-1
140,2,724,34,224,129,1,-1,-1
141,2,727,34,222,130,1,-1,-1
142,2,727,34,222,130,1,-1,-1
143,2,728,34,222,131,1,-1,-1
144,2,729,34,222,132,1,-1,-1
145,2,729,34,223,132,1,-1,-1
146,2,730,34,223,133,1,-1,-1
147,2,731,35,223,133,1,-1,-1
148,2,732,35,222,133,1,-1,-1
149,2,733,36,222,132,1,-1,-1
150,2,734,37,222,131,1,-1,-1
151,2,735,38,222,130,1,-1,-1
152,2,734,37,223,132,1,-1,-1
153,2,734,37,223,133,1,-1,-1
154,2,734,36,223,136,1,-1,-1
155,2,733,36,224,137,1,-1,-1
156,2,733,35,224,139,1,-1,-1
157,2,733,35,224,141,1,-1,-1
158,2,733,35,225,139,1,-1,-1
159,2,733,35,226,138,1,-1,-1
160,2,733,35,228,137,1,-1,-1
161,2,733,35,229,136,1,-1,-1
162,2,733,35,231,135,1,-1,-1
163,2,732,35,232,136,1,-1,-1
164,2,732,35,233,138,1,-1,-1
165,2,732,36,233,139,1,-1,-1
166,2,732,36,234,141,1,-1,-1
167,2,732,37,235,142,1,-1,-1
168,2,732,37,235,141,1,-1,-1
169,2,732,38,235,139,1,-1,-1
170,2,732,39,235,138,1,-1,-1
171,2,732,40,235,136,1,-1,-1
172,2,733,41,234,135,1,-1,-1
173,2,732,41,236,135,1,-1,-1
174,2,732,41,237,135,1,-1,-1
175,2,731,41,239,135,1,-1,-1
176,2,731,42,240,134,1,-1,-1
177,2,730,42,243,135,1,-1,-1
178,2,730,42,244,135,1,-1,-1
179,2,729,43,246,134,1,-1,-1
180,2,729,43,247,134,1,-1,-1
181,2,728,43,249,134,1,-1,-1
182,2,728,44,251,134,1,-1,-1
183,2,728,43,258,136,1,-1,-1
184,2,729,43,265,138,1,-1,-1
185,2,730,42,271,141,1,-1,-1
186,2,731,42,278,143,1,-1,-1
187,2,732,42,285,145,1,-1,-1
188,2,733,42,278,145,1,-1,-1
189,2,734,42,271,145,1,-1,-1
190,2,736,43,264,144,1,-1,-1
191,2,737,43,257,144,1,-1,-1
192,2,739,44,250,144,1,-1,-1
193,2,739,44,256,144,1,-1,-1
194,2,739,44,262,145,1,-1,-1
195,2,739,45,268,144,1,-1,-1
196,2,739,45,274,145,1,-1,-1
197,2,740,46,279,145,1,-1,-1
198,2,740,47,279,144,1,-1,-1
199,2,741,48,278,144,1,-1,-1
200,2,742,49,277,143,1,-1,-1
201,2,743,50,276,143,1,-1,-1
202,2,744,51,275,142,1,-1,-1
203,2,745,52,274,142,1,-1,-1
204,2,746,53,273,141,1,-1,-1
205,2,747,54,272,141,1,-1,-1
206,2,748,55,271,140,1,-1,-1
207,2,749,57,271,139,1,-1,-1
208,2,745,57,275,139,1,-1,-1
209,2,742,58,278,138,1,-1,-1
210,2,739,59,281,137,1,-1,-1
211,2,735,60,285,137,1,-1,-1
212,2,732,61,288,136,1,-1,-1
213,2,729,61,291,136,1,-1,-1
214,2,725,62,295,136,1,-1,-1
215,2,722,63,298,135,1,-1,-1
216,2,719,64,301,134,1,-1,-1
217,2,716,65,304,134,1,-1,-1
218,2,717,65,303,134,1,-1,-1
219,2,719,65,301,134,1,-1,-1
220,2,720,66,300,133,1,-1,-1
221,2,722,66,298,133,1,-1,-1
222,2,723,67,298,132,1,-1,-1
223,2,725,67,296,132,1,-1,-1
224,2,726,67,295,132,1,-1,-1
225,2,728,68,293,131,1,-1,-1
226,2,729,68,292,131,1,-1,-1
227,2,731,69,291,131,1,-1,-1
228,2,731,69,290,130,1,-1,-1
229,2,731,69,290,130,1,-1,-1
230,2,731,69,290,130,1,-1,-1
231,2,731,70,290,129,1,-1,-1
232,2,731,70,290,129,1,-1,-1
233,2,731,70,290,128,1,-1,-1
234,2,731,71,290,127,1,-1,-1
235,2,731,71,290,127,1,-1,-1
236,2,731,71,290,127,1,-1,-1
237,2,731,72,290,126,1,-1,-1
238,2,731,71,289,127,1,-1,-1
239,2,731,71,289,127,1,-1,-1
240,2,731,71,289,128,1,-1,-1
241,2,731,71,289,128,1,-1,-1
242,2,731,71,289,129,1,-1,-1
243,2,731,71,288,129,1,-1,-1
244,2,731,71,288,129,1,-1,-1
245,2,731,71,288,130,1,-1,-1
246,2,731,71,288,130,1,-1,-1
247,2,732,71,287,131,1,-1,-1
248,2,731,69,287,130,1,-1,-1
249,2,730,68,288,129,1,-1,-1
250,2,729,67,288,127,1,-1,-1
251,2,728,66,289,126,1,-1,-1
252,2,728,65,289,125,1,-1,-1
253,2,728,64,289,125,1,-1,-1
254,2,729,64,288,124,1,-1,-1
255,2,729,63,288,124,1,-1,-1
256,2,730,63,287,124,1,-1,-1
257,2,731,62,287,124,1,-1,-1
258,2,731,62,287,123,1,-1,-1
259,2,732,61,286,124,1,-1,-1
260,2,732,61,286,123,1,-1,-1
261,2,733,60,285,123,1,-1,-1
262,2,734,60,285,123,1,-1,-1
263,2,734,59,285,122,1,-1,-1
264,2,734,58,285,122,1,-1,-1
265,2,734,57,285,121,1,-1,-1
266,2,734,56,285,121,1,-1,-1
267,2,734,55,285,121,1,-1,-1
268,2,734,54,285,120,1,-1,-1
269,2,734,53,285,120,1,-1,-1
270,2,734,52,285,119,1,-1,-1
271,2,734,51,285,119,1,-1,-1
272,2,735,51,285,118,1,-1,-1
273,2,734,50,286,117,1,-1,-1
274,2,733,49,287,117,1,-1,-1
275,2,732,49,288,116,1,-1,-1
276,2,731,48,289,116,1,-1,-1
277,2,731,48,289,115,1,-1,-1
278,2,730,47,290,114,1,-1,-1
279,2,729,46,291,114,1,-1,-1
280,2,728,46,292,113,1,-1,-1
281,2,727,45,293,113,1,-1,-1
282,2,727,45,294,112,1,-1,-1
283,2,726,44,294,112,1,-1,-1
284,2,725,44,295,111,1,-1,-1
285,2,724,43,296,111,1,-1,-1
286,2,723,43,296,111,1,-1,-1
287,2,722,43,297,110,1,-1,-1
288,2,721,42,298,110,1,-1,-1
289,2,720,42,298,110,1,-1,-1
290,2,719,41,299,110,1,-1,-1
291,2,718,41,300,109,1,-1,-1
292,2,717,41,301,109,1,-1,-1
293,2,716,40,302,109,1,-1,-1
294,2,715,40,303,109,1,-1,-1
295,2,714,40,305,108,1,-1,-1
296,2,713,40,306,108,1,-1,-1
297,2,713,40,307,107,1,-1,-1
298,2,712,40,308,107,1,-1,-1
299,2,711,40,310,106,1,-1,-1
300,2,710,40,311,106,1,-1,-1
301,2,710,40,312,106,1,-1,-1
302,2,712,39,310,106,1,-1,-1
303,2,714,39,308,106,1,-1,-1
304,2,717,38,305,107,1,-1,-1
305,2,719,38,303,107,1,-1,-1
306,2,722,38,300,107,1,-1,-1
307,2,724,37,298,108,1,-1,-1
308,2,726,37,296,108,1,-1,-1
309,2,729,36,293,109,1,-1,-1
310,2,731,36,291,109,1,-1,-1
311,2,734,36,288,109,1,-1,-1
312,2,734,36,288,109,1,-1,-1
313,2,734,36,288,109,1,-1,-1
314,2,734,36,288,109,1,-1,-1
315,2,735,36,287,109,1,-1,-1
316,2,735,36,287,109,1,-1,-1
317,2,735,36,287,109,1,-1,-1
318,2,735,36,287,109,1,-1,-1
319,2,736,37,286,109,1,-1,-1
320,2,736,37,286,109,1,-1,-1
321,2,736,37,286,109,1,-1,-1
322,2,736,37,286,109,1,-1,-1
323,2,737,37,285,109,1,-1,-1
324,2,737,37,285,109,1,-1,-1
325,2,737,37,285,109,1,-1,-1
326,2,738,38,284,109,1,-1,-1
327,2,738,38,284,109,1,-1,-1
328,2,738,38,284,109,1,-1,-1
329,2,738,38,284,109,1,-1,-1
330,2,739,38,283,109,1,-1,-1
331,2,739,38,283,109,1,-1,-1
332,2,739,38,283,109,1,-1,-1
333,2,739,38,283,109,1,-1,-1
334,2,740,39,282,109,1,-1,-1
335,2,740,39,282,109,1,-1,-1
336,2,740,39,282,109,1,-1,-1
337,2,740,39,282,109,1,-1,-1
338,2,741,39,281,109,1,-1,-1
339,2,741,39,281,109,1,-1,-1
340,2,741,39,281,109,1,-1,-1
341,2,742,40,281,109,1,-1,-1
342,2,742,40,280,109,1,-1,-1
343,2,742,40,280,109,1,-1,-1
344,2,742,40,280,109,1,-1,-1
345,2,742,40,280,109,1,-1,-1
346,2,743,40,279,109,1,-1,-1
347,2,743,40,279,109,1,-1,-1
348,2,743,40,279,109,1,-1,-1
349,2,743,40,279,109,1,-1,-1
350,2,743,40,279,109,1,-1,-1
351,2,744,40,278,109,1,-1,-1
352,2,742,40,280,108,1,-1,-1
353,2,741,40,281,108,1,-1,-1
354,2,739,40,283,108,1,-1,-1
355,2,738,40,284,108,1,-1,-1
356,2,736,40,286,108,1,-1,-1
357,2,735,40,287,108,1,-1,-1
358,2,733,40,289,108,1,-1,-1
359,2,732,40,290,108,1,-1,-1
360,2,730,40,292,108,1,-1,-1
361,2,729,40,293,108,1,-1,-1
362,2,729,40,293,108,1,-1,-1
363,2,729,40,293,108,1,-1,-1
364,2,729,40,293,108,1,-1,-1
365,2,730,41,292,108,1,-1,-1
366,2,730,41,292,108,1,-1,-1
367,2,730,41,292,108,1,-1,-1
368,2,731,42,291,108,1,-1,-1
369,2,731,42,291,108,1,-1,-1
370,2,731,42,291,108,1,-1,-1
371,2,732,43,291,108,1,-1,-1
372,2,732,41,291,110,1,-1,-1
373,2,733,39,290,112,1,-1,-1
374,2,734,37,289,115,1,-1,-1
375,2,735,35,288,117,1,-1,-1
376,2,736,34,287,119,1,-1,-1
377,2,736,32,287,121,1,-1,-1
378,2,737,30,286,123,1,-1,-1
379,2,738,28,285,126,1,-1,-1
380,2,739,26,284,128,1,-1,-1
381,2,740,25,283,130,1,-1,-1
382,2,741,24,282,131,1,-1,-1
383,2,742,24,281,132,1,-1,-1
384,2,743,24,280,133,1,-1,-1
385,2,744,24,279,134,1,-1,-1
386,2,745,24,278,135,1,-1,-1
387,2,746,24,277,136,1,-1,-1
388,2,747,24,276,137,1,-1,-1
389,2,748,24,275,138,1,-1,-1
390,2,749,24,274,139,1,-1,-1
391,2,750,24,273,140,1,-1,-1
392,2,751,24,272,140,1,-1,-1
393,2,752,24,271,141,1,-1,-1
394,2,753,24,270,142,1,-1,-1
395,2,754,24,269,143,1,-1,-1
396,2,755,24,268,144,1,-1,-1
397,2,756,24,267,145,1,-1,-1
398,2,757,24,266,146,1,-1,-1
399,2,758,24,265,147,1,-1,-1
400,2,759,24,264,148,1,-1,-1
401,2,761,24,262,149,1,-1,-1
402,2,760,24,262,149,1,-1,-1
403,2,760,25,262,149,1,-1,-1
404,2,760,25,262,149,1,-1,-1
405,2,759,26,262,149,1,-1,-1
406,2,759,27,262,149,1,-1,-1
407,2,759,27,262,149,1,-1,-1
408,2,758,28,262,149,1,-1,-1
409,2,758,28,262,149,1,-1,-1
410,2,758,29,262,149,1,-1,-1
411,2,758,30,262,149,1,-1,-1
412,2,758,30,262,149,1,-1,-1
413,2,758,30,262,149,1,-1,-1
414,2,758,30,262,149,1,-1,-1
415,2,758,30,262,149,1,-1,-1
416,2,759,31,262,149,1,-1,-1
417,2,759,31,262,149,1,-1,-1
418,2,759,31,262,149,1,-1,-1
419,2,759,31,262,149,1,-1,-1
420,2,759,31,262,149,1,-1,-1
421,2,760,32,262,149,1,-1,-1
422,2,760,32,262,149,1,-1,-1
423,2,760,32,262,149,1,-1,-1
424,2,761,32,261,149,1,-1,-1
425,2,761,33,261,148,1,-1,-1
426,2,762,33,260,148,1,-1,-1
427,2,762,33,260,148,1,-1,-1
428,2,762,34,260,147,1,-1,-1
429,2,763,34,259,147,1,-1,-1
430,2,763,34,259,147,1,-1,-1
431,2,764,35,258,147,1,-1,-1
432,2,764,35,258,147,1,-1,-1
433,2,765,35,257,147,1,-1,-1
434,2,765,35,257,147,1,-1,-1
435,2,766,36,256,147,1,-1,-1
436,2,766,36,256,147,1,-1,-1
437,2,767,36,255,147,1,-1,-1
438,2,767,37,255,147,1,-1,-1
439,2,768,37,254,147,1,-1,-1
440,2,768,37,254,147,1,-1,-1
441,2,769,38,254,147,1,-1,-1
442,2,765,38,257,147,1,-1,-1
443,2,762,38,260,147,1,-1,-1
444,2,759,39,263,146,1,-1,-1
445,2,755,39,267,147,1,-1,-1
446,2,752,40,270,146,1,-1,-1
447,2,749,40,272,146,1,-1,-1
448,2,745,40,276,147,1,-1,-1
449,2,742,41,279,146,1,-1,-1
450,2,739,41,282,146,1,-1,-1
451,2,736,42,285,146,1,-1,-1
452,2,737,42,284,146,1,-1,-1
453,2,738,43,283,146,1,-1,-1
454,2,739,44,282,146,1,-1,-1
455,2,740,44,281,146,1,-1,-1
456,2,742,45,280,146,1,-1,-1
457,2,743,46,279,146,1,-1,-1
458,2,744,46,278,146,1,-1,-1
459,2,745,47,277,146,1,-1,-1
460,2,746,48,276,146,1,-1,-1
461,2,748,49,275,146,1,-1,-1
462,2,748,49,275,146,1,-1,-1
463,2,748,49,275,146,1,-1,-1
464,2,748,49,275,146,1,-1,-1
465,2,748,49,275,146,1,-1,-1
466,2,748,49,275,146,1,-1,-1
467,2,748,49,275,146,1,-1,-1
468,2,748,49,275,146,1,-1,-1
469,2,748,49,275,146,1,-1,-1
470,2,748,49,275,146,1,-1,-1
471,2,749,50,274,146,1,-1,-1
472,2,749,50,273,146,1,-1,-1
473,2,750,50,272,146,1,-1,-1
474,2,750,51,272,146,1,-1,-1
475,2,751,51,271,146,1,-1,-1
476,2,752,52,270,146,1,-1,-1
477,2,752,52,270,146,1,-1,-1
478,2,753,52,269,146,1,-1,-1
479,2,753,53,269,146,1,-1,-1
480,2,754,53,268,146,1,-1,-1
481,2,755,54,267,146,1,-1,-1
482,2,753,54,269,145,1,-1,-1
483,2,751,54,271,145,1,-1,-1
484,2,749,54,273,145,1,-1,-1
485,2,748,54,274,145,1,-1,-1
486,2,746,54,276,145,1,-1,-1
487,2,744,54,278,145,1,-1,-1
488,2,743,54,279,145,1,-1,-1
489,2,741,54,281,145,1,-1,-1
490,2,739,54,283,145,1,-1,-1
491,2,738,55,284,144,1,-1,-1
492,2,738,55,284,144,1,-1,-1
493,2,738,55,284,144,1,-1,-1
494,2,738,55,284,144,1,-1,-1
495,2,739,55,283,144,1,-1,-1
496,2,739,55,283,144,1,-1,-1
497,2,739,55,283,144,1,-1,-1
498,2,739,55,283,144,1,-1,-1
499,2,740,55,282,144,1,-1,-1
500,2,740,55,282,144,1,-1,-1
501,2,740,55,282,145,1,-1,-1
502,2,740,55,282,145,1,-1,-1
503,2,741,55,281,145,1,-1,-1
504,2,741,55,281,145,1,-1,-1
505,2,741,55,281,145,1,-1,-1
506,2,741,55,281,145,1,-1,-1
507,2,742,55,280,145,1,-1,-1
508,2,742,55,280,145,1,-1,-1
509,2,742,55,280,145,1,-1,-1
510,2,742,55,280,145,1,-1,-1
511,2,743,56,280,145,1,-1,-1
512,2,739,54,283,146,1,-1,-1
513,2,736,53,286,147,1,-1,-1
514,2,733,52,289,148,1,-1,-1
515,2,730,50,291,150,1,-1,-1
516,2,727,49,294,151,1,-1,-1
517,2,723,48,298,152,1,-1,-1
518,2,720,46,300,154,1,-1,-1
519,2,717,45,303,155,1,-1,-1
520,2,714,44,306,156,1,-1,-1
521,2,711,43,309,157,1,-1,-1
522,2,711,43,309,157,1,-1,-1
523,2,712,44,308,156,1,-1,-1
524,2,712,44,308,157,1,-1,-1
525,2,713,45,307,156,1,-1,-1
526,2,714,45,306,156,1,-1,-1
527,2,714,46,306,156,1,-1,-1
528,2,715,46,305,156,1,-1,-1
529,2,716,47,304,155,1,-1,-1
530,2,716,47,304,156,1,-1,-1
531,2,717,48,304,155,1,-1,-1
532,2,718,48,303,155,1,-1,-1
533,2,718,49,303,155,1,-1,-1
534,2,719,49,302,155,1,-1,-1
535,2,720,50,301,154,1,-1,-1
536,2,720,50,301,155,1,-1,-1
537,2,721,51,300,154,1,-1,-1
538,2,722,51,299,154,1,-1,-1
539,2,722,52,299,154,1,-1,-1
540,2,723,52,298,154,1,-1,-1
541,2,724,53,298,154,1,-1,-1
542,2,723,53,299,154,1,-1,-1
543,2,722,53,300,154,1,-1,-1
544,2,721,54,301,153,1,-1,-1
545,2,721,54,301,153,1,-1,-1
546,2,720,54,302,153,1,-1,-1
547,2,719,55,303,152,1,-1,-1
548,2,718,55,304,153,1,-1,-1
549,2,718,55,304,153,1,-1,-1
550,2,717,56,305,152,1,-1,-1
551,2,716,56,306,152,1,-1,-1
552,2,715,56,307,152,1,-1,-1
553,2,715,57,307,151,1,-1,-1
554,2,714,57,308,151,1,-1,-1
555,2,713,57,309,152,1,-1,-1
556,2,712,58,310,151,1,-1,-1
557,2,712,58,310,151,1,-1,-1
558,2,711,58,311,151,1,-1,-1
559,2,710,59,312,150,1,-1,-1
560,2,709,59,313,150,1,-1,-1
561,2,709,60,314,150,1,-1,-1
562,2,710,60,313,150,1,-1,-1
563,2,711,60,312,150,1,-1,-1
564,2,712,60,311,150,1,-1,-1
565,2,713,61,310,149,1,-1,-1
566,2,715,61,308,150,1,-1,-1
567,2,716,61,307,150,1,-1,-1
568,2,717,62,306,149,1,-1,-1
569,2,718,62,305,149,1,-1,-1
570,2,719,62,304,149,1,-1,-1
571,2,721,63,302,149,1,-1,-1
572,2,722,63,300,149,1,-1,-1
573,2,724,63,298,149,1,-1,-1
574,2,725,63,297,149,1,-1,-1
575,2,727,64,295,148,1,-1,-1
576,2,728,64,294,149,1,-1,-1
577,2,730,64,292,149,1,-1,-1
578,2,731,65,291,148,1,-1,-1
579,2,733,65,289,148,1,-1,-1
580,2,734,65,288,148,1,-1,-1
581,2,736,66,286,148,1,-1,-1
582,2,736,66,286,148,1,-1,-1
583,2,737,66,285,148,1,-1,-1
584,2,738,66,284,148,1,-1,-1
585,2,739,66,283,148,1,-1,-1
586,2,740,66,282,148,1,-1,-1
587,2,741,66,281,148,1,-1,-1
588,2,742,66,280,148,1,-1,-1
589,2,743,66,279,148,1,-1,-1
590,2,744,66,278,148,1,-1,-1
591,2,745,67,278,148,1,-1,-1
592,2,745,67,277,148,1,-1,-1
593,2,745,67,277,148,1,-1,-1
594,2,745,67,277,148,1,-1,-1
595,2,745,67,277,148,1,-1,-1
596,2,745,68,277,147,1,-1,-1
597,2,745,68,277,147,1,-1,-1
598,2,745,68,277,147,1,-1,-1
599,2,745,68,277,147,1,-1,-1
600,2,745,68,277,147,1,-1,-1
601,2,746,69,276,146,1,-1,-1
602,2,742,68,280,148,1,-1,-1
603,2,738,67,284,150,1,-1,-1
604,2,734,66,288,152,1,-1,-1
605,2,730,65,292,154,1,-1,-1
606,2,727,64,295,156,1,-1,-1
607,2,723,63,299,158,1,-1,-1
608,2,719,62,303,160,1,-1,-1
609,2,715,61,307,162,1,-1,-1
610,2,711,60,311,164,1,-1,-1
611,2,708,60,315,165,1,-1,-1
612,2,708,60,314,165,1,-1,-1
613,2,708,60,314,165,1,-1,-1
614,2,709,60,313,165,1,-1,-1
615,2,709,60,313,165,1,-1,-1
616,2,710,61,312,165,1,-1,-1
617,2,710,61,312,165,1,-1,-1
618,2,710,61,312,165,1,-1,-1
619,2,711,61,311,165,1,-1,-1
620,2,711,61,311,165,1,-1,-1
621,2,712,62,310,165,1,-1,-1
622,2,712,62,310,165,1,-1,-1
623,2,712,62,310,165,1,-1,-1
624,2,713,62,309,165,1,-1,-1
625,2,713,62,309,165,1,-1,-1
626,2,714,63,308,165,1,-1,-1
627,2,714,63,308,165,1,-1,-1
628,2,714,63,308,165,1,-1,-1
629,2,715,63,307,165,1,-1,-1
630,2,715,63,307,165,1,-1,-1
631,2,716,64,306,165,1,-1,-1
632,2,716,64,306,165,1,-1,-1
633,2,717,64,305,165,1,-1,-1
634,2,717,65,305,165,1,-1,-1
635,2,718,65,304,165,1,-1,-1
636,2,718,66,304,165,1,-1,-1
637,2,719,66,303,165,1,-1,-1
638,2,719,66,303,165,1,-1,-1
639,2,720,67,302,165,1,-1,-1
640,2,720,67,302,165,1,-1,-1
641,2,721,68,302,165,1,-1,-1
642,2,721,68,302,165,1,-1,-1
643,2,722,68,301,165,1,-1,-1
644,2,722,69,301,165,1,-1,-1
645,2,723,69,300,165,1,-1,-1
646,2,723,70,300,165,1,-1,-1
647,2,724,70,299,165,1,-1,-1
648,2,724,71,299,165,1,-1,-1
649,2,725,71,298,165,1,-1,-1
650,2,725,72,298,165,1,-1,-1
651,2,726,72,297,165,1,-1,-1
652,2,726,72,297,165,1,-1,-1
653,2,727,73,296,165,1,-1,-1
654,2,727,73,296,165,1,-1,-1
655,2,728,74,295,165,1,-1,-1
656,2,728,74,295,165,1,-1,-1
657,2,729,75,294,165,1,-1,-1
658,2,729,75,294,165,1,-1,-1
659,2,730,76,293,165,1,-1,-1
660,2,730,76,293,165,1,-1,-1
661,2,731,77,292,165,1,-1,-1
662,2,731,76,291,165,1,-1,-1
663,2,731,76,291,165,1,-1,-1
664,2,732,76,290,165,1,-1,-1
665,2,732,76,290,165,1,-1,-1
666,2,732,76,290,165,1,-1,-1
667,2,733,76,289,165,1,-1,-1
668,2,733,76,289,165,1,-1,-1
669,2,733,76,289,165,1,-1,-1
670,2,734,76,288,165,1,-1,-1
671,2,734,76,288,165,1,-1,-1
672,2,734,76,288,165,1,-1,-1
673,2,735,76,287,165,1,-1,-1
674,2,735,76,287,165,1,-1,-1
675,2,735,76,287,165,1,-1,-1
676,2,736,76,286,165,1,-1,-1
677,2,736,75,286,165,1,-1,-1
678,2,736,75,286,165,1,-1,-1
679,2,737,75,285,165,1,-1,-1
680,2,737,75,285,165,1,-1,-1
681,2,737,75,285,165,1,-1,-1
682,2,738,75,284,165,1,-1,-1
683,2,738,75,284,165,1,-1,-1
684,2,738,75,284,165,1,-1,-1
685,2,739,75,283,165,1,-1,-1
686,2,739,75,283,165,1,-1,-1
687,2,739,75,283,165,1,-1,-1
688,2,740,75,282,165,1,-1,-1
689,2,740,75,282,165,1,-1,-1
690,2,740,75,282,165,1,-1,-1
691,2,741,75,281,165,1,-1,-1
692,2,741,73,280,165,1,-1,-1
693,2,741,71,280,166,1,-1,-1
694,2,741,69,280,167,1,-1,-1
695,2,742,68,279,167,1,-1,-1
696,2,742,66,279,168,1,-1,-1
697,2,742,64,279,168,1,-1,-1
698,2,742,63,279,168,1,-1,-1
699,2,743,61,278,169,1,-1,-1
700,2,743,59,278,170,1,-1,-1
701,2,743,58,278,170,1,-1,-1
702,2,744,56,277,171,1,-1,-1
703,2,744,54,277,171,1,-1,-1
704,2,744,53,277,171,1,-1,-1
705,2,744,51,277,172,1,-1,-1
706,2,745,49,276,173,1,-1,-1
707,2,745,48,276,173,1,-1,-1
708,2,745,46,276,174,1,-1,-1
709,2,745,44,276,174,1,-1,-1
710,2,746,43,275,174,1,-1,-1
711,2,746,41,275,175,1,-1,-1
712,2,746,39,275,176,1,-1,-1
713,2,747,38,274,176,1,-1,-1
714,2,747,36,274,176,1,-1,-1
715,2,747,34,274,177,1,-1,-1
716,2,747,33,274,177,1,-1,-1
717,2,748,31,273,178,1,-1,-1
718,2,748,29,273,179,1,-1,-1
719,2,748,28,273,179,1,-1,-1
720,2,748,26,273,179,1,-1,-1
721,2,749,24,272,180,1,-1,-1
722,2,749,23,272,180,1,-1,-1
723,2,749,21,272,181,1,-1,-1
724,2,750,19,271,182,1,-1,-1
725,2,750,18,271,182,1,-1,-1
726,2,750,16,271,182,1,-1,-1
727,2,750,14,271,183,1,-1,-1
728,2,751,13,270,183,1,-1,-1
729,2,751,11,270,184,1,-1,-1
730,2,751,9,270,185,1,-1,-1
731,2,752,8,269,185,1,-1,-1
732,2,752,7,269,184,1,-1,-1
733,2,752,7,269,183,1,-1,-1
734,2,752,7,269,182,1,-1,-1
735,2,753,6,268,182,1,-1,-1
736,2,753,6,268,181,1,-1,-1
737,2,753,6,268,180,1,-1,-1
738,2,754,5,267,180,1,-1,-1
739,2,754,5,267,179,1,-1,-1
740,2,754,5,267,178,1,-1,-1
741,2,755,5,266,177,1,-1,-1
742,2,755,4,266,177,1,-1,-1
743,2,756,4,265,177,1,-1,-1
744,2,756,4,265,177,1,-1,-1
745,2,757,4,264,176,1,-1,-1
746,2,758,3,263,177,1,-1,-1
747,2,758,3,263,177,1,-1,-1
748,2,759,3,262,176,1,-1,-1
749,2,760,3,261,176,1,-1,-1
750,2,760,2,261,177,1,-1,-1
751,2,761,2,261,177,1,-1,-1
752,2,762,2,260,176,1,-1,-1
753,2,762,2,260,176,1,-1,-1
754,2,763,1,259,177,1,-1,-1
755,2,764,1,258,176,1,-1,-1
756,2,764,1,258,176,1,-1,-1
757,2,765,1,257,176,1,-1,-1
758,2,766,0,256,176,1,-1,-1
759,2,766,0,256,176,1,-1,-1
760,2,767,0,255,176,1,-1,-1
761,2,768,0,255,176,1,-1,-1
762,2,768,0,255,175,1,-1,-1
763,2,768,0,255,175,1,-1,-1
764,2,768,0,255,175,1,-1,-1
765,2,769,0,254,175,1,-1,-1
766,2,769,0,254,175,1,-1,-1
767,2,769,0,254,175,1,-1,-1
768,2,769,0,254,175,1,-1,-1
769,2,770,0,253,175,1,-1,-1
770,2,770,0,253,175,1,-1,-1
771,2,770,0,253,175,1,-1,-1
772,2,770,0,253,174,1,-1,-1
773,2,771,0,252,174,1,-1,-1
774,2,771,0,252,174,1,-1,-1
775,2,771,0,252,174,1,-1,-1
776,2,771,0,252,174,1,-1,-1
777,2,772,0,251,174,1,-1,-1
778,2,772,0,251,174,1,-1,-1
779,2,772,0,251,174,1,-1,-1
780,2,772,0,251,174,1,-1,-1
781,2,773,0,250,174,1,-1,-1
782,2,773,0,250,173,1,-1,-1
783,2,773,0,250,173,1,-1,-1
784,2,773,0,250,173,1,-1,-1
785,2,774,0,249,173,1,-1,-1
786,2,774,0,249,173,1,-1,-1
787,2,774,0,249,173,1,-1,-1
788,2,774,0,249,173,1,-1,-1
789,2,775,0,248,173,1,-1,-1
790,2,775,0,248,173,1,-1,-1
791,2,775,0,248,173,1,-1,-1
792,2,775,0,248,172,1,-1,-1
793,2,776,0,247,172,1,-1,-1
794,2,776,0,247,172,1,-1,-1
795,2,776,0,247,172,1,-1,-1
796,2,776,0,247,172,1,-1,-1
797,2,777,0,246,172,1,-1,-1
798,2,777,0,246,172,1,-1,-1
799,2,777,0,246,172,1,-1,-1
800,2,777,0,246,172,1,-1,-1
801,2,778,0,245,172,1,-1,-1
802,2,778,0,244,172,1,-1,-1
803,2,778,0,244,172,1,-1,-1
804,2,778,0,244,172,1,-1,-1
805,2,779,0,243,173,1,-1,-1
806,2,779,0,243,173,1,-1,-1
807,2,779,0,242,173,1,-1,-1
808,2,780,0,241,173,1,-1,-1
809,2,780,0,241,174,1,-1,-1
810,2,780,0,241,174,1,-1,-1
811,2,781,0,240,174,1,-1,-1
812,2,781,0,239,174,1,-1,-1
813,2,781,0,239,175,1,-1,-1
814,2,781,0,239,175,1,-1,-1
815,2,782,0,238,175,1,-1,-1
816,2,782,0,238,175,1,-1,-1
817,2,782,0,237,176,1,-1,-1
818,2,783,0,236,176,1,-1,-1
819,2,783,0,236,176,1,-1,-1
820,2,783,0,236,176,1,-1,-1
821,2,784,0,235,177,1,-1,-1
822,2,785,0,234,177,1,-1,-1
823,2,786,0,233,177,1,-1,-1
824,2,787,0,232,177,1,-1,-1
825,2,788,0,232,177,1,-1,-1
826,2,790,0,230,177,1,-1,-1
827,2,791,0,229,177,1,-1,-1
828,2,792,0,229,177,1,-1,-1
829,2,793,0,228,177,1,-1,-1
830,2,794,0,227,177,1,-1,-1
831,2,796,0,226,177,1,-1,-1
832,2,796,0,226,177,1,-1,-1
833,2,796,0,226,177,1,-1,-1
834,2,796,0,226,177,1,-1,-1
835,2,796,0,226,177,1,-1,-1
836,2,796,0,226,177,1,-1,-1
837,2,796,0,226,177,1,-1,-1
838,2,796,0,226,177,1,-1,-1
839,2,796,0,226,177,1,-1,-1
840,2,796,0,226,177,1,-1,-1
841,2,797,0,225,177,1,-1,-1
842,2,797,0,225,177,1,-1,-1
843,2,797,0,225,177,1,-1,-1
844,2,797,0,225,177,1,-1,-1
845,2,797,0,225,177,1,-1,-1
846,2,797,0,225,177,1,-1,-1
847,2,797,0,225,177,1,-1,-1
848,2,797,0,225,177,1,-1,-1
849,2,797,0,225,177,1,-1,-1
850,2,797,0,225,177,1,-1,-1
851,2,798,0,224,177,1,-1,-1
852,2,798,0,224,177,1,-1,-1
853,2,798,0,224,177,1,-1,-1
854,2,798,0,224,177,1,-1,-1
855,2,798,0,224,177,1,-1,-1
856,2,798,0,224,177,1,-1,-1
857,2,798,0,224,177,1,-1,-1
858,2,798,0,224,177,1,-1,-1
859,2,798,0,224,177,1,-1,-1
860,2,798,0,224,177,1,-1,-1
861,2,799,0,223,177,1,-1,-1
862,2,799,0,223,177,1,-1,-1
863,2,799,0,223,177,1,-1,-1
864,2,799,0,223,177,1,-1,-1
865,2,799,0,223,177,1,-1,-1
866,2,799,0,223,177,1,-1,-1
867,2,799,0,223,177,1,-1,-1
868,2,799,0,223,177,1,-1,-1
869,2,799,0,223,177,1,-1,-1
870,2,799,0,223,177,1,-1,-1
871,2,800,0,222,177,1,-1,-1
872,2,800,0,222,177,1,-1,-1
873,2,800,0,222,177,1,-1,-1
874,2,800,0,222,177,1,-1,-1
875,2,800,0,222,177,1,-1,-1
876,2,800,0,222,177,1,-1,-1
877,2,800,0,222,177,1,-1,-1
878,2,800,0,222,177,1,-1,-1
879,2,800,0,222,177,1,-1,-1
880,2,800,0,222,177,1,-1,-1
881,2,801,0,222,177,1,-1,-1
882,2,801,0,221,177,1,-1,-1
883,2,801,0,221,177,1,-1,-1
884,2,801,0,221,177,1,-1,-1
885,2,801,0,221,177,1,-1,-1
886,2,801,0,221,177,1,-1,-1
887,2,801,0,221,177,1,-1,-1
888,2,801,0,221,177,1,-1,-1
889,2,801,0,221,177,1,-1,-1
890,2,801,0,221,177,1,-1,-1
891,2,802,0,220,177,1,-1,-1
892,2,802,0,220,177,1,-1,-1
893,2,802,0,220,177,1,-1,-1
894,2,802,0,220,177,1,-1,-1
895,2,802,0,220,177,1,-1,-1
896,2,802,0,220,177,1,-1,-1
897,2,802,0,220,177,1,-1,-1
898,2,802,0,220,177,1,-1,-1
899,2,802,0,220,177,1,-1,-1
900,2,802,0,220,177,1,-1,-1
901,2,803,0,219,177,1,-1,-1
902,2,802,0,219,177,1,-1,-1
903,2,802,0,219,177,1,-1,-1
904,2,802,0,219,177,1,-1,-1
905,2,802,0,219,177,1,-1,-1
906,2,802,0,219,177,1,-1,-1
907,2,802,0,219,178,1,-1,-1
908,2,801,0,220,178,1,-1,-1
909,2,801,0,220,178,1,-1,-1
910,2,801,0,220,178,1,-1,-1
911,2,801,0,220,178,1,-1,-1
912,2,801,0,220,179,1,-1,-1
913,2,801,0,220,179,1,-1,-1
914,2,800,0,221,179,1,-1,-1
915,2,800,0,221,179,1,-1,-1
916,2,800,0,221,179,1,-1,-1
917,2,800,0,221,179,1,-1,-1
918,2,800,0,221,180,1,-1,-1
919,2,800,0,221,180,1,-1,-1
920,2,799,0,222,180,1,-1,-1
921,2,799,0,222,180,1,-1,-1
922,2,799,0,222,180,1,-1,-1
923,2,799,0,222,181,1,-1,-1
924,2,799,0,222,181,1,-1,-1
925,2,799,0,222,181,1,-1,-1
926,2,799,0,222,181,1,-1,-1
927,2,798,0,223,181,1,-1,-1
928,2,798,0,223,181,1,-1,-1
929,2,798,0,223,182,1,-1,-1
930,2,798,0,223,182,1,-1,-1
931,2,798,0,223,182,1,-1,-1
932,2,798,0,222,182,1,-1,-1
933,2,797,0,223,182,1,-1,-1
934,2,797,0,223,183,1,-1,-1
935,2,797,0,223,183,1,-1,-1
936,2,797,0,223,183,1,-1,-1
937,2,797,0,223,183,1,-1,-1
938,2,797,0,223,183,1,-1,-1
939,2,796,0,224,183,1,-1,-1
940,2,796,0,224,184,1,-1,-1
941,2,796,1,224,183,1,-1,-1
942,2,796,1,224,183,1,-1,-1
943,2,796,1,224,183,1,-1,-1
944,2,796,1,224,183,1,-1,-1
945,2,796,1,224,184,1,-1,-1
946,2,795,1,225,184,1,-1,-1
947,2,795,1,225,184,1,-1,-1
948,2,795,1,225,184,1,-1,-1
949,2,795,1,225,184,1,-1,-1
950,2,795,1,225,184,1,-1,-1
951,2,795,1,225,185,1,-1,-1
952,2,794,1,226,185,1,-1,-1
953,2,794,1,226,185,1,-1,-1
954,2,794,1,226,185,1,-1,-1
955,2,794,1,226,185,1,-1,-1
956,2,794,1,226,186,1,-1,-1
957,2,794,1,226,186,1,-1,-1
958,2,793,1,227,186,1,-1,-1
959,2,793,1,227,186,1,-1,-1
960,2,793,1,227,186,1,-1,-1
961,2,793,1,227,187,1,-1,-1
962,2,793,1,226,187,1,-1,-1
963,2,793,1,226,187,1,-1,-1
964,2,793,1,226,187,1,-1,-1
965,2,792,1,227,187,1,-1,-1
966,2,792,1,227,187,1,-1,-1
967,2,792,1,227,188,1,-1,-1
968,2,792,1,227,188,1,-1,-1
969,2,792,1,227,188,1,-1,-1
970,2,792,1,227,188,1,-1,-1
971,2,791,1,228,188,1,-1,-1
972,2,791,1,228,189,1,-1,-1
973,2,791,1,228,189,1,-1,-1
974,2,791,1,228,189,1,-1,-1
975,2,791,1,228,189,1,-1,-1
976,2,791,1,228,189,1,-1,-1
977,2,790,1,229,189,1,-1,-1
978,2,790,1,229,190,1,-1,-1
979,2,790,1,229,190,1,-1,-1
980,2,790,1,229,190,1,-1,-1
981,2,790,2,229,189,1,-1,-1
982,2,790,2,229,189,1,-1,-1
983,2,790,2,229,190,1,-1,-1
984,2,789,2,230,190,1,-1,-1
985,2,789,2,230,190,1,-1,-1
986,2,789,2,230,190,1,-1,-1
987,2,789,2,230,190,1,-1,-1
988,2,789,2,230,190,1,-1,-1
989,2,789,2,230,191,1,-1,-1
990,2,788,2,231,191,1,-1,-1
991,2,788,2,231,191,1,-1,-1
992,2,788,2,230,191,1,-1,-1
993,2,788,2,230,191,1,-1,-1
994,2,788,2,230,192,1,-1,-1
995,2,788,2,230,192,1,-1,-1
996,2,787,2,231,192,1,-1,-1
997,2,787,2,231,192,1,-1,-1
998,2,787,2,231,192,1,-1,-1
999,2,787,2,231,192,1,-1,-1
1000,2,787,2,231,193,1,-1,-1
1001,2,787,2,231,193,1,-1,-1
1002,2,787,2,231,193,1,-1,-1
1003,2,786,2,232,193,1,-1,-1
1004,2,786,2,232,193,1,-1,-1
1005,2,786,2,232,194,1,-1,-1
1006,2,786,2,232,194,1,-1,-1
1007,2,786,2,232,194,1,-1,-1
1008,2,786,2,232,194,1,-1,-1
1009,2,785,2,233,194,1,-1,-1
1010,2,785,2,233,194,1,-1,-1
1011,2,785,2,233,195,1,-1,-1
1012,2,785,2,233,195,1,-1,-1
1013,2,785,2,233,195,1,-1,-1
1014,2,785,2,233,195,1,-1,-1
1015,2,784,2,234,195,1,-1,-1
1016,2,784,2,234,196,1,-1,-1
1017,2,784,2,234,196,1,-1,-1
1018,2,784,2,234,196,1,-1,-1
1019,2,784,2,234,196,1,-1,-1
1020,2,784,2,234,196,1,-1,-1
1021,2,784,3,234,196,1,-1,-1
1022,2,783,2,235,197,1,-1,-1
1023,2,783,2,235,198,1,-1,-1
1024,2,783,2,235,199,1,-1,-1
1025,2,783,2,235,200,1,-1,-1
1026,2,783,2,235,201,1,-1,-1
1027,2,783,2,236,202,1,-1,-1
1028,2,783,2,236,202,1,-1,-1
1029,2,783,2,236,203,1,-1,-1
1030,2,783,2,236,204,1,-1,-1
1031,2,783,2,236,205,1,-1,-1
1032,2,783,2,236,206,1,-1,-1
1033,2,783,2,237,207,1,-1,-1
1034,2,782,1,238,208,1,-1,-1
1035,2,782,1,238,209,1,-1,-1
1036,2,782,1,238,210,1,-1,-1
1037,2,782,1,238,211,1,-1,-1
1038,2,782,1,238,212,1,-1,-1
1039,2,782,1,239,213,1,-1,-1
1040,2,782,1,239,213,1,-1,-1
1041,2,782,1,239,214,1,-1,-1
1042,2,782,1,239,215,1,-1,-1
1043,2,782,1,239,216,1,-1,-1
1044,2,782,1,239,217,1,-1,-1
1045,2,782,1,240,218,1,-1,-1
1046,2,782,0,239,220,1,-1,-1
1047,2,782,0,239,221,1,-1,-1
1048,2,782,0,239,222,1,-1,-1
1049,2,782,0,239,223,1,-1,-1
1050,2,782,0,239,225,1,-1,-1
1051,2,782,0,239,226,1,-1,-1
1052,2,782,0,239,227,1,-1,-1
1053,2,782,0,239,228,1,-1,-1
1054,2,782,0,239,230,1,-1,-1
1055,2,782,0,239,231,1,-1,-1
1056,2,782,0,239,232,1,-1,-1
1057,2,782,0,239,233,1,-1,-1
1058,2,782,0,239,235,1,-1,-1
1059,2,782,0,239,236,1,-1,-1
1060,2,782,0,239,237,1,-1,-1
1061,2,782,0,239,238,1,-1,-1
1062,2,782,0,239,240,1,-1,-1
1063,2,782,0,238,240,1,-1,-1
1064,2,782,0,238,241,1,-1,-1
1065,2,782,0,238,242,1,-1,-1
1066,2,782,0,238,242,1,-1,-1
1067,2,782,0,238,243,1,-1,-1
1068,2,782,0,237,244,1,-1,-1
1069,2,782,0,237,244,1,-1,-1
1070,2,782,0,237,245,1,-1,-1
1071,2,782,0,237,246,1,-1,-1
1072,2,782,0,237,246,1,-1,-1
1073,2,782,0,236,247,1,-1,-1
1074,2,782,0,236,248,1,-1,-1
1075,2,782,0,236,248,1,-1,-1
1076,2,782,0,236,249,1,-1,-1
1077,2,782,0,236,250,1,-1,-1
1078,2,782,0,235,250,1,-1,-1
1079,2,782,0,235,251,1,-1,-1
1080,2,782,0,235,252,1,-1,-1
1081,2,782,0,235,252,1,-1,-1
1082,2,782,0,235,253,1,-1,-1
1083,2,782,0,235,254,1,-1,-1
1084,2,782,1,235,254,1,-1,-1
1085,2,782,2,235,254,1,-1,-1
1086,2,783,4,234,254,1,-1,-1
1087,2,783,5,235,254,1,-1,-1
1088,2,783,6,235,254,1,-1,-1
1089,2,784,8,234,254,1,-1,-1
1090,2,784,9,235,254,1,-1,-1
1091,2,785,10,234,255,1,-1,-1
1092,2,785,12,234,254,1,-1,-1
1093,2,785,13,234,254,1,-1,-1
1094,2,786,14,234,255,1,-1,-1
1095,2,786,16,234,254,1,-1,-1
1096,2,786,17,234,254,1,-1,-1
1097,2,787,18,234,255,1,-1,-1
1098,2,787,20,234,254,1,-1,-1
1099,2,788,21,233,255,1,-1,-1
1100,2,788,22,233,255,1,-1,-1
1101,2,788,24,234,254,1,-1,-1
1102,2,789,25,233,255,1,-1,-1
1103,2,789,26,233,255,1,-1,-1
1104,2,790,28,233,255,1,-1,-1
1105,2,789,28,233,255,1,-1,-1
1106,2,789,28,233,255,1,-1,-1
1107,2,789,28,233,255,1,-1,-1
1108,2,789,29,233,255,1,-1,-1
1109,2,789,29,233,255,1,-1,-1
1110,2,789,29,233,255,1,-1,-1
1111,2,788,29,234,255,1,-1,-1
1112,2,788,30,234,255,1,-1,-1
1113,2,788,30,234,255,1,-1,-1
1114,2,788,30,234,255,1,-1,-1
1115,2,788,30,234,255,1,-1,-1
1116,2,788,31,234,255,1,-1,-1
1117,2,787,31,235,255,1,-1,-1
1118,2,787,31,235,255,1,-1,-1
1119,2,787,32,235,254,1,-1,-1
1120,2,787,32,235,255,1,-1,-1
1121,2,787,32,235,255,1,-1,-1
1122,2,787,32,235,255,1,-1,-1
1123,2,786,33,236,254,1,-1,-1
1124,2,786,33,236,255,1,-1,-1
1125,2,786,33,236,255,1,-1,-1
1126,2,786,33,236,255,1,-1,-1
1127,2,786,34,236,254,1,-1,-1
1128,2,786,34,236,255,1,-1,-1
1129,2,785,34,237,255,1,-1,-1
1130,2,785,35,237,254,1,-1,-1
1131,2,785,35,237,254,1,-1,-1
1132,2,785,35,237,255,1,-1,-1
1133,2,785,35,237,255,1,-1,-1
1134,2,785,36,237,254,1,-1,-1
1135,2,784,36,238,254,1,-1,-1
1136,2,784,36,238,255,1,-1,-1
1137,2,784,36,238,255,1,-1,-1
1138,2,784,37,238,254,1,-1,-1
1139,2,784,37,238,254,1,-1,-1
1140,2,784,37,238,255,1,-1,-1
1141,2,783,37,239,255,1,-1,-1
1142,2,783,38,239,254,1,-1,-1
1143,2,783,38,239,255,1,-1,-1
1144,2,783,38,239,255,1,-1,-1
1145,2,783,39,239,254,1,-1,-1
1146,2,783,39,239,254,1,-1,-1
1147,2,782,39,240,255,1,-1,-1
1148,2,782,39,240,255,1,-1,-1
1149,2,782,40,240,254,1,-1,-1
1150,2,782,40,240,254,1,-1,-1
1151,2,782,40,240,255,1,-1,-1
1152,2,782,40,240,255,1,-1,-1
1153,2,781,41,241,254,1,-1,-1
1154,2,781,41,241,254,1,-1,-1
1155,2,781,41,241,255,1,-1,-1
1156,2,781,42,241,254,1,-1,-1
1157,2,781,42,241,254,1,-1,-1
1158,2,781,42,241,254,1,-1,-1
1159,2,780,42,242,255,1,-1,-1
1160,2,780,43,242,254,1,-1,-1
1161,2,780,43,242,254,1,-1,-1
1162,2,780,43,242,254,1,-1,-1
1163,2,780,43,242,255,1,-1,-1
1164,2,780,44,242,254,1,-1,-1
1165,2,779,44,243,254,1,-1,-1
1166,2,779,44,243,254,1,-1,-1
1167,2,779,44,243,255,1,-1,-1
1168,2,779,45,243,254,1,-1,-1
1169,2,779,45,243,254,1,-1,-1
1170,2,779,45,243,254,1,-1,-1
1171,2,778,46,244,254,1,-1,-1
1172,2,778,46,244,254,1,-1,-1
1173,2,778,46,244,254,1,-1,-1
1174,2,778,46,244,254,1,-1,-1
1175,2,778,47,244,254,1,-1,-1
1176,2,778,47,244,254,1,-1,-1
1177,2,777,47,245,254,1,-1,-1
1178,2,777,47,245,254,1,-1,-1
1179,2,777,48,245,254,1,-1,-1
1180,2,777,48,245,254,1,-1,-1
1181,2,777,48,245,254,1,-1,-1
1182,2,777,49,245,254,1,-1,-1
1,62,662,118,275,128,1,-1,-1
2,62,662,118,275,129,1,-1,-1
3,62,662,119,275,129,1,-1,-1
4,62,663,119,274,130,1,-1,-1
5,62,663,120,274,130,1,-1,-1
6,62,664,121,274,130,1,-1,-1
7,62,664,121,274,131,1,-1,-1
8,62,664,122,274,131,1,-1,-1
9,62,665,122,273,132,1,-1,-1
10,62,665,123,273,132,1,-1,-1
11,62,666,124,273,133,1,-1,-1
12,62,664,124,279,134,1,-1,-1
13,62,663,124,284,136,1,-1,-1
14,62,662,124,290,138,1,-1,-1
15,62,661,125,295,139,1,-1,-1
16,62,660,125,301,141,1,-1,-1
17,62,659,125,306,143,1,-1,-1
18,62,658,126,311,144,1,-1,-1
19,62,657,126,317,146,1,-1,-1
20,62,656,126,322,148,1,-1,-1
21,62,655,127,328,149,1,-1,-1
22,62,659,127,327,151,1,-1,-1
23,62,663,128,327,153,1,-1,-1
24,62,667,128,326,155,1,-1,-1
25,62,671,129,326,157,1,-1,-1
26,62,675,129,326,159,1,-1,-1
27,62,679,130,325,161,1,-1,-1
28,62,683,130,325,163,1,-1,-1
29,62,687,131,324,165,1,-1,-1
30,62,691,131,324,167,1,-1,-1
31,62,695,132,324,169,1,-1,-1
32,62,698,132,321,170,1,-1,-1
33,62,701,133,318,171,1,-1,-1
34,62,704,134,315,171,1,-1,-1
35,62,707,134,312,173,1,-1,-1
36,62,710,135,309,174,1,-1,-1
37,62,713,136,306,174,1,-1,-1
38,62,716,136,303,176,1,-1,-1
39,62,719,137,300,176,1,-1,-1
40,62,722,138,297,177,1,-1,-1
41,62,726,139,294,178,1,-1,-1
42,62,726,139,294,180,1,-1,-1
43,62,726,139,294,182,1,-1,-1
44,62,726,139,294,184,1,-1,-1
45,62,726,140,294,185,1,-1,-1
46,62,726,140,294,187,1,-1,-1
47,62,726,140,294,189,1,-1,-1
48,62,726,141,294,190,1,-1,-1
49,62,726,141,294,192,1,-1,-1
50,62,726,141,294,194,1,-1,-1
51,62,727,142,293,196,1,-1,-1
52,62,728,142,292,197,1,-1,-1
53,62,729,142,291,199,1,-1,-1
54,62,730,143,290,200,1,-1,-1
55,62,731,143,290,202,1,-1,-1
56,62,732,144,289,203,1,-1,-1
57,62,733,144,288,204,1,-1,-1
58,62,734,144,288,206,1,-1,-1
59,62,735,145,287,207,1,-1,-1
60,62,736,145,286,209,1,-1,-1
61,62,738,146,285,210,1,-1,-1
62,62,738,146,284,212,1,-1,-1
63,62,738,146,284,214,1,-1,-1
64,62,738,146,284,216,1,-1,-1
65,62,739,146,283,218,1,-1,-1
66,62,739,147,283,220,1,-1,-1
67,62,739,147,282,222,1,-1,-1
68,62,740,147,281,224,1,-1,-1
69,62,740,147,281,226,1,-1,-1
70,62,740,147,281,228,1,-1,-1
71,62,741,148,280,230,1,-1,-1
72,62,743,148,277,231,1,-1,-1
73,62,745,149,275,232,1,-1,-1
74,62,747,150,272,233,1,-1,-1
75,62,749,150,270,235,1,-1,-1
76,62,751,151,267,236,1,-1,-1
77,62,753,152,265,237,1,-1,-1
78,62,755,152,262,239,1,-1,-1
79,62,757,153,260,240,1,-1,-1
80,62,759,154,257,241,1,-1,-1
81,62,762,155,254,242,1,-1,-1
82,62,762,155,254,247,1,-1,-1
83,62,762,155,254,252,1,-1,-1
84,62,762,156,254,256,1,-1,-1
85,62,762,156,255,261,1,-1,-1
86,62,763,157,254,265,1,-1,-1
87,62,763,157,254,270,1,-1,-1
88,62,763,157,255,275,1,-1,-1
89,62,763,158,255,279,1,-1,-1
90,62,763,158,255,284,1,-1,-1
91,62,764,159,255,289,1,-1,-1
92,62,763,159,256,293,1,-1,-1
93,62,763,160,256,296,1,-1,-1
94,62,763,160,257,300,1,-1,-1
95,62,762,161,258,303,1,-1,-1
96,62,762,162,259,307,1,-1,-1
97,62,762,162,259,311,1,-1,-1
98,62,761,163,260,314,1,-1,-1
99,62,761,163,261,318,1,-1,-1
100,62,761,164,261,321,1,-1,-1
101,62,761,165,262,325,1,-1,-1
102,62,760,165,263,329,1,-1,-1
103,62,760,166,263,333,1,-1,-1
104,62,760,167,263,337,1,-1,-1
105,62,760,168,263,341,1,-1,-1
106,62,760,169,263,345,1,-1,-1
107,62,759,169,264,349,1,-1,-1
108,62,759,170,264,353,1,-1,-1
109,62,759,171,264,357,1,-1,-1
110,62,759,172,264,361,1,-1,-1
111,62,759,173,264,365,1,-1,-1
112,62,760,173,263,364,1,-1,-1
113,62,761,174,262,363,1,-1,-1
114,62,762,174,261,363,1,-1,-1
115,62,764,175,259,362,1,-1,-1
116,62,765,176,258,361,1,-1,-1
117,62,766,176,257,360,1,-1,-1
118,62,768,177,255,359,1,-1,-1
119,62,769,177,254,359,1,-1,-1
120,62,770,178,253,358,1,-1,-1
121,62,772,179,251,357,1,-1,-1
122,62,771,180,251,356,1,-1,-1
123,62,770,181,252,355,1,-1,-1
124,62,769,182,253,354,1,-1,-1
125,62,768,183,254,354,1,-1,-1
126,62,767,184,255,353,1,-1,-1
127,62,766,185,256,352,1,-1,-1
128,62,765,186,257,352,1,-1,-1
129,62,764,187,258,351,1,-1,-1
130,62,763,188,259,350,1,-1,-1
131,62,763,189,259,350,1,-1,-1
132,62,764,189,258,349,1,-1,-1
133,62,765,190,257,348,1,-1,-1
134,62,766,190,256,347,1,-1,-1
135,62,768,191,254,346,1,-1,-1
136,62,769,191,253,345,1,-1,-1
137,62,770,192,252,344,1,-1,-1
138,62,772,192,250,343,1,-1,-1
139,62,773,193,249,342,1,-1,-1
140,62,774,193,248,341,1,-1,-1
141,62,776,194,246,340,1,-1,-1
142,62,776,194,245,340,1,-1,-1
143,62,777,195,244,340,1,-1,-1
144,62,778,196,243,339,1,-1,-1
145,62,779,197,241,339,1,-1,-1
146,62,780,198,240,338,1,-1,-1
147,62,780,199,240,338,1,-1,-1
148,62,781,200,238,337,1,-1,-1
149,62,782,201,237,337,1,-1,-1
150,62,783,202,236,336,1,-1,-1
151,62,784,203,235,336,1,-1,-1
152,62,783,203,235,334,1,-1,-1
153,62,782,204,236,331,1,-1,-1
154,62,781,204,236,330,1,-1,-1
155,62,781,205,236,327,1,-1,-1
156,62,780,206,237,324,1,-1,-1
157,62,779,206,237,323,1,-1,-1
158,62,778,207,238,320,1,-1,-1
159,62,778,208,238,317,1,-1,-1
160,62,777,208,238,316,1,-1,-1
161,62,776,209,239,313,1,-1,-1
162,62,776,210,239,311,1,-1,-1
163,62,776,210,239,312,1,-1,-1
164,62,777,210,239,314,1,-1,-1
165,62,778,211,239,314,1,-1,-1
166,62,778,211,239,316,1,-1,-1
167,62,779,212,239,316,1,-1,-1
168,62,780,212,239,318,1,-1,-1
169,62,780,212,239,319,1,-1,-1
170,62,781,213,239,320,1,-1,-1
171,62,782,213,239,321,1,-1,-1
172,62,783,214,239,322,1,-1,-1
173,62,782,214,239,322,1,-1,-1
174,62,782,214,239,322,1,-1,-1
175,62,781,214,240,322,1,-1,-1
176,62,781,214,240,323,1,-1,-1
177,62,780,215,241,322,1,-1,-1
178,62,780,215,241,322,1,-1,-1
179,62,779,215,242,323,1,-1,-1
180,62,779,215,242,323,1,-1,-1
181,62,778,215,243,323,1,-1,-1
182,62,778,216,243,323,1,-1,-1
183,62,777,217,243,321,1,-1,-1
184,62,777,218,243,320,1,-1,-1
185,62,777,219,243,319,1,-1,-1
186,62,776,220,244,318,1,-1,-1
187,62,776,221,244,317,1,-1,-1
188,62,776,222,244,316,1,-1,-1
189,62,775,223,245,315,1,-1,-1
190,62,775,224,245,314,1,-1,-1
191,62,775,225,245,313,1,-1,-1
192,62,775,227,245,311,1,-1,-1
193,62,775,227,245,311,1,-1,-1
194,62,776,227,244,311,1,-1,-1
195,62,776,227,245,311,1,-1,-1
196,62,777,227,244,311,1,-1,-1
197,62,777,228,244,310,1,-1,-1
198,62,778,228,244,310,1,-1,-1
199,62,778,228,244,310,1,-1,-1
200,62,779,228,243,310,1,-1,-1
201,62,780,229,243,310,1,-1,-1
202,62,778,229,244,309,1,-1,-1
203,62,777,229,245,309,1,-1,-1
204,62,776,229,246,309,1,-1,-1
205,62,775,229,247,308,1,-1,-1
206,62,774,229,248,308,1,-1,-1
207,62,773,230,249,307,1,-1,-1
208,62,772,230,249,307,1,-1,-1
209,62,771,231,250,306,1,-1,-1
210,62,770,231,251,306,1,-1,-1
211,62,770,232,250,305,1,-1,-1
212,62,769,233,251,305,1,-1,-1
213,62,768,233,252,305,1,-1,-1
214,62,768,234,251,304,1,-1,-1
215,62,767,234,252,304,1,-1,-1
216,62,766,235,253,303,1,-1,-1
217,62,766,236,253,303,1,-1,-1
218,62,765,236,254,303,1,-1,-1
219,62,765,236,254,303,1,-1,-1
220,62,764,236,255,303,1,-1,-1
221,62,764,236,255,303,1,-1,-1
222,62,764,236,256,303,1,-1,-1
223,62,763,236,257,303,1,-1,-1
224,62,763,236,257,303,1,-1,-1
225,62,762,236,258,303,1,-1,-1
226,62,762,236,258,303,1,-1,-1
227,62,762,236,259,303,1,-1,-1
228,62,761,236,260,303,1,-1,-1
229,62,761,236,260,303,1,-1,-1
230,62,760,237,261,302,1,-1,-1
231,62,760,237,261,302,1,-1,-1
232,62,760,238,261,301,1,-1,-1
233,62,759,238,262,301,1,-1,-1
234,62,759,238,262,301,1,-1,-1
235,62,758,239,263,300,1,-1,-1
236,62,758,239,263,300,1,-1,-1
237,62,758,240,263,299,1,-1,-1
238,62,758,240,263,299,1,-1,-1
239,62,758,241,263,298,1,-1,-1
240,62,758,241,263,298,1,-1,-1
241,62,758,242,263,297,1,-1,-1
242,62,759,242,262,297,1,-1,-1
243,62,759,243,262,296,1,-1,-1
244,62,759,243,262,296,1,-1,-1
245,62,759,244,262,295,1,-1,-1
246,62,759,244,262,295,1,-1,-1
247,62,760,245,261,294,1,-1,-1
248,62,758,243,262,296,1,-1,-1
249,62,757,241,262,298,1,-1,-1
250,62,756,239,263,300,1,-1,-1
251,62,755,237,263,302,1,-1,-1
252,62,754,236,264,303,1,-1,-1
253,62,754,234,264,305,1,-1,-1
254,62,755,233,264,306,1,-1,-1
255,62,755,232,264,307,1,-1,-1
256,62,756,231,264,308,1,-1,-1
257,62,757,230,263,309,1,-1,-1
258,62,757,229,264,310,1,-1,-1
259,62,758,228,263,311,1,-1,-1
260,62,758,227,264,312,1,-1,-1
261,62,759,226,263,313,1,-1,-1
262,62,760,225,263,314,1,-1,-1
263,62,759,224,263,315,1,-1,-1
264,62,758,223,264,316,1,-1,-1
265,62,757,222,265,317,1,-1,-1
266,62,756,221,266,318,1,-1,-1
267,62,755,221,267,318,1,-1,-1
268,62,754,220,267,319,1,-1,-1
269,62,753,219,268,320,1,-1,-1
270,62,752,218,269,321,1,-1,-1
271,62,751,217,270,322,1,-1,-1
272,62,751,217,270,322,1,-1,-1
273,62,750,215,270,324,1,-1,-1
274,62,750,214,270,325,1,-1,-1
275,62,749,212,271,327,1,-1,-1
276,62,749,211,271,328,1,-1,-1
277,62,748,210,272,329,1,-1,-1
278,62,748,208,272,331,1,-1,-1
279,62,747,207,273,332,1,-1,-1
280,62,747,205,273,334,1,-1,-1
281,62,746,204,274,335,1,-1,-1
282,62,746,203,274,336,1,-1,-1
283,62,748,202,271,336,1,-1,-1
284,62,751,201,268,337,1,-1,-1
285,62,753,200,266,338,1,-1,-1
286,62,756,199,262,339,1,-1,-1
287,62,759,198,259,340,1,-1,-1
288,62,761,197,257,341,1,-1,-1
289,62,764,196,253,342,1,-1,-1
290,62,766,195,251,343,1,-1,-1
291,62,769,194,248,344,1,-1,-1
292,62,772,194,245,344,1,-1,-1
293,62,770,194,247,344,1,-1,-1
294,62,768,194,249,344,1,-1,-1
295,62,766,194,251,344,1,-1,-1
296,62,764,194,253,344,1,-1,-1
297,62,762,194,255,344,1,-1,-1
298,62,760,194,257,344,1,-1,-1
299,62,758,194,259,344,1,-1,-1
300,62,756,194,261,344,1,-1,-1
301,62,755,195,263,343,1,-1,-1
302,62,758,194,260,344,1,-1,-1
303,62,761,194,257,344,1,-1,-1
304,62,764,194,254,344,1,-1,-1
305,62,767,194,251,344,1,-1,-1
306,62,770,194,249,344,1,-1,-1
307,62,773,194,246,344,1,-1,-1
308,62,776,193,243,345,1,-1,-1
309,62,779,193,240,345,1,-1,-1
310,62,782,193,237,345,1,-1,-1
311,62,786,193,234,345,1,-1,-1
312,62,789,193,231,345,1,-1,-1
313,62,792,193,228,345,1,-1,-1
314,62,795,193,225,345,1,-1,-1
315,62,798,192,222,346,1,-1,-1
316,62,801,192,220,346,1,-1,-1
317,62,804,192,217,346,1,-1,-1
318,62,807,192,214,346,1,-1,-1
319,62,810,192,211,346,1,-1,-1
320,62,813,192,208,346,1,-1,-1
321,62,817,192,205,346,1,-1,-1
322,62,817,192,205,346,1,-1,-1
323,62,817,192,205,346,1,-1,-1
324,62,817,192,205,346,1,-1,-1
325,62,818,192,204,346,1,-1,-1
326,62,818,193,204,345,1,-1,-1
327,62,818,193,204,345,1,-1,-1
328,62,818,193,204,345,1,-1,-1
329,62,819,193,203,345,1,-1,-1
330,62,819,194,203,344,1,-1,-1
331,62,819,194,203,344,1,-1,-1
332,62,819,194,203,344,1,-1,-1
333,62,820,194,202,344,1,-1,-1
334,62,820,194,202,344,1,-1,-1
335,62,820,195,202,343,1,-1,-1
336,62,820,195,202,343,1,-1,-1
337,62,821,195,201,343,1,-1,-1
338,62,821,195,201,343,1,-1,-1
339,62,821,196,201,342,1,-1,-1
340,62,821,196,201,342,1,-1,-1
341,62,822,196,200,342,1,-1,-1
342,62,822,196,200,342,1,-1,-1
343,62,822,196,200,342,1,-1,-1
344,62,822,197,200,341,1,-1,-1
345,62,823,197,199,341,1,-1,-1
346,62,823,197,199,341,1,-1,-1
347,62,823,197,199,341,1,-1,-1
348,62,823,198,199,340,1,-1,-1
349,62,824,198,198,340,1,-1,-1
350,62,824,198,198,340,1,-1,-1
351,62,824,198,198,340,1,-1,-1
352,62,824,198,198,340,1,-1,-1
353,62,825,199,197,339,1,-1,-1
354,62,825,199,197,339,1,-1,-1
355,62,825,199,197,339,1,-1,-1
356,62,825,199,197,339,1,-1,-1
357,62,826,200,196,338,1,-1,-1
358,62,826,200,196,338,1,-1,-1
359,62,826,200,196,338,1,-1,-1
360,62,826,200,196,338,1,-1,-1
361,62,827,201,195,338,1,-1,-1
362,62,827,201,195,338,1,-1,-1
363,62,827,202,195,337,1,-1,-1
364,62,828,203,194,336,1,-1,-1
365,62,828,204,194,335,1,-1,-1
366,62,829,205,193,334,1,-1,-1
367,62,829,206,193,333,1,-1,-1
368,62,829,207,193,332,1,-1,-1
369,62,830,208,192,331,1,-1,-1
370,62,830,209,192,330,1,-1,-1
371,62,831,210,192,329,1,-1,-1
372,62,831,210,192,329,1,-1,-1
373,62,831,210,192,329,1,-1,-1
374,62,831,211,192,328,1,-1,-1
375,62,831,211,192,328,1,-1,-1
376,62,832,212,191,327,1,-1,-1
377,62,832,212,191,327,1,-1,-1
378,62,832,212,191,327,1,-1,-1
379,62,832,213,191,326,1,-1,-1
380,62,832,213,191,326,1,-1,-1
381,62,833,214,190,325,1,-1,-1
382,62,833,214,189,325,1,-1,-1
383,62,833,214,189,325,1,-1,-1
384,62,833,215,189,324,1,-1,-1
385,62,833,215,189,324,1,-1,-1
386,62,833,216,189,323,1,-1,-1
387,62,833,216,188,323,1,-1,-1
388,62,833,216,188,323,1,-1,-1
389,62,833,217,188,322,1,-1,-1
390,62,833,217,188,322,1,-1,-1
391,62,834,218,187,321,1,-1,-1
392,62,834,218,186,321,1,-1,-1
393,62,834,218,186,321,1,-1,-1
394,62,834,219,186,320,1,-1,-1
395,62,834,219,186,320,1,-1,-1
396,62,834,220,186,319,1,-1,-1
397,62,834,220,185,319,1,-1,-1
398,62,834,220,185,319,1,-1,-1
399,62,834,221,185,318,1,-1,-1
400,62,834,221,185,318,1,-1,-1
401,62,835,222,184,317,1,-1,-1
402,62,835,222,184,317,1,-1,-1
403,62,835,223,184,316,1,-1,-1
404,62,835,223,185,316,1,-1,-1
405,62,836,224,184,315,1,-1,-1
406,62,836,224,185,315,1,-1,-1
407,62,836,225,185,314,1,-1,-1
408,62,837,225,184,314,1,-1,-1
409,62,837,226,185,313,1,-1,-1
410,62,837,226,185,313,1,-1,-1
411,62,838,227,185,312,1,-1,-1
412,62,838,227,185,312,1,-1,-1
413,62,839,228,184,311,1,-1,-1
414,62,839,228,184,311,1,-1,-1
415,62,840,229,183,310,1,-1,-1
416,62,840,230,183,309,1,-1,-1
417,62,841,230,182,309,1,-1,-1
418,62,841,231,182,308,1,-1,-1
419,62,842,231,181,308,1,-1,-1
420,62,842,232,181,307,1,-1,-1
421,62,843,233,180,306,1,-1,-1
422,62,843,233,179,306,1,-1,-1
423,62,843,233,179,306,1,-1,-1
424,62,843,234,179,305,1,-1,-1
425,62,844,234,178,305,1,-1,-1
426,62,844,235,178,304,1,-1,-1
427,62,844,235,178,304,1,-1,-1
428,62,845,235,177,304,1,-1,-1
429,62,845,236,177,303,1,-1,-1
430,62,845,236,177,303,1,-1,-1
431,62,846,237,176,302,1,-1,-1
432,62,846,237,176,302,1,-1,-1
433,62,847,238,175,301,1,-1,-1
434,62,847,239,175,300,1,-1,-1
435,62,848,240,174,299,1,-1,-1
436,62,849,241,173,298,1,-1,-1
437,62,849,242,173,297,1,-1,-1
438,62,850,243,172,296,1,-1,-1
439,62,850,244,172,295,1,-1,-1
440,62,851,245,171,294,1,-1,-1
441,62,852,246,171,293,1,-1,-1
442,62,852,246,170,293,1,-1,-1
443,62,853,247,169,292,1,-1,-1
444,62,853,247,169,292,1,-1,-1
445,62,854,248,168,291,1,-1,-1
446,62,854,248,168,291,1,-1,-1
447,62,855,249,167,290,1,-1,-1
448,62,855,249,167,290,1,-1,-1
449,62,856,250,166,289,1,-1,-1
450,62,856,250,166,289,1,-1,-1
451,62,857,251,165,288,1,-1,-1
452,62,857,251,165,288,1,-1,-1
453,62,857,251,165,288,1,-1,-1
454,62,857,251,165,288,1,-1,-1
455,62,857,251,165,288,1,-1,-1
456,62,857,252,165,287,1,-1,-1
457,62,857,252,165,287,1,-1,-1
458,62,857,252,165,287,1,-1,-1
459,62,858,252,164,287,1,-1,-1
460,62,858,252,164,287,1,-1,-1
461,62,858,253,164,286,1,-1,-1
462,62,858,253,164,286,1,-1,-1
463,62,858,253,164,286,1,-1,-1
464,62,858,253,164,286,1,-1,-1
465,62,858,253,164,286,1,-1,-1
466,62,858,254,164,285,1,-1,-1
467,62,859,254,163,285,1,-1,-1
468,62,859,254,163,285,1,-1,-1
469,62,859,254,163,285,1,-1,-1
470,62,859,254,163,285,1,-1,-1
471,62,859,255,163,284,1,-1,-1
472,62,859,255,163,284,1,-1,-1
473,62,859,255,163,284,1,-1,-1
474,62,859,255,163,284,1,-1,-1
475,62,860,255,162,284,1,-1,-1
476,62,860,256,162,283,1,-1,-1
477,62,860,256,162,283,1,-1,-1
478,62,860,256,162,283,1,-1,-1
479,62,860,256,162,283,1,-1,-1
480,62,860,256,162,283,1,-1,-1
481,62,860,257,162,282,1,-1,-1
482,62,860,257,162,282,1,-1,-1
483,62,861,257,161,282,1,-1,-1
484,62,861,257,161,282,1,-1,-1
485,62,861,257,161,282,1,-1,-1
486,62,861,258,161,281,1,-1,-1
487,62,861,258,161,281,1,-1,-1
488,62,861,258,161,281,1,-1,-1
489,62,861,258,161,281,1,-1,-1
490,62,861,258,161,281,1,-1,-1
491,62,862,259,161,280,1,-1,-1
492,62,862,259,161,280,1,-1,-1
493,62,863,260,160,279,1,-1,-1
494,62,864,260,159,279,1,-1,-1
495,62,865,261,158,278,1,-1,-1
496,62,866,262,157,277,1,-1,-1
497,62,867,262,156,277,1,-1,-1
498,62,868,263,155,276,1,-1,-1
499,62,869,263,154,276,1,-1,-1
500,62,870,264,153,275,1,-1,-1
501,62,871,265,152,274,1,-1,-1
502,62,872,265,151,274,1,-1,-1
503,62,873,266,150,273,1,-1,-1
504,62,874,266,149,273,1,-1,-1
505,62,875,267,148,272,1,-1,-1
506,62,876,268,147,271,1,-1,-1
507,62,877,268,146,271,1,-1,-1
508,62,878,269,145,270,1,-1,-1
509,62,879,269,144,270,1,-1,-1
510,62,880,270,143,269,1,-1,-1
511,62,881,271,142,268,1,-1,-1
512,62,882,271,140,268,1,-1,-1
513,62,884,271,138,268,1,-1,-1
514,62,885,272,137,267,1,-1,-1
515,62,887,272,135,267,1,-1,-1
516,62,888,273,134,266,1,-1,-1
517,62,890,273,132,266,1,-1,-1
518,62,891,273,131,266,1,-1,-1
519,62,893,274,129,265,1,-1,-1
520,62,894,274,128,265,1,-1,-1
521,62,896,275,126,265,1,-1,-1
522,62,896,275,126,264,1,-1,-1
523,62,896,275,126,264,1,-1,-1
524,62,896,276,126,263,1,-1,-1
525,62,897,276,125,263,1,-1,-1
526,62,897,277,125,262,1,-1,-1
527,62,897,277,125,262,1,-1,-1
528,62,897,278,125,261,1,-1,-1
529,62,898,278,124,261,1,-1,-1
530,62,898,279,124,260,1,-1,-1
531,62,898,279,124,260,1,-1,-1
532,62,898,279,124,259,1,-1,-1
533,62,899,280,123,258,1,-1,-1
534,62,899,280,123,258,1,-1,-1
535,62,899,281,123,257,1,-1,-1
536,62,899,281,123,257,1,-1,-1
537,62,900,282,122,256,1,-1,-1
538,62,900,282,122,256,1,-1,-1
539,62,900,283,122,255,1,-1,-1
540,62,900,283,122,255,1,-1,-1
541,62,901,284,121,254,1,-1,-1
542,62,901,283,121,255,1,-1,-1
543,62,901,283,121,255,1,-1,-1
544,62,901,283,121,255,1,-1,-1
545,62,901,283,121,255,1,-1,-1
546,62,901,283,121,255,1,-1,-1
547,62,901,283,121,255,1,-1,-1
548,62,901,283,121,255,1,-1,-1
549,62,901,283,121,255,1,-1,-1
550,62,901,283,121,255,1,-1,-1
551,62,902,283,120,255,1,-1,-1
552,62,902,282,120,256,1,-1,-1
553,62,902,282,120,256,1,-1,-1
554,62,902,282,120,256,1,-1,-1
555,62,902,282,120,256,1,-1,-1
556,62,902,282,120,256,1,-1,-1
557,62,902,282,120,256,1,-1,-1
558,62,902,282,120,256,1,-1,-1
559,62,902,282,120,256,1,-1,-1
560,62,902,282,120,256,1,-1,-1
561,62,903,282,120,257,1,-1,-1
562,62,902,282,121,256,1,-1,-1
563,62,902,282,121,256,1,-1,-1
564,62,902,282,121,256,1,-1,-1
565,62,902,282,121,256,1,-1,-1
566,62,902,283,121,255,1,-1,-1
567,62,902,283,121,255,1,-1,-1
568,62,902,283,121,255,1,-1,-1
569,62,902,283,121,255,1,-1,-1
570,62,902,283,121,255,1,-1,-1
571,62,902,284,121,254,1,-1,-1
572,62,901,284,122,254,1,-1,-1
573,62,901,284,122,254,1,-1,-1
574,62,901,284,122,254,1,-1,-1
575,62,901,284,122,254,1,-1,-1
576,62,901,284,122,254,1,-1,-1
577,62,900,284,123,254,1,-1,-1
578,62,900,284,123,254,1,-1,-1
579,62,900,284,123,254,1,-1,-1
580,62,900,284,123,254,1,-1,-1
581,62,900,285,123,254,1,-1,-1
582,62,900,285,122,254,1,-1,-1
583,62,900,286,122,253,1,-1,-1
584,62,900,286,122,253,1,-1,-1
585,62,901,287,121,252,1,-1,-1
586,62,901,288,121,251,1,-1,-1
587,62,901,288,121,251,1,-1,-1
588,62,902,289,120,250,1,-1,-1
589,62,902,289,120,250,1,-1,-1
590,62,902,290,120,249,1,-1,-1
591,62,903,291,119,248,1,-1,-1
592,62,904,291,118,248,1,-1,-1
593,62,906,292,116,247,1,-1,-1
594,62,907,293,115,246,1,-1,-1
595,62,909,293,113,246,1,-1,-1
596,62,910,294,112,245,1,-1,-1
597,62,912,295,110,244,1,-1,-1
598,62,913,296,109,243,1,-1,-1
599,62,915,296,107,243,1,-1,-1
600,62,916,297,106,242,1,-1,-1
601,62,918,298,104,241,1,-1,-1
602,62,920,299,103,240,1,-1,-1
603,62,918,299,105,240,1,-1,-1
604,62,917,300,106,239,1,-1,-1
605,62,916,300,107,239,1,-1,-1
606,62,915,301,108,238,1,-1,-1
607,62,914,302,109,237,1,-1,-1
608,62,913,302,110,237,1,-1,-1
609,62,912,303,111,236,1,-1,-1
610,62,911,303,112,236,1,-1,-1
611,62,910,304,113,235,1,-1,-1
612,62,909,305,114,234,1,-1,-1
613,62,916,306,106,233,1,-1,-1
614,62,924,308,98,231,1,-1,-1
615,62,931,309,91,230,1,-1,-1
616,62,939,311,83,228,1,-1,-1
617,62,947,313,75,226,1,-1,-1
618,62,954,314,68,225,1,-1,-1
619,62,962,316,60,223,1,-1,-1
620,62,969,317,53,222,1,-1,-1
621,62,977,319,45,220,1,-1,-1
622,62,985,321,37,218,1,-1,-1
1,87,766,248,249,284,1,-1,-1
2,87,767,249,248,282,1,-1,-1
3,87,768,250,247,281,1,-1,-1
4,87,769,252,246,279,1,-1,-1
5,87,770,253,245,278,1,-1,-1
6,87,771,255,244,276,1,-1,-1
7,87,772,256,243,275,1,-1,-1
8,87,773,257,242,274,1,-1,-1
9,87,774,259,241,272,1,-1,-1
10,87,775,260,240,271,1,-1,-1
11,87,776,262,240,269,1,-1,-1
12,87,777,263,239,267,1,-1,-1
13,87,778,265,239,265,1,-1,-1
14,87,779,267,239,263,1,-1,-1
15,87,781,269,237,261,1,-1,-1
16,87,782,271,237,259,1,-1,-1
17,87,783,272,237,257,1,-1,-1
18,87,785,274,235,255,1,-1,-1
19,87,786,276,235,253,1,-1,-1
20,87,787,278,235,251,1,-1,-1
21,87,789,280,234,249,1,-1,-1
22,87,789,282,234,248,1,-1,-1
23,87,790,284,233,247,1,-1,-1
24,87,790,286,233,246,1,-1,-1
25,87,791,289,232,244,1,-1,-1
26,87,792,291,231,243,1,-1,-1
27,87,792,293,231,242,1,-1,-1
28,87,793,296,230,240,1,-1,-1
29,87,793,298,230,239,1,-1,-1
30,87,794,300,229,238,1,-1,-1
31,87,795,303,228,236,1,-1,-1
32,87,801,305,221,233,1,-1,-1
33,87,807,308,215,230,1,-1,-1
34,87,813,311,209,227,1,-1,-1
35,87,819,313,203,225,1,-1,-1
36,87,826,316,196,222,1,-1,-1
37,87,832,319,189,219,1,-1,-1
38,87,838,321,183,217,1,-1,-1
39,87,844,324,177,214,1,-1,-1
40,87,850,327,171,211,1,-1,-1
41,87,857,330,164,208,1,-1,-1
42,87,860,334,161,203,1,-1,-1
43,87,863,338,158,199,1,-1,-1
44,87,866,343,155,194,1,-1,-1
45,87,869,347,153,190,1,-1,-1
46,87,872,352,150,185,1,-1,-1
47,87,875,356,147,181,1,-1,-1
48,87,878,360,145,177,1,-1,-1
49,87,881,365,142,172,1,-1,-1
50,87,884,369,139,168,1,-1,-1
51,87,887,374,137,163,1,-1,-1
52,87,886,376,137,161,1,-1,-1
53,87,885,379,138,158,1,-1,-1
54,87,884,382,139,155,1,-1,-1
55,87,884,385,139,152,1,-1,-1
56,87,883,388,140,149,1,-1,-1
57,87,882,390,140,147,1,-1,-1
58,87,882,393,140,144,1,-1,-1
59,87,881,396,141,141,1,-1,-1
60,87,880,399,142,138,1,-1,-1
601,117,973,309,50,92,1,-1,-1
602,117,973,309,49,92,1,-1,-1
603,117,974,309,48,92,1,-1,-1
604,117,974,309,48,92,1,-1,-1
605,117,975,310,47,92,1,-1,-1
606,117,975,310,47,92,1,-1,-1
607,117,976,310,46,92,1,-1,-1
608,117,976,311,46,92,1,-1,-1
609,117,977,311,45,92,1,-1,-1
610,117,977,311,45,92,1,-1,-1
611,117,978,312,44,92,1,-1,-1
612,117,979,312,43,92,1,-1,-1
613,117,979,312,43,92,1,-1,-1
614,117,980,312,42,92,1,-1,-1
615,117,980,313,42,92,1,-1,-1
616,117,981,313,41,92,1,-1,-1
617,117,981,313,41,92,1,-1,-1
618,117,982,314,40,92,1,-1,-1
619,117,982,314,40,92,1,-1,-1
620,117,983,314,39,92,1,-1,-1
1,118,362,3,184,77,1,-1,-1
2,118,361,3,184,77,1,-1,-1
3,118,361,3,184,77,1,-1,-1
4,118,361,3,184,77,1,-1,-1
5,118,361,3,184,77,1,-1,-1
6,118,361,3,184,78,1,-1,-1
7,118,361,3,183,78,1,-1,-1
8,118,361,3,183,78,1,-1,-1
9,118,361,3,183,78,1,-1,-1
10,118,361,3,183,78,1,-1,-1
11,118,361,3,183,79,1,-1,-1
12,118,360,3,183,79,1,-1,-1
13,118,360,3,183,79,1,-1,-1
14,118,360,3,183,79,1,-1,-1
15,118,360,3,183,79,1,-1,-1
16,118,360,3,183,80,1,-1,-1
17,118,360,3,182,80,1,-1,-1
18,118,360,3,182,80,1,-1,-1
19,118,360,3,182,80,1,-1,-1
20,118,360,3,182,80,1,-1,-1
21,118,360,3,182,81,1,-1,-1
22,118,361,3,182,81,1,-1,-1
23,118,362,4,182,81,1,-1,-1
24,118,364,5,182,81,1,-1,-1
25,118,365,6,182,81,1,-1,-1
26,118,367,7,182,81,1,-1,-1
27,118,368,7,182,81,1,-1,-1
28,118,369,8,182,81,1,-1,-1
29,118,371,9,182,81,1,-1,-1
30,118,372,10,182,81,1,-1,-1
31,118,374,11,182,81,1,-1,-1
32,118,378,11,182,81,1,-1,-1
33,118,382,11,182,81,1,-1,-1
34,118,386,11,182,81,1,-1,-1
35,118,390,11,182,82,1,-1,-1
36,118,394,12,183,81,1,-1,-1
37,118,398,12,183,81,1,-1,-1
38,118,402,12,183,82,1,-1,-1
39,118,406,12,183,82,1,-1,-1
40,118,410,12,183,82,1,-1,-1
41,118,415,13,183,82,1,-1,-1
42,118,417,11,183,84,1,-1,-1
43,118,420,10,183,85,1,-1,-1
44,118,423,9,183,86,1,-1,-1
45,118,425,7,184,88,1,-1,-1
46,118,428,6,184,90,1,-1,-1
47,118,431,5,184,91,1,-1,-1
48,118,433,3,185,93,1,-1,-1
49,118,436,2,185,94,1,-1,-1
50,118,439,1,185,95,1,-1,-1
51,118,442,0,185,97,1,-1,-1
52,118,441,0,185,97,1,-1,-1
53,118,441,1,185,96,1,-1,-1
54,118,441,1,185,96,1,-1,-1
55,118,441,2,185,96,1,-1,-1
56,118,441,2,185,96,1,-1,-1
57,118,440,3,185,95,1,-1,-1
58,118,440,3,185,96,1,-1,-1
59,118,440,4,185,95,1,-1,-1
60,118,440,4,185,95,1,-1,-1
61,118,440,5,185,95,1,-1,-1
62,118,440,4,185,96,1,-1,-1
63,118,441,4,185,96,1,-1,-1
64,118,442,3,185,98,1,-1,-1
65,118,443,3,184,98,1,-1,-1
66,118,444,2,184,100,1,-1,-1
67,118,444,2,185,100,1,-1,-1
68,118,445,1,184,101,1,-1,-1
69,118,446,1,184,102,1,-1,-1
70,118,447,0,184,103,1,-1,-1
71,118,448,0,184,104,1,-1,-1
72,118,447,0,184,104,1,-1,-1
73,118,447,0,184,105,1,-1,-1
74,118,446,0,184,105,1,-1,-1
75,118,446,0,184,106,1,-1,-1
76,118,445,0,185,107,1,-1,-1
77,118,445,0,184,107,1,-1,-1
78,118,444,0,185,108,1,-1,-1
79,118,444,0,184,108,1,-1,-1
80,118,443,0,185,109,1,-1,-1
81,118,443,0,185,110,1,-1,-1
82,118,442,0,185,110,1,-1,-1
83,118,441,0,185,110,1,-1,-1
84,118,441,0,185,110,1,-1,-1
85,118,440,0,185,111,1,-1,-1
86,118,440,0,184,111,1,-1,-1
87,118,439,0,185,111,1,-1,-1
88,118,439,0,184,111,1,-1,-1
89,118,438,0,184,112,1,-1,-1
90,118,438,0,184,112,1,-1,-1
91,118,437,0,184,112,1,-1,-1
92,118,437,0,184,113,1,-1,-1
93,118,437,0,184,111,1,-1,-1
94,118,438,0,184,109,1,-1,-1
95,118,438,0,184,107,1,-1,-1
96,118,439,0,184,105,1,-1,-1
97,118,439,0,184,103,1,-1,-1
98,118,440,0,184,101,1,-1,-1
99,118,440,0,184,99,1,-1,-1
100,118,441,0,184,97,1,-1,-1
101,118,441,0,184,95,1,-1,-1
102,118,442,0,184,93,1,-1,-1
103,118,441,0,184,93,1,-1,-1
104,118,440,0,184,93,1,-1,-1
105,118,440,0,184,93,1,-1,-1
106,118,439,0,184,94,1,-1,-1
107,118,438,0,184,94,1,-1,-1
108,118,438,0,184,94,1,-1,-1
109,118,437,0,184,95,1,-1,-1
110,118,436,0,184,95,1,-1,-1
111,118,436,0,184,95,1,-1,-1
112,118,435,0,184,96,1,-1,-1
113,118,434,0,184,96,1,-1,-1
114,118,434,0,184,96,1,-1,-1
115,118,433,0,184,96,1,-1,-1
116,118,432,0,184,97,1,-1,-1
117,118,432,0,184,97,1,-1,-1
118,118,431,0,184,97,1,-1,-1
119,118,430,0,184,98,1,-1,-1
120,118,430,0,184,98,1,-1,-1
121,118,429,0,184,98,1,-1,-1
122,118,429,0,184,99,1,-1,-1
123,118,428,0,184,98,1,-1,-1
124,118,428,0,184,97,1,-1,-1
125,118,428,0,184,96,1,-1,-1
126,118,428,0,183,95,1,-1,-1
127,118,427,0,184,94,1,-1,-1
128,118,427,0,184,93,1,-1,-1
129,118,427,0,183,92,1,-1,-1
130,118,427,0,183,91,1,-1,-1
131,118,427,0,183,91,1,-1,-1
132,118,426,0,183,91,1,-1,-1
133,118,426,0,183,91,1,-1,-1
134,118,425,0,183,91,1,-1,-1
135,118,425,0,183,92,1,-1,-1
136,118,425,0,182,92,1,-1,-1
137,118,424,0,183,92,1,-1,-1
138,118,424,0,182,93,1,-1,-1
139,118,423,0,183,93,1,-1,-1
140,118,423,0,182,93,1,-1,-1
141,118,423,0,182,94,1,-1,-1
142,118,422,0,181,94,1,-1,-1
143,118,421,0,181,94,1,-1,-1
144,118,420,0,180,94,1,-1,-1
145,118,419,0,180,95,1,-1,-1
146,118,418,0,179,95,1,-1,-1
147,118,418,0,178,95,1,-1,-1
148,118,417,0,177,95,1,-1,-1
149,118,416,0,177,96,1,-1,-1
150,118,415,0,176,96,1,-1,-1
151,118,414,0,176,96,1,-1,-1
152,118,414,0,175,97,1,-1,-1
153,118,413,0,175,97,1,-1,-1
154,118,413,0,175,97,1,-1,-1
155,118,412,0,175,97,1,-1,-1
156,118,412,0,175,98,1,-1,-1
157,118,412,0,174,98,1,-1,-1
158,118,411,0,175,98,1,-1,-1
159,118,411,0,174,99,1,-1,-1
160,118,410,0,175,99,1,-1,-1
161,118,410,0,174,99,1,-1,-1
162,118,410,0,174,100,1,-1,-1
163,118,409,0,174,100,1,-1,-1
164,118,409,0,174,100,1,-1,-1
165,118,408,0,174,101,1,-1,-1
166,118,408,0,174,101,1,-1,-1
167,118,408,0,173,102,1,-1,-1
168,118,407,0,174,102,1,-1,-1
169,118,407,0,173,102,1,-1,-1
170,118,406,0,174,103,1,-1,-1
171,118,406,0,173,103,1,-1,-1
172,118,406,0,173,104,1,-1,-1
173,118,405,0,173,104,1,-1,-1
174,118,405,0,173,104,1,-1,-1
175,118,405,0,173,104,1,-1,-1
176,118,404,0,174,104,1,-1,-1
177,118,404,0,174,105,1,-1,-1
178,118,404,0,173,105,1,-1,-1
179,118,403,0,174,105,1,-1,-1
180,118,403,0,174,105,1,-1,-1
181,118,403,0,174,105,1,-1,-1
182,118,403,0,174,106,1,-1,-1
183,118,402,0,174,106,1,-1,-1
184,118,402,0,174,107,1,-1,-1
185,118,401,0,174,107,1,-1,-1
186,118,401,0,174,108,1,-1,-1
187,118,401,0,174,108,1,-1,-1
188,118,400,0,174,109,1,-1,-1
189,118,400,0,174,109,1,-1,-1
190,118,399,0,174,110,1,-1,-1
191,118,399,0,174,110,1,-1,-1
192,118,399,0,174,111,1,-1,-1
193,118,398,0,174,111,1,-1,-1
194,118,397,0,175,111,1,-1,-1
195,118,396,0,175,111,1,-1,-1
196,118,396,0,175,111,1,-1,-1
197,118,395,0,175,111,1,-1,-1
198,118,395,0,175,112,1,-1,-1
199,118,395,0,174,112,1,-1,-1
200,118,395,0,174,113,1,-1,-1
201,118,395,0,173,113,1,-1,-1
202,118,395,0,173,114,1,-1,-1
203,118,394,0,173,114,1,-1,-1
204,118,394,0,173,115,1,-1,-1
205,118,393,0,173,115,1,-1,-1
206,118,393,0,173,116,1,-1,-1
207,118,392,0,173,114,1,-1,-1
208,118,392,0,173,113,1,-1,-1
209,118,391,0,174,111,1,-1,-1
210,118,391,0,173,110,1,-1,-1
211,118,391,0,173,109,1,-1,-1
212,118,390,0,174,107,1,-1,-1
213,118,390,0,173,106,1,-1,-1
214,118,389,0,174,104,1,-1,-1
215,118,389,0,174,103,1,-1,-1
216,118,389,0,174,102,1,-1,-1
217,118,388,0,174,102,1,-1,-1
218,118,388,0,174,102,1,-1,-1
219,118,388,0,174,102,1,-1,-1
220,118,388,0,174,102,1,-1,-1
221,118,388,0,174,102,1,-1,-1
222,118,388,0,174,102,1,-1,-1
223,118,387,0,183,102,1,-1,-1
224,118,386,0,193,103,1,-1,-1
225,118,385,0,203,103,1,-1,-1
226,118,385,0,212,104,1,-1,-1
227,118,386,0,205,104,1,-1,-1
228,118,387,0,199,105,1,-1,-1
229,118,388,0,193,106,1,-1,-1
230,118,389,0,186,106,1,-1,-1
231,118,390,0,180,107,1,-1,-1
232,118,392,0,173,108,1,-1,-1
233,118,393,0,173,107,1,-1,-1
234,118,394,0,173,107,1,-1,-1
235,118,395,0,173,107,1,-1,-1
236,118,396,0,174,107,1,-1,-1
237,118,395,0,178,107,1,-1,-1
238,118,395,0,181,107,1,-1,-1
239,118,395,0,184,107,1,-1,-1
240,118,394,0,188,107,1,-1,-1
241,118,394,0,191,107,1,-1,-1
242,118,394,0,194,108,1,-1,-1
243,118,393,0,197,108,1,-1,-1
244,118,393,0,200,108,1,-1,-1
245,118,392,0,204,108,1,-1,-1
246,118,392,0,207,109,1,-1,-1
247,118,392,0,207,108,1,-1,-1
248,118,393,0,207,107,1,-1,-1
249,118,393,0,207,106,1,-1,-1
250,118,394,0,207,105,1,-1,-1
251,118,394,0,207,104,1,-1,-1
252,118,395,0,207,103,1,-1,-1
253,118,394,0,207,102,1,-1,-1
254,118,393,0,207,101,1,-1,-1
255,118,392,0,207,100,1,-1,-1
256,118,392,0,206,99,1,-1,-1
257,118,391,0,206,98,1,-1,-1
258,118,390,0,206,97,1,-1,-1
259,118,390,0,205,96,1,-1,-1
260,118,389,0,205,95,1,-1,-1
261,118,388,0,205,94,1,-1,-1
262,118,388,0,204,93,1,-1,-1
263,118,389,0,203,91,1,-1,-1
264,118,390,0,203,90,1,-1,-1
265,118,391,0,203,89,1,-1,-1
266,118,392,0,202,88,1,-1,-1
267,118,393,0,202,87,1,-1,-1
268,118,394,0,202,86,1,-1,-1
269,118,395,0,201,85,1,-1,-1
270,118,396,0,201,84,1,-1,-1
271,118,397,0,201,83,1,-1,-1
272,118,399,0,200,82,1,-1,-1
273,118,399,0,200,81,1,-1,-1
274,118,400,0,199,80,1,-1,-1
275,118,401,0,198,79,1,-1,-1
276,118,401,0,199,78,1,-1,-1
277,118,402,0,198,77,1,-1,-1
278,118,403,0,197,76,1,-1,-1
279,118,403,0,198,75,1,-1,-1
280,118,404,0,197,74,1,-1,-1
281,118,405,0,196,73,1,-1,-1
282,118,406,0,196,73,1,-1,-1
283,118,404,0,196,72,1,-1,-1
284,118,403,0,196,71,1,-1,-1
285,118,402,0,195,70,1,-1,-1
286,118,401,0,195,69,1,-1,-1
287,118,400,0,194,68,1,-1,-1
288,118,398,0,195,67,1,-1,-1
289,118,397,0,194,66,1,-1,-1
290,118,396,0,194,65,1,-1,-1
291,118,395,0,193,64,1,-1,-1
292,118,394,0,193,64,1,-1,-1
293,118,396,0,192,63,1,-1,-1
294,118,398,0,192,63,1,-1,-1
295,118,400,0,191,63,1,-1,-1
296,118,402,0,191,62,1,-1,-1
297,118,404,0,190,62,1,-1,-1
298,118,406,0,190,62,1,-1,-1
299,118,408,0,189,61,1,-1,-1
300,118,410,0,189,61,1,-1,-1
301,118,412,0,189,61,1,-1,-1
302,118,411,0,190,60,1,-1,-1
303,118,411,0,190,59,1,-1,-1
304,118,410,0,191,58,1,-1,-1
305,118,410,0,191,57,1,-1,-1
306,118,409,0,192,56,1,-1,-1
307,118,409,0,192,55,1,-1,-1
308,118,408,0,194,54,1,-1,-1
309,118,408,0,194,53,1,-1,-1
310,118,407,0,195,52,1,-1,-1
311,118,407,0,195,51,1,-1,-1
312,118,407,0,195,50,1,-1,-1
313,118,406,0,196,49,1,-1,-1
314,118,406,0,196,48,1,-1,-1
315,118,405,0,198,47,1,-1,-1
316,118,405,0,198,46,1,-1,-1
317,118,404,0,199,45,1,-1,-1
318,118,404,0,199,44,1,-1,-1
319,118,403,0,200,43,1,-1,-1
320,118,403,0,200,42,1,-1,-1
321,118,403,0,201,41,1,-1,-1
322,118,403,0,200,41,1,-1,-1
323,118,403,0,200,41,1,-1,-1
324,118,403,0,200,41,1,-1,-1
325,118,403,0,200,41,1,-1,-1
326,118,403,0,200,41,1,-1,-1
327,118,403,0,200,41,1,-1,-1
328,118,403,0,200,41,1,-1,-1
329,118,403,0,200,41,1,-1,-1
330,118,403,0,200,41,1,-1,-1
331,118,403,0,200,42,1,-1,-1
332,118,403,0,200,42,1,-1,-1
333,118,403,0,200,42,1,-1,-1
334,118,403,0,200,42,1,-1,-1
335,118,403,0,200,42,1,-1,-1
336,118,403,0,200,42,1,-1,-1
337,118,403,0,200,42,1,-1,-1
338,118,403,0,200,42,1,-1,-1
339,118,403,0,200,42,1,-1,-1
340,118,403,0,200,42,1,-1,-1
341,118,403,0,200,43,1,-1,-1
342,118,403,0,200,43,1,-1,-1
343,118,403,0,200,43,1,-1,-1
344,118,403,0,200,43,1,-1,-1
345,118,403,0,200,43,1,-1,-1
346,118,403,0,200,43,1,-1,-1
347,118,403,0,200,43,1,-1,-1
348,118,403,0,200,43,1,-1,-1
349,118,403,0,200,43,1,-1,-1
350,118,403,0,200,43,1,-1,-1
351,118,403,0,200,44,1,-1,-1
352,118,403,0,199,44,1,-1,-1
353,118,403,0,199,45,1,-1,-1
354,118,403,0,198,45,1,-1,-1
355,118,403,0,198,46,1,-1,-1
356,118,403,0,197,47,1,-1,-1
357,118,403,0,197,47,1,-1,-1
358,118,403,0,196,48,1,-1,-1
359,118,403,0,196,48,1,-1,-1
360,118,403,0,195,49,1,-1,-1
361,118,403,0,195,50,1,-1,-1
362,118,403,0,194,50,1,-1,-1
363,118,403,0,194,50,1,-1,-1
364,118,403,0,194,50,1,-1,-1
365,118,403,0,194,50,1,-1,-1
366,118,403,0,194,51,1,-1,-1
367,118,403,0,194,51,1,-1,-1
368,118,403,0,194,51,1,-1,-1
369,118,403,0,194,51,1,-1,-1
370,118,403,0,194,51,1,-1,-1
371,118,403,0,194,52,1,-1,-1
372,118,403,0,193,52,1,-1,-1
373,118,403,0,193,52,1,-1,-1
374,118,403,0,193,52,1,-1,-1
375,118,403,0,193,52,1,-1,-1
376,118,403,0,193,52,1,-1,-1
377,118,403,0,193,52,1,-1,-1
378,118,403,0,193,52,1,-1,-1
379,118,403,0,193,52,1,-1,-1
380,118,403,0,193,52,1,-1,-1
381,118,403,0,193,53,1,-1,-1
382,118,403,0,192,53,1,-1,-1
383,118,403,0,192,53,1,-1,-1
384,118,403,0,192,53,1,-1,-1
385,118,403,0,192,54,1,-1,-1
386,118,403,0,192,54,1,-1,-1
387,118,403,0,192,54,1,-1,-1
388,118,403,0,192,55,1,-1,-1
389,118,403,0,192,55,1,-1,-1
390,118,403,0,192,55,1,-1,-1
391,118,403,0,192,56,1,-1,-1
392,118,403,0,191,56,1,-1,-1
393,118,403,0,191,56,1,-1,-1
394,118,403,0,191,56,1,-1,-1
395,118,403,0,191,57,1,-1,-1
396,118,403,0,191,57,1,-1,-1
397,118,403,0,190,57,1,-1,-1
398,118,403,0,190,58,1,-1,-1
399,118,403,0,190,58,1,-1,-1
400,118,403,0,190,58,1,-1,-1
401,118,403,0,190,59,1,-1,-1
402,118,403,0,189,59,1,-1,-1
403,118,403,0,189,59,1,-1,-1
404,118,403,0,188,59,1,-1,-1
405,118,403,0,188,59,1,-1,-1
406,118,403,0,188,60,1,-1,-1
407,118,403,0,187,60,1,-1,-1
408,118,403,0,187,60,1,-1,-1
409,118,403,0,186,60,1,-1,-1
410,118,403,0,186,60,1,-1,-1
411,118,403,0,186,61,1,-1,-1
412,118,403,0,185,61,1,-1,-1
413,118,403,0,185,61,1,-1,-1
414,118,403,0,185,61,1,-1,-1
415,118,403,0,185,62,1,-1,-1
416,118,403,0,185,62,1,-1,-1
417,118,403,0,184,62,1,-1,-1
418,118,403,0,184,63,1,-1,-1
419,118,403,0,184,63,1,-1,-1
420,118,403,0,184,63,1,-1,-1
421,118,403,0,184,64,1,-1,-1
422,118,402,0,185,64,1,-1,-1
423,118,402,0,185,65,1,-1,-1
424,118,402,0,185,65,1,-1,-1
425,118,402,0,185,66,1,-1,-1
426,118,402,0,185,66,1,-1,-1
427,118,402,0,185,67,1,-1,-1
428,118,402,0,185,67,1,-1,-1
429,118,402,0,185,68,1,-1,-1
430,118,402,0,185,68,1,-1,-1
431,118,402,0,185,69,1,-1,-1
432,118,401,0,185,69,1,-1,-1
433,118,401,0,185,69,1,-1,-1
434,118,401,0,185,69,1,-1,-1
435,118,401,0,185,70,1,-1,-1
436,118,401,0,185,70,1,-1,-1
437,118,401,0,185,70,1,-1,-1
438,118,401,0,185,70,1,-1,-1
439,118,401,0,185,71,1,-1,-1
440,118,401,0,185,71,1,-1,-1
441,118,401,0,185,71,1,-1,-1
442,118,401,0,185,71,1,-1,-1
443,118,401,0,185,72,1,-1,-1
444,118,401,0,185,72,1,-1,-1
445,118,401,0,185,72,1,-1,-1
446,118,401,0,185,72,1,-1,-1
447,118,401,0,185,73,1,-1,-1
448,118,401,0,185,73,1,-1,-1
449,118,401,0,185,73,1,-1,-1
450,118,401,0,185,73,1,-1,-1
451,118,401,0,185,74,1,-1,-1
452,118,400,0,185,74,1,-1,-1
453,118,400,0,185,74,1,-1,-1
454,118,400,0,185,74,1,-1,-1
455,118,400,0,185,74,1,-1,-1
456,118,400,0,185,74,1,-1,-1
457,118,400,0,185,74,1,-1,-1
458,118,400,0,185,74,1,-1,-1
459,118,400,0,185,74,1,-1,-1
460,118,400,0,185,74,1,-1,-1
461,118,400,0,185,75,1,-1,-1
462,118,400,0,184,75,1,-1,-1
463,118,400,0,184,75,1,-1,-1
464,118,400,0,184,76,1,-1,-1
465,118,400,0,184,76,1,-1,-1
466,118,400,0,184,77,1,-1,-1
467,118,400,0,184,77,1,-1,-1
468,118,400,0,184,77,1,-1,-1
469,118,400,0,184,78,1,-1,-1
470,118,400,0,184,78,1,-1,-1
471,118,400,0,184,79,1,-1,-1
472,118,399,0,184,79,1,-1,-1
473,118,399,0,184,79,1,-1,-1
474,118,399,0,184,79,1,-1,-1
475,118,399,0,184,80,1,-1,-1
476,118,399,0,184,80,1,-1,-1
477,118,399,0,184,80,1,-1,-1
478,118,399,0,184,81,1,-1,-1
479,118,399,0,184,81,1,-1,-1
480,118,399,0,184,81,1,-1,-1
481,118,399,0,184,82,1,-1,-1
482,118,398,0,184,81,1,-1,-1
483,118,398,0,184,81,1,-1,-1
484,118,398,0,184,81,1,-1,-1
485,118,398,0,184,81,1,-1,-1
486,118,398,0,184,80,1,-1,-1
487,118,398,0,184,80,1,-1,-1
488,118,398,0,183,80,1,-1,-1
489,118,398,0,183,80,1,-1,-1
490,118,398,0,183,79,1,-1,-1
491,118,398,0,183,79,1,-1,-1
492,118,398,0,183,79,1,-1,-1
493,118,398,0,183,79,1,-1,-1
494,118,398,0,183,78,1,-1,-1
495,118,398,0,182,78,1,-1,-1
496,118,398,0,182,78,1,-1,-1
497,118,398,0,182,78,1,-1,-1
498,118,398,0,182,77,1,-1,-1
499,118,398,0,182,77,1,-1,-1
500,118,398,0,182,77,1,-1,-1
501,118,398,0,182,77,1,-1,-1
502,118,397,0,182,77,1,-1,-1
503,118,397,0,182,77,1,-1,-1
504,118,397,0,181,77,1,-1,-1
505,118,396,0,182,78,1,-1,-1
506,118,396,0,181,78,1,-1,-1
507,118,396,0,181,78,1,-1,-1
508,118,395,0,181,79,1,-1,-1
509,118,395,0,181,79,1,-1,-1
510,118,395,0,180,79,1,-1,-1
511,118,395,0,180,80,1,-1,-1
512,118,395,0,179,80,1,-1,-1
513,118,395,0,179,80,1,-1,-1
514,118,395,0,179,81,1,-1,-1
515,118,395,0,179,81,1,-1,-1
516,118,395,0,179,82,1,-1,-1
517,118,395,0,179,82,1,-1,-1
518,118,395,0,179,82,1,-1,-1
519,118,395,0,179,83,1,-1,-1
520,118,395,0,179,83,1,-1,-1
521,118,395,0,179,84,1,-1,-1
522,118,394,0,179,84,1,-1,-1
523,118,394,0,179,84,1,-1,-1
524,118,394,0,178,84,1,-1,-1
525,118,394,0,178,84,1,-1,-1
526,118,394,0,177,84,1,-1,-1
527,118,394,0,177,84,1,-1,-1
528,118,394,0,176,84,1,-1,-1
529,118,394,0,176,84,1,-1,-1
530,118,394,0,175,84,1,-1,-1
531,118,394,0,175,84,1,-1,-1
532,118,394,0,174,84,1,-1,-1
533,118,394,0,174,85,1,-1,-1
534,118,394,0,174,86,1,-1,-1
535,118,394,0,174,86,1,-1,-1
536,118,394,0,174,87,1,-1,-1
537,118,394,0,174,88,1,-1,-1
538,118,394,0,174,88,1,-1,-1
539,118,394,0,174,89,1,-1,-1
540,118,394,0,174,90,1,-1,-1
541,118,394,0,174,91,1,-1,-1
542,118,393,0,174,91,1,-1,-1
543,118,393,0,174,91,1,-1,-1
544,118,393,0,174,91,1,-1,-1
545,118,393,0,174,92,1,-1,-1
546,118,393,0,174,92,1,-1,-1
547,118,393,0,173,92,1,-1,-1
548,118,393,0,173,93,1,-1,-1
549,118,393,0,173,93,1,-1,-1
550,118,393,0,173,93,1,-1,-1
551,118,393,0,173,94,1,-1,-1
552,118,393,0,177,94,1,-1,-1
553,118,393,0,182,94,1,-1,-1
554,118,393,0,186,94,1,-1,-1
555,118,393,0,191,94,1,-1,-1
556,118,393,0,196,94,1,-1,-1
557,118,393,0,200,94,1,-1,-1
558,118,393,0,205,94,1,-1,-1
559,118,393,0,209,94,1,-1,-1
560,118,393,0,214,94,1,-1,-1
561,118,393,0,219,95,1,-1,-1
562,118,392,0,223,95,1,-1,-1
563,118,392,0,226,95,1,-1,-1
564,118,392,0,229,96,1,-1,-1
565,118,392,0,233,96,1,-1,-1
566,118,392,0,236,97,1,-1,-1
567,118,392,0,239,97,1,-1,-1
568,118,392,0,243,97,1,-1,-1
569,118,392,0,246,98,1,-1,-1
570,118,392,0,249,98,1,-1,-1
571,118,392,0,253,99,1,-1,-1
572,118,392,0,251,99,1,-1,-1
573,118,392,0,250,99,1,-1,-1
574,118,392,0,248,99,1,-1,-1
575,118,392,0,247,99,1,-1,-1
576,118,392,0,246,99,1,-1,-1
577,118,392,0,244,99,1,-1,-1
578,118,392,0,243,99,1,-1,-1
579,118,392,0,241,99,1,-1,-1
580,118,392,0,240,99,1,-1,-1
581,118,392,0,239,100,1,-1,-1
582,118,392,0,243,100,1,-1,-1
583,118,392,0,247,101,1,-1,-1
584,118,392,0,251,101,1,-1,-1
585,118,392,0,256,102,1,-1,-1
586,118,392,0,260,102,1,-1,-1
587,118,392,0,264,103,1,-1,-1
588,118,392,0,269,103,1,-1,-1
589,118,392,0,273,104,1,-1,-1
590,118,392,0,277,104,1,-1,-1
591,118,393,0,281,105,1,-1,-1
592,118,393,0,277,105,1,-1,-1
593,118,393,0,274,106,1,-1,-1
594,118,393,0,270,107,1,-1,-1
595,118,393,0,267,107,1,-1,-1
596,118,393,0,264,108,1,-1,-1
597,118,393,0,260,109,1,-1,-1
598,118,393,0,257,109,1,-1,-1
599,118,393,0,253,110,1,-1,-1
600,118,393,0,250,111,1,-1,-1
601,118,393,0,247,112,1,-1,-1
602,118,392,0,246,112,1,-1,-1
603,118,392,0,245,112,1,-1,-1
604,118,392,0,243,112,1,-1,-1
605,118,392,0,242,113,1,-1,-1
606,118,392,0,241,113,1,-1,-1
607,118,391,0,240,113,1,-1,-1
608,118,391,0,239,114,1,-1,-1
609,118,391,0,237,114,1,-1,-1
610,118,391,0,236,114,1,-1,-1
611,118,391,0,235,115,1,-1,-1
612,118,390,0,235,115,1,-1,-1
613,118,390,0,235,115,1,-1,-1
614,118,390,0,234,115,1,-1,-1
615,118,389,0,235,115,1,-1,-1
616,118,389,0,234,115,1,-1,-1
617,118,389,0,234,115,1,-1,-1
618,118,388,0,234,115,1,-1,-1
619,118,388,0,234,115,1,-1,-1
620,118,388,0,233,115,1,-1,-1
621,118,388,0,233,115,1,-1,-1
622,118,388,0,233,114,1,-1,-1
623,118,388,0,233,113,1,-1,-1
624,118,388,0,233,113,1,-1,-1
625,118,388,0,234,112,1,-1,-1
626,118,389,0,233,112,1,-1,-1
627,118,389,0,233,111,1,-1,-1
628,118,389,0,234,110,1,-1,-1
629,118,389,0,234,110,1,-1,-1
630,118,389,0,234,109,1,-1,-1
631,118,390,0,234,109,1,-1,-1
632,118,389,0,234,108,1,-1,-1
633,118,389,0,234,108,1,-1,-1
634,118,389,0,234,108,1,-1,-1
635,118,389,0,234,107,1,-1,-1
636,118,389,0,234,107,1,-1,-1
637,118,389,0,234,107,1,-1,-1
638,118,389,0,234,106,1,-1,-1
639,118,389,0,234,106,1,-1,-1
640,118,389,0,234,106,1,-1,-1
641,118,389,0,234,106,1,-1,-1
642,118,389,0,234,106,1,-1,-1
643,118,389,0,234,106,1,-1,-1
644,118,389,0,234,106,1,-1,-1
645,118,389,0,234,106,1,-1,-1
646,118,389,0,234,106,1,-1,-1
647,118,389,0,234,106,1,-1,-1
648,118,389,0,234,106,1,-1,-1
649,118,389,0,234,106,1,-1,-1
650,118,389,0,234,106,1,-1,-1
651,118,390,0,234,106,1,-1,-1
652,118,390,0,234,106,1,-1,-1
653,118,390,0,234,106,1,-1,-1
654,118,390,0,234,106,1,-1,-1
655,118,390,0,234,106,1,-1,-1
656,118,390,0,234,106,1,-1,-1
657,118,390,0,234,106,1,-1,-1
658,118,390,0,234,106,1,-1,-1
659,118,390,0,234,106,1,-1,-1
660,118,390,0,234,106,1,-1,-1
661,118,391,0,234,106,1,-1,-1
662,118,391,0,234,106,1,-1,-1
663,118,391,0,234,106,1,-1,-1
664,118,391,0,234,106,1,-1,-1
665,118,391,0,234,106,1,-1,-1
666,118,391,0,234,106,1,-1,-1
667,118,391,0,234,106,1,-1,-1
668,118,391,0,234,106,1,-1,-1
669,118,391,0,234,106,1,-1,-1
670,118,391,0,234,106,1,-1,-1
671,118,392,0,233,107,1,-1,-1
672,118,392,0,233,106,1,-1,-1
673,118,392,0,233,105,1,-1,-1
674,118,392,0,233,104,1,-1,-1
675,118,392,0,234,103,1,-1,-1
676,118,393,0,233,103,1,-1,-1
677,118,393,0,233,102,1,-1,-1
678,118,393,0,234,101,1,-1,-1
679,118,393,0,234,100,1,-1,-1
680,118,393,0,234,99,1,-1,-1
681,118,394,0,234,99,1,-1,-1
682,118,394,0,234,97,1,-1,-1
683,118,394,0,234,96,1,-1,-1
684,118,394,0,234,94,1,-1,-1
685,118,395,0,233,93,1,-1,-1
686,118,395,0,233,92,1,-1,-1
687,118,395,0,233,90,1,-1,-1
688,118,396,0,232,89,1,-1,-1
689,118,396,0,232,87,1,-1,-1
690,118,396,0,232,86,1,-1,-1
691,118,397,0,231,85,1,-1,-1
692,118,397,0,231,84,1,-1,-1
693,118,397,0,231,83,1,-1,-1
694,118,397,0,231,82,1,-1,-1
695,118,397,0,231,81,1,-1,-1
696,118,397,0,231,80,1,-1,-1
697,118,397,0,231,79,1,-1,-1
698,118,397,0,231,78,1,-1,-1
699,118,397,0,231,77,1,-1,-1
700,118,397,0,231,76,1,-1,-1
701,118,397,0,231,76,1,-1,-1
702,118,397,0,231,77,1,-1,-1
703,118,397,0,231,79,1,-1,-1
704,118,397,0,232,81,1,-1,-1
705,118,397,0,232,83,1,-1,-1
706,118,397,0,233,85,1,-1,-1
707,118,397,0,233,86,1,-1,-1
708,118,397,0,233,88,1,-1,-1
709,118,397,0,234,90,1,-1,-1
710,118,397,0,234,92,1,-1,-1
711,118,397,0,235,94,1,-1,-1
712,118,397,0,235,91,1,-1,-1
713,118,397,0,235,89,1,-1,-1
714,118,398,0,234,87,1,-1,-1
715,118,398,0,235,85,1,-1,-1
716,118,399,0,234,83,1,-1,-1
717,118,399,0,234,81,1,-1,-1
718,118,399,0,235,79,1,-1,-1
719,118,400,0,234,77,1,-1,-1
720,118,400,0,234,75,1,-1,-1
721,118,401,0,234,73,1,-1,-1
722,118,400,0,234,71,1,-1,-1
723,118,400,0,234,70,1,-1,-1
724,118,400,0,234,68,1,-1,-1
725,118,400,0,234,67,1,-1,-1
726,118,400,0,234,65,1,-1,-1
727,118,400,0,234,64,1,-1,-1
728,118,400,0,234,62,1,-1,-1
729,118,400,0,234,61,1,-1,-1
730,118,400,0,234,59,1,-1,-1
731,118,400,0,234,58,1,-1,-1
732,118,399,0,234,56,1,-1,-1
733,118,399,0,234,55,1,-1,-1
734,118,399,0,234,54,1,-1,-1
735,118,399,0,234,53,1,-1,-1
736,118,399,0,234,52,1,-1,-1
737,118,398,0,235,51,1,-1,-1
738,118,398,0,235,50,1,-1,-1
739,118,398,0,235,49,1,-1,-1
740,118,398,0,235,48,1,-1,-1
741,118,398,0,235,47,1,-1,-1
742,118,397,0,235,46,1,-1,-1
743,118,397,0,235,45,1,-1,-1
744,118,397,0,235,44,1,-1,-1
745,118,397,0,235,43,1,-1,-1
746,118,397,0,235,43,1,-1,-1
747,118,396,0,235,42,1,-1,-1
748,118,396,0,235,41,1,-1,-1
749,118,396,0,235,40,1,-1,-1
750,118,396,0,235,39,1,-1,-1
751,118,396,0,235,39,1,-1,-1
752,118,396,0,234,40,1,-1,-1
753,118,396,0,234,41,1,-1,-1
754,118,396,0,234,42,1,-1,-1
755,118,396,0,234,44,1,-1,-1
756,118,396,0,234,45,1,-1,-1
757,118,396,0,234,46,1,-1,-1
758,118,396,0,234,48,1,-1,-1
759,118,396,0,234,49,1,-1,-1
760,118,396,0,234,50,1,-1,-1
761,118,397,0,233,52,1,-1,-1
762,118,397,0,233,53,1,-1,-1
763,118,397,0,233,54,1,-1,-1
764,118,397,0,233,55,1,-1,-1
765,118,397,0,234,57,1,-1,-1
766,118,397,0,234,58,1,-1,-1
767,118,397,0,234,59,1,-1,-1
768,118,397,0,235,61,1,-1,-1
769,118,397,0,235,62,1,-1,-1
770,118,397,0,235,63,1,-1,-1
771,118,398,0,235,65,1,-1,-1
772,118,397,0,234,65,1,-1,-1
773,118,396,0,234,65,1,-1,-1
774,118,395,0,234,65,1,-1,-1
775,118,394,0,234,66,1,-1,-1
776,118,393,0,234,66,1,-1,-1
777,118,392,0,234,66,1,-1,-1
778,118,391,0,234,67,1,-1,-1
779,118,390,0,234,67,1,-1,-1
780,118,389,0,234,67,1,-1,-1
781,118,388,0,234,68,1,-1,-1
782,118,386,0,235,67,1,-1,-1
783,118,385,0,235,67,1,-1,-1
784,118,384,0,235,67,1,-1,-1
785,118,383,0,235,67,1,-1,-1
786,118,382,0,235,67,1,-1,-1
787,118,381,0,235,67,1,-1,-1
788,118,380,0,235,67,1,-1,-1
789,118,379,0,235,67,1,-1,-1
790,118,378,0,235,67,1,-1,-1
791,118,377,0,235,67,1,-1,-1
792,118,379,0,235,67,1,-1,-1
793,118,382,0,235,67,1,-1,-1
794,118,385,0,235,67,1,-1,-1
795,118,388,0,235,68,1,-1,-1
796,118,391,0,235,68,1,-1,-1
797,118,394,0,234,68,1,-1,-1
798,118,397,0,234,69,1,-1,-1
799,118,400,0,234,69,1,-1,-1
800,118,403,0,234,69,1,-1,-1
801,118,406,0,234,70,1,-1,-1
802,118,405,0,233,68,1,-1,-1
803,118,404,0,233,67,1,-1,-1
804,118,403,0,233,65,1,-1,-1
805,118,402,0,232,64,1,-1,-1
806,118,402,0,231,63,1,-1,-1
807,118,401,0,231,61,1,-1,-1
808,118,400,0,230,60,1,-1,-1
809,118,399,0,230,58,1,-1,-1
810,118,398,0,230,57,1,-1,-1
811,118,398,0,229,56,1,-1,-1
812,118,399,0,229,55,1,-1,-1
813,118,400,0,230,55,1,-1,-1
814,118,401,0,230,55,1,-1,-1
815,118,403,0,230,55,1,-1,-1
816,118,404,0,230,55,1,-1,-1
817,118,405,0,231,55,1,-1,-1
818,118,407,0,230,55,1,-1,-1
819,118,408,0,231,55,1,-1,-1
820,118,409,0,231,55,1,-1,-1
821,118,411,0,231,55,1,-1,-1
822,118,411,0,230,55,1,-1,-1
823,118,411,0,230,56,1,-1,-1
824,118,411,0,230,57,1,-1,-1
825,118,411,0,230,57,1,-1,-1
826,118,411,0,230,58,1,-1,-1
827,118,411,0,229,59,1,-1,-1
828,118,411,0,229,59,1,-1,-1
829,118,411,0,229,60,1,-1,-1
830,118,411,0,229,61,1,-1,-1
831,118,411,0,229,62,1,-1,-1
832,118,410,0,228,63,1,-1,-1
833,118,409,0,228,64,1,-1,-1
834,118,408,0,227,65,1,-1,-1
835,118,407,0,227,66,1,-1,-1
836,118,406,0,227,67,1,-1,-1
837,118,405,0,226,68,1,-1,-1
838,118,404,0,226,69,1,-1,-1
839,118,403,0,225,70,1,-1,-1
840,118,402,0,225,71,1,-1,-1
841,118,401,0,225,73,1,-1,-1
842,118,401,0,225,73,1,-1,-1
843,118,402,0,224,73,1,-1,-1
844,118,402,0,225,73,1,-1,-1
845,118,403,0,224,73,1,-1,-1
846,118,403,0,225,73,1,-1,-1
847,118,404,0,224,73,1,-1,-1
848,118,404,0,224,73,1,-1,-1
849,118,405,0,224,73,1,-1,-1
850,118,405,0,224,73,1,-1,-1
851,118,406,0,224,74,1,-1,-1
852,118,404,0,224,74,1,-1,-1
853,118,403,0,224,74,1,-1,-1
854,118,402,0,224,75,1,-1,-1
855,118,400,0,225,75,1,-1,-1
856,118,399,0,225,76,1,-1,-1
857,118,398,0,224,76,1,-1,-1
858,118,396,0,225,76,1,-1,-1
859,118,395,0,225,77,1,-1,-1
860,118,394,0,225,77,1,-1,-1
861,118,393,0,225,78,1,-1,-1
862,118,393,0,225,76,1,-1,-1
863,118,394,0,225,75,1,-1,-1
864,118,395,0,225,74,1,-1,-1
865,118,396,0,225,73,1,-1,-1
866,118,397,0,225,72,1,-1,-1
867,118,398,0,224,70,1,-1,-1
868,118,399,0,224,69,1,-1,-1
869,118,400,0,224,68,1,-1,-1
870,118,401,0,224,67,1,-1,-1
871,118,402,0,224,66,1,-1,-1
872,118,402,0,223,65,1,-1,-1
873,118,402,0,222,65,1,-1,-1
874,118,402,0,221,65,1,-1,-1
875,118,402,0,221,65,1,-1,-1
876,118,402,0,220,65,1,-1,-1
877,118,402,0,219,64,1,-1,-1
878,118,402,0,219,64,1,-1,-1
879,118,402,0,218,64,1,-1,-1
880,118,402,0,217,64,1,-1,-1
881,118,403,0,216,64,1,-1,-1
882,118,403,0,216,63,1,-1,-1
883,118,403,0,217,62,1,-1,-1
884,118,404,0,216,61,1,-1,-1
885,118,404,0,217,61,1,-1,-1
886,118,405,0,217,60,1,-1,-1
887,118,405,0,217,59,1,-1,-1
888,118,405,0,218,59,1,-1,-1
889,118,406,0,217,58,1,-1,-1
890,118,406,0,218,57,1,-1,-1
891,118,407,0,218,57,1,-1,-1
892,118,407,0,218,56,1,-1,-1
893,118,407,0,219,55,1,-1,-1
894,118,408,0,218,54,1,-1,-1
895,118,408,0,219,54,1,-1,-1
896,118,409,0,219,53,1,-1,-1
897,118,409,0,219,52,1,-1,-1
898,118,409,0,220,52,1,-1,-1
899,118,410,0,219,51,1,-1,-1
900,118,410,0,220,50,1,-1,-1
901,118,411,0,220,50,1,-1,-1
902,118,411,0,220,49,1,-1,-1
903,118,411,0,220,49,1,-1,-1
904,118,411,0,220,48,1,-1,-1
905,118,411,0,220,48,1,-1,-1
906,118,411,0,220,48,1,-1,-1
907,118,411,0,220,47,1,-1,-1
908,118,411,0,220,47,1,-1,-1
909,118,411,0,220,46,1,-1,-1
910,118,411,0,220,46,1,-1,-1
911,118,412,0,219,46,1,-1,-1
912,118,411,0,218,45,1,-1,-1
913,118,410,0,218,45,1,-1,-1
914,118,409,0,217,45,1,-1,-1
915,118,408,0,217,45,1,-1,-1
916,118,407,0,217,45,1,-1,-1
917,118,406,0,216,45,1,-1,-1
918,118,405,0,216,45,1,-1,-1
919,118,404,0,216,45,1,-1,-1
920,118,403,0,215,45,1,-1,-1
921,118,402,0,215,45,1,-1,-1
922,118,401,0,215,45,1,-1,-1
