78,29,879,0,143,29,1,-1,-1
79,29,876,0,146,28,1,-1,-1
80,29,873,0,149,28,1,-1,-1
81,29,871,0,151,28,1,-1,-1
82,29,866,0,155,29,1,-1,-1
83,29,862,0,159,30,1,-1,-1
84,29,858,0,163,31,1,-1,-1
85,29,853,0,168,32,1,-1,-1
86,29,849,0,172,33,1,-1,-1
87,29,845,0,176,35,1,-1,-1
88,29,844,0,176,37,1,-1,-1
89,29,843,0,177,39,1,-1,-1
90,29,842,0,178,41,1,-1,-1
91,29,841,0,179,43,1,-1,-1
92,29,840,0,180,45,1,-1,-1
93,29,840,0,180,47,1,-1,-1
94,29,835,0,184,49,1,-1,-1
95,29,831,0,188,51,1,-1,-1
96,29,826,0,193,53,1,-1,-1
97,29,822,0,197,55,1,-1,-1
98,29,818,0,201,57,1,-1,-1
99,29,825,0,193,56,1,-1,-1
100,29,832,0,186,55,1,-1,-1
101,29,839,0,179,55,1,-1,-1
102,29,847,0,170,54,1,-1,-1
103,29,854,0,163,54,1,-1,-1
104,29,861,0,156,53,1,-1,-1
105,29,869,0,148,53,1,-1,-1
106,29,861,0,156,54,1,-1,-1
107,29,854,0,163,55,1,-1,-1
108,29,847,0,170,56,1,-1,-1
109,29,839,0,178,58,1,-1,-1
110,29,832,0,185,59,1,-1,-1
111,29,825,0,192,60,1,-1,-1
112,29,818,0,200,62,1,-1,-1
113,29,823,0,195,63,1,-1,-1
114,29,828,0,191,65,1,-1,-1
115,29,833,0,187,66,1,-1,-1
116,29,838,0,182,68,1,-1,-1
117,29,843,0,178,69,1,-1,-1
118,29,848,0,174,71,1,-1,-1
119,29,854,0,169,73,1,-1,-1
120,29,850,0,172,74,1,-1,-1
121,29,847,0,174,75,1,-1,-1
122,29,844,0,177,77,1,-1,-1
123,29,840,0,180,78,1,-1,-1
124,29,837,0,182,80,1,-1,-1
125,29,834,0,185,81,1,-1,-1
126,29,831,0,187,83,1,-1,-1
127,29,827,0,190,84,1,-1,-1
128,29,824,0,193,86,1,-1,-1
129,29,821,0,195,87,1,-1,-1
130,29,818,0,198,89,1,-1,-1
131,29,823,0,194,89,1,-1,-1
132,29,828,0,190,90,1,-1,-1
133,29,833,0,186,91,1,-1,-1
134,29,838,0,182,91,1,-1,-1
135,29,843,0,178,92,1,-1,-1
136,29,848,0,174,93,1,-1,-1
137,29,854,0,169,94,1,-1,-1
138,29,846,0,175,95,1,-1,-1
139,29,839,0,180,96,1,-1,-1
140,29,832,0,186,97,1,-1,-1
141,29,825,0,191,98,1,-1,-1
142,29,818,0,197,100,1,-1,-1
143,29,822,2,193,98,1,-1,-1
144,29,827,4,188,96,1,-1,-1
145,29,832,7,184,94,1,-1,-1
146,29,836,9,180,92,1,-1,-1
147,29,841,12,176,90,1,-1,-1
148,29,846,14,171,88,1,-1,-1
149,29,850,17,168,86,1,-1,-1
150,29,855,19,163,84,1,-1,-1
151,29,860,22,159,82,1,-1,-1
152,29,865,24,154,80,1,-1,-1
153,29,869,27,151,78,1,-1,-1
154,29,874,29,146,76,1,-1,-1
155,29,879,32,142,74,1,-1,-1
156,29,883,34,138,72,1,-1,-1
157,29,888,37,134,70,1,-1,-1
158,29,893,39,129,68,1,-1,-1
159,29,898,42,125,66,1,-1,-1
160,29,884,35,137,73,1,-1,-1
161,29,871,28,149,81,1,-1,-1
162,29,858,21,160,89,1,-1,-1
163,29,844,14,173,97,1,-1,-1
164,29,831,7,184,105,1,-1,-1
165,29,818,0,196,113,1,-1,-1
166,29,818,0,195,114,1,-1,-1
167,29,818,0,195,115,1,-1,-1
168,29,818,0,195,116,1,-1,-1
169,29,818,0,195,117,1,-1,-1
170,29,818,0,195,118,1,-1,-1
171,29,818,0,195,119,1,-1,-1
172,29,818,0,195,120,1,-1,-1
173,29,818,0,195,121,1,-1,-1
174,29,830,13,184,111,1,-1,-1
175,29,842,26,173,102,1,-1,-1
176,29,855,39,162,93,1,-1,-1
177,29,867,52,151,84,1,-1,-1
178,29,880,66,140,74,1,-1,-1
179,29,859,44,161,94,1,-1,-1
180,29,838,22,183,115,1,-1,-1
181,29,818,0,204,136,1,-1,-1
182,29,818,0,203,136,1,-1,-1
183,29,818,0,203,137,1,-1,-1
184,29,818,0,203,138,1,-1,-1
185,29,818,0,203,139,1,-1,-1
186,29,818,0,203,139,1,-1,-1
187,29,818,0,203,140,1,-1,-1
188,29,818,0,203,141,1,-1,-1
189,29,818,0,203,142,1,-1,-1
190,29,818,0,203,143,1,-1,-1
191,29,818,0,203,144,1,-1,-1
192,29,818,0,203,145,1,-1,-1
193,29,818,0,203,146,1,-1,-1
194,29,818,0,203,148,1,-1,-1
195,29,818,0,204,149,1,-1,-1
196,29,818,0,204,150,1,-1,-1
197,29,818,0,204,152,1,-1,-1
198,29,818,0,204,153,1,-1,-1
199,29,818,0,204,154,1,-1,-1
200,29,818,0,205,156,1,-1,-1
201,29,825,18,197,140,1,-1,-1
202,29,832,36,189,125,1,-1,-1
203,29,840,55,181,108,1,-1,-1
204,29,847,73,173,93,1,-1,-1
205,29,855,92,165,77,1,-1,-1
206,29,850,89,170,80,1,-1,-1
207,29,846,87,174,83,1,-1,-1
208,29,842,84,178,87,1,-1,-1
209,29,838,82,182,89,1,-1,-1
210,29,834,79,186,93,1,-1,-1
211,29,830,77,190,96,1,-1,-1
212,29,826,74,194,99,1,-1,-1
213,29,822,72,198,102,1,-1,-1
214,29,818,70,202,105,1,-1,-1
215,29,818,70,201,106,1,-1,-1
216,29,818,71,201,106,1,-1,-1
217,29,818,72,201,106,1,-1,-1
218,29,818,73,201,106,1,-1,-1
219,29,818,73,201,107,1,-1,-1
220,29,818,74,201,107,1,-1,-1
221,29,818,75,201,107,1,-1,-1
222,29,818,76,201,107,1,-1,-1
223,29,818,77,201,107,1,-1,-1
224,29,819,83,200,102,1,-1,-1
225,29,820,89,199,98,1,-1,-1
226,29,821,95,199,94,1,-1,-1
227,29,822,101,198,89,1,-1,-1
228,29,823,107,197,85,1,-1,-1
229,29,824,113,197,81,1,-1,-1
230,29,823,109,197,86,1,-1,-1
231,29,822,106,198,90,1,-1,-1
232,29,821,103,198,95,1,-1,-1
233,29,820,100,199,99,1,-1,-1
234,29,819,97,199,103,1,-1,-1
235,29,818,94,200,108,1,-1,-1
236,29,817,88,200,115,1,-1,-1
237,29,816,83,201,122,1,-1,-1
238,29,815,78,202,128,1,-1,-1
239,29,815,73,202,135,1,-1,-1
240,29,814,73,202,138,1,-1,-1
241,29,813,74,202,141,1,-1,-1
242,29,812,74,203,145,1,-1,-1
243,29,811,75,203,148,1,-1,-1
244,29,810,76,204,151,1,-1,-1
245,29,810,73,204,152,1,-1,-1
246,29,810,71,204,153,1,-1,-1
247,29,810,69,204,154,1,-1,-1
248,29,810,67,205,155,1,-1,-1
249,29,810,65,205,155,1,-1,-1
250,29,810,63,205,156,1,-1,-1
251,29,810,61,205,157,1,-1,-1
252,29,810,59,206,158,1,-1,-1
253,29,808,78,207,140,1,-1,-1
254,29,806,97,208,122,1,-1,-1
255,29,805,116,209,104,1,-1,-1
256,29,803,126,209,96,1,-1,-1
257,29,802,136,208,89,1,-1,-1
258,29,801,146,208,82,1,-1,-1
259,29,800,134,209,93,1,-1,-1
260,29,799,123,210,104,1,-1,-1
261,29,799,111,211,116,1,-1,-1
262,29,798,100,212,127,1,-1,-1
263,29,798,89,213,138,1,-1,-1
264,29,797,90,213,138,1,-1,-1
265,29,797,92,212,137,1,-1,-1
266,29,796,93,212,137,1,-1,-1
267,29,796,95,212,136,1,-1,-1
268,29,796,63,213,169,1,-1,-1
269,29,796,31,214,202,1,-1,-1
270,29,796,0,215,234,1,-1,-1
271,29,794,21,216,213,1,-1,-1
272,29,792,42,218,193,1,-1,-1
273,29,790,63,219,173,1,-1,-1
274,29,788,84,221,153,1,-1,-1
275,29,787,105,222,133,1,-1,-1
276,29,786,107,222,130,1,-1,-1
277,29,786,109,222,128,1,-1,-1
278,29,786,111,222,126,1,-1,-1
279,29,785,113,223,124,1,-1,-1
280,29,785,115,223,122,1,-1,-1
281,29,785,117,223,120,1,-1,-1
282,29,782,123,225,116,1,-1,-1
283,29,780,130,226,112,1,-1,-1
284,29,778,136,227,109,1,-1,-1
285,29,776,143,228,105,1,-1,-1
286,29,774,150,229,101,1,-1,-1
287,29,773,144,230,108,1,-1,-1
288,29,773,139,231,114,1,-1,-1
289,29,773,134,231,121,1,-1,-1
290,29,773,129,232,127,1,-1,-1
291,29,773,124,232,133,1,-1,-1
292,29,773,119,233,140,1,-1,-1
293,29,771,128,234,131,1,-1,-1
294,29,770,138,234,121,1,-1,-1
295,29,768,148,235,111,1,-1,-1
296,29,767,158,235,101,1,-1,-1
297,29,766,156,236,103,1,-1,-1
298,29,765,154,237,105,1,-1,-1
299,29,764,152,238,108,1,-1,-1
300,29,763,150,239,110,1,-1,-1
301,29,762,149,240,112,1,-1,-1
302,29,760,151,241,110,1,-1,-1
303,29,758,153,243,109,1,-1,-1
304,29,756,155,244,108,1,-1,-1
305,29,754,157,246,107,1,-1,-1
306,29,752,160,247,104,1,-1,-1
307,29,750,162,249,103,1,-1,-1
308,29,749,164,249,102,1,-1,-1
309,29,747,166,251,101,1,-1,-1
310,29,745,169,252,98,1,-1,-1
311,29,743,171,254,97,1,-1,-1
312,29,741,173,255,96,1,-1,-1
313,29,739,175,257,95,1,-1,-1
314,29,738,178,258,93,1,-1,-1
315,29,737,178,258,93,1,-1,-1
316,29,737,179,258,93,1,-1,-1
317,29,737,180,257,93,1,-1,-1
318,29,737,180,257,93,1,-1,-1
319,29,737,181,256,93,1,-1,-1
320,29,737,182,256,93,1,-1,-1
321,29,736,182,256,93,1,-1,-1
322,29,736,182,256,93,1,-1,-1
323,29,735,183,256,93,1,-1,-1
324,29,735,183,256,93,1,-1,-1
325,29,734,184,257,93,1,-1,-1
326,29,734,184,256,93,1,-1,-1
327,29,733,185,257,93,1,-1,-1
328,29,733,185,256,93,1,-1,-1
329,29,732,186,257,93,1,-1,-1
330,29,732,186,257,93,1,-1,-1
331,29,731,187,257,93,1,-1,-1
332,29,731,187,257,93,1,-1,-1
333,29,730,188,257,93,1,-1,-1
334,29,730,188,257,93,1,-1,-1
335,29,730,189,257,93,1,-1,-1
336,29,729,189,258,93,1,-1,-1
337,29,729,189,259,93,1,-1,-1
338,29,729,189,260,93,1,-1,-1
339,29,728,189,262,93,1,-1,-1
340,29,728,189,263,93,1,-1,-1
341,29,728,189,264,93,1,-1,-1
342,29,728,189,265,93,1,-1,-1
343,29,735,189,259,93,1,-1,-1
344,29,742,189,253,93,1,-1,-1
345,29,750,189,247,94,1,-1,-1
346,29,744,189,252,94,1,-1,-1
347,29,739,189,256,94,1,-1,-1
348,29,734,189,260,94,1,-1,-1
349,29,729,189,264,94,1,-1,-1
350,29,724,190,269,93,1,-1,-1
351,29,723,190,269,93,1,-1,-1
352,29,723,190,268,93,1,-1,-1
353,29,722,191,269,92,1,-1,-1
354,29,722,191,268,92,1,-1,-1
355,29,722,192,268,92,1,-1,-1
356,29,721,192,268,92,1,-1,-1
357,29,721,192,267,92,1,-1,-1
358,29,720,193,267,92,1,-1,-1
359,29,720,193,267,92,1,-1,-1
360,29,719,194,267,92,1,-1,-1
361,29,719,194,266,92,1,-1,-1
362,29,718,194,267,93,1,-1,-1
363,29,718,195,266,92,1,-1,-1
364,29,717,195,266,93,1,-1,-1
365,29,717,196,265,92,1,-1,-1
366,29,716,196,266,93,1,-1,-1
367,29,716,196,265,93,1,-1,-1
368,29,715,197,265,93,1,-1,-1
369,29,715,197,265,93,1,-1,-1
370,29,714,198,265,93,1,-1,-1
371,29,714,198,264,93,1,-1,-1
372,29,714,199,264,93,1,-1,-1
373,29,713,199,264,93,1,-1,-1
374,29,713,199,263,93,1,-1,-1
375,29,712,199,264,93,1,-1,-1
376,29,712,200,263,93,1,-1,-1
377,29,712,200,262,93,1,-1,-1
378,29,711,200,263,93,1,-1,-1
379,29,711,200,262,93,1,-1,-1
380,29,711,201,262,93,1,-1,-1
381,29,710,200,261,93,1,-1,-1
382,29,709,199,260,93,1,-1,-1
383,29,709,198,259,94,1,-1,-1
384,29,708,198,258,93,1,-1,-1
385,29,708,197,256,93,1,-1,-1
386,29,707,196,256,94,1,-1,-1
387,29,707,196,254,93,1,-1,-1
388,29,706,195,253,93,1,-1,-1
389,29,705,194,253,94,1,-1,-1
390,29,705,193,251,94,1,-1,-1
391,29,704,193,250,93,1,-1,-1
392,29,704,192,249,94,1,-1,-1
393,29,703,191,248,94,1,-1,-1
394,29,703,191,247,94,1,-1,-1
395,29,702,191,248,93,1,-1,-1
396,29,702,191,248,93,1,-1,-1
397,29,702,191,249,93,1,-1,-1
398,29,701,191,250,93,1,-1,-1
399,29,701,191,251,93,1,-1,-1
400,29,701,191,251,93,1,-1,-1
401,29,700,191,253,93,1,-1,-1
402,29,700,191,253,93,1,-1,-1
403,29,700,191,254,93,1,-1,-1
404,29,699,191,255,93,1,-1,-1
405,29,699,191,256,93,1,-1,-1
406,29,699,191,256,93,1,-1,-1
407,29,699,191,257,93,1,-1,-1
408,29,698,191,257,93,1,-1,-1
409,29,698,191,257,93,1,-1,-1
410,29,697,191,257,93,1,-1,-1
411,29,697,191,257,93,1,-1,-1
412,29,696,191,257,93,1,-1,-1
413,29,696,191,257,93,1,-1,-1
414,29,695,191,257,93,1,-1,-1
415,29,695,191,257,93,1,-1,-1
416,29,695,191,256,93,1,-1,-1
417,29,694,191,257,93,1,-1,-1
418,29,694,191,256,93,1,-1,-1
419,29,693,191,257,93,1,-1,-1
420,29,693,191,256,93,1,-1,-1
421,29,692,191,257,93,1,-1,-1
422,29,692,191,256,93,1,-1,-1
423,29,692,192,256,93,1,-1,-1
424,29,691,192,256,93,1,-1,-1
425,29,691,192,256,93,1,-1,-1
426,29,690,192,256,93,1,-1,-1
427,29,690,192,256,93,1,-1,-1
428,29,689,193,256,93,1,-1,-1
429,29,689,193,256,93,1,-1,-1
430,29,689,193,256,93,1,-1,-1
431,29,688,193,256,93,1,-1,-1
432,29,688,193,256,93,1,-1,-1
433,29,687,194,256,93,1,-1,-1
434,29,687,194,256,93,1,-1,-1
435,29,686,194,256,93,1,-1,-1
436,29,686,194,256,93,1,-1,-1
437,29,686,195,256,93,1,-1,-1
438,29,685,195,256,93,1,-1,-1
439,29,685,195,255,93,1,-1,-1
440,29,685,195,255,93,1,-1,-1
441,29,685,195,254,94,1,-1,-1
442,29,685,196,254,93,1,-1,-1
443,29,685,196,253,93,1,-1,-1
444,29,685,196,253,93,1,-1,-1
445,29,685,196,252,94,1,-1,-1
446,29,685,197,252,93,1,-1,-1
447,29,685,197,251,93,1,-1,-1
448,29,685,197,250,94,1,-1,-1
449,29,685,197,250,94,1,-1,-1
450,29,685,197,249,94,1,-1,-1
451,29,685,198,249,93,1,-1,-1
452,29,685,198,248,94,1,-1,-1
453,29,685,198,248,94,1,-1,-1
454,29,685,198,247,94,1,-1,-1
455,29,685,199,247,94,1,-1,-1
456,29,684,199,247,94,1,-1,-1
457,29,683,199,247,94,1,-1,-1
458,29,683,199,247,94,1,-1,-1
459,29,682,199,247,94,1,-1,-1
460,29,681,200,247,94,1,-1,-1
461,29,681,200,247,94,1,-1,-1
462,29,680,200,247,94,1,-1,-1
463,29,679,200,247,94,1,-1,-1
464,29,679,200,247,94,1,-1,-1
465,29,678,201,247,94,1,-1,-1
466,29,677,201,247,94,1,-1,-1
467,29,677,201,247,94,1,-1,-1
468,29,676,201,247,94,1,-1,-1
469,29,675,201,247,94,1,-1,-1
470,29,675,202,247,94,1,-1,-1
471,29,674,202,247,94,1,-1,-1
472,29,673,202,247,94,1,-1,-1
473,29,672,202,248,94,1,-1,-1
474,29,671,202,248,94,1,-1,-1
475,29,670,203,249,93,1,-1,-1
476,29,669,203,249,93,1,-1,-1
477,29,668,203,250,94,1,-1,-1
478,29,667,203,250,94,1,-1,-1
479,29,666,203,250,94,1,-1,-1
480,29,665,204,251,93,1,-1,-1
481,29,664,204,251,93,1,-1,-1
482,29,663,204,252,93,1,-1,-1
483,29,662,204,252,93,1,-1,-1
484,29,662,205,252,93,1,-1,-1
485,29,662,205,251,93,1,-1,-1
486,29,663,205,250,94,1,-1,-1
487,29,663,206,250,93,1,-1,-1
488,29,664,206,248,94,1,-1,-1
489,29,664,206,248,94,1,-1,-1
490,29,665,207,247,94,1,-1,-1
491,29,663,207,248,94,1,-1,-1
492,29,661,207,249,94,1,-1,-1
493,29,659,207,250,94,1,-1,-1
494,29,657,207,251,94,1,-1,-1
495,29,656,208,252,93,1,-1,-1
496,29,655,208,252,93,1,-1,-1
497,29,655,208,252,93,1,-1,-1
498,29,655,208,251,93,1,-1,-1
499,29,655,208,251,94,1,-1,-1
500,29,655,209,250,93,1,-1,-1
501,29,655,209,250,93,1,-1,-1
502,29,655,209,249,94,1,-1,-1
503,29,654,209,250,94,1,-1,-1
504,29,654,209,249,94,1,-1,-1
505,29,654,210,249,93,1,-1,-1
506,29,654,210,248,94,1,-1,-1
507,29,654,210,248,94,1,-1,-1
508,29,654,210,247,94,1,-1,-1
509,29,654,211,247,94,1,-1,-1
510,29,653,211,247,94,1,-1,-1
511,29,652,211,248,94,1,-1,-1
512,29,651,211,248,94,1,-1,-1
513,29,650,211,249,94,1,-1,-1
514,29,650,212,249,93,1,-1,-1
515,29,649,212,249,93,1,-1,-1
516,29,648,212,250,94,1,-1,-1
517,29,647,212,251,94,1,-1,-1
518,29,646,212,251,94,1,-1,-1
519,29,646,213,251,93,1,-1,-1
520,29,645,213,252,93,1,-1,-1
521,29,644,213,252,93,1,-1,-1
522,29,643,213,253,93,1,-1,-1
523,29,643,214,253,93,1,-1,-1
524,29,643,214,252,93,1,-1,-1
525,29,644,214,251,94,1,-1,-1
526,29,645,215,250,93,1,-1,-1
527,29,646,215,249,94,1,-1,-1
528,29,647,215,248,94,1,-1,-1
529,29,648,216,247,94,1,-1,-1
530,29,645,216,249,94,1,-1,-1
531,29,642,216,251,94,1,-1,-1
532,29,640,216,252,94,1,-1,-1
533,29,637,216,254,94,1,-1,-1
534,29,635,217,255,93,1,-1,-1
535,29,634,217,255,93,1,-1,-1
536,29,634,217,254,93,1,-1,-1
537,29,633,217,254,93,1,-1,-1
538,29,633,218,253,93,1,-1,-1
539,29,633,218,253,93,1,-1,-1
540,29,632,218,253,93,1,-1,-1
541,29,632,218,252,94,1,-1,-1
542,29,631,219,252,93,1,-1,-1
543,29,631,219,251,93,1,-1,-1
544,29,631,219,251,94,1,-1,-1
545,29,630,219,251,94,1,-1,-1
546,29,630,220,250,93,1,-1,-1
547,29,629,220,250,93,1,-1,-1
548,29,629,220,249,94,1,-1,-1
549,29,629,220,249,94,1,-1,-1
550,29,628,221,249,93,1,-1,-1
551,29,628,221,248,94,1,-1,-1
552,29,627,221,248,94,1,-1,-1
553,29,627,221,247,94,1,-1,-1
554,29,627,222,247,94,1,-1,-1
555,29,626,222,247,93,1,-1,-1
556,29,625,222,248,93,1,-1,-1
557,29,624,222,248,93,1,-1,-1
558,29,623,222,249,93,1,-1,-1
559,29,623,222,249,93,1,-1,-1
560,29,622,222,249,93,1,-1,-1
561,29,621,222,250,93,1,-1,-1
562,29,620,222,250,93,1,-1,-1
563,29,619,222,251,93,1,-1,-1
564,29,619,222,251,93,1,-1,-1
565,29,619,222,250,93,1,-1,-1
566,29,619,222,250,93,1,-1,-1
567,29,619,222,250,93,1,-1,-1
568,29,619,222,249,93,1,-1,-1
569,29,619,222,249,94,1,-1,-1
570,29,619,222,249,94,1,-1,-1
571,29,619,222,248,94,1,-1,-1
572,29,619,222,248,94,1,-1,-1
573,29,619,222,248,94,1,-1,-1
574,29,620,223,247,94,1,-1,-1
575,29,617,223,248,93,1,-1,-1
576,29,615,223,249,93,1,-1,-1
577,29,612,223,251,93,1,-1,-1
578,29,610,223,252,93,1,-1,-1
579,29,607,223,254,93,1,-1,-1
580,29,605,223,255,93,1,-1,-1
581,29,604,223,255,93,1,-1,-1
582,29,604,223,254,93,1,-1,-1
583,29,603,223,254,93,1,-1,-1
584,29,603,223,253,94,1,-1,-1
585,29,603,223,252,94,1,-1,-1
586,29,602,224,252,93,1,-1,-1
587,29,602,224,251,93,1,-1,-1
588,29,602,224,251,94,1,-1,-1
589,29,601,224,251,94,1,-1,-1
590,29,601,224,250,94,1,-1,-1
591,29,600,225,250,93,1,-1,-1
592,29,600,225,249,94,1,-1,-1
593,29,600,225,248,94,1,-1,-1
594,29,599,225,248,94,1,-1,-1
595,29,599,225,247,94,1,-1,-1
596,29,599,226,247,94,1,-1,-1
597,29,598,226,247,94,1,-1,-1
598,29,597,226,247,94,1,-1,-1
599,29,596,226,247,94,1,-1,-1
600,29,595,226,247,94,1,-1,-1
601,29,594,226,247,94,1,-1,-1
602,29,592,225,245,95,1,-1,-1
603,29,590,225,243,96,1,-1,-1
604,29,588,224,241,97,1,-1,-1
605,29,586,224,239,98,1,-1,-1
606,29,584,223,238,100,1,-1,-1
607,29,582,223,236,100,1,-1,-1
608,29,580,222,234,102,1,-1,-1
609,29,578,222,232,102,1,-1,-1
610,29,576,221,230,104,1,-1,-1
611,29,574,221,229,105,1,-1,-1
612,29,572,221,227,105,1,-1,-1
613,29,570,220,225,107,1,-1,-1
614,29,568,220,223,107,1,-1,-1
615,29,566,219,221,109,1,-1,-1
616,29,564,219,220,110,1,-1,-1
617,29,562,218,218,111,1,-1,-1
618,29,560,218,216,112,1,-1,-1
619,29,558,217,214,113,1,-1,-1
620,29,556,217,212,114,1,-1,-1
621,29,555,217,210,115,1,-1,-1
622,29,554,217,210,115,1,-1,-1
623,29,553,217,210,115,1,-1,-1
624,29,553,217,210,115,1,-1,-1
625,29,552,217,210,115,1,-1,-1
626,29,552,217,210,115,1,-1,-1
627,29,551,218,210,115,1,-1,-1
628,29,551,218,210,115,1,-1,-1
629,29,550,218,210,115,1,-1,-1
630,29,550,218,210,115,1,-1,-1
631,29,549,218,210,115,1,-1,-1
632,29,549,218,210,115,1,-1,-1
633,29,548,219,210,115,1,-1,-1
634,29,548,219,210,115,1,-1,-1
635,29,547,219,210,115,1,-1,-1
636,29,547,219,210,115,1,-1,-1
637,29,546,219,210,115,1,-1,-1
638,29,546,220,210,115,1,-1,-1
639,29,545,220,210,115,1,-1,-1
640,29,544,220,210,115,1,-1,-1
641,29,544,220,210,115,1,-1,-1
642,29,543,220,210,115,1,-1,-1
643,29,542,220,210,115,1,-1,-1
644,29,542,220,210,115,1,-1,-1
645,29,541,220,210,115,1,-1,-1
646,29,540,220,210,115,1,-1,-1
647,29,540,220,210,115,1,-1,-1
648,29,539,221,210,115,1,-1,-1
649,29,539,221,210,115,1,-1,-1
650,29,538,221,210,115,1,-1,-1
651,29,537,221,210,115,1,-1,-1
652,29,537,221,210,115,1,-1,-1
653,29,536,221,210,115,1,-1,-1
654,29,535,221,210,115,1,-1,-1
655,29,535,221,210,115,1,-1,-1
656,29,534,221,210,115,1,-1,-1
657,29,534,222,210,115,1,-1,-1
658,29,533,221,210,115,1,-1,-1
659,29,532,221,210,115,1,-1,-1
660,29,531,221,210,115,1,-1,-1
661,29,530,221,210,115,1,-1,-1
662,29,530,221,210,115,1,-1,-1
663,29,529,221,210,115,1,-1,-1
664,29,528,221,210,115,1,-1,-1
665,29,527,221,210,115,1,-1,-1
666,29,527,220,210,115,1,-1,-1
667,29,526,220,210,115,1,-1,-1
668,29,525,220,210,115,1,-1,-1
669,29,524,220,210,115,1,-1,-1
670,29,524,220,210,115,1,-1,-1
671,29,523,220,210,115,1,-1,-1
672,29,522,220,210,115,1,-1,-1
673,29,521,220,210,115,1,-1,-1
674,29,521,220,210,115,1,-1,-1
675,29,520,220,210,115,1,-1,-1
676,29,520,221,210,115,1,-1,-1
677,29,519,222,210,115,1,-1,-1
678,29,519,223,210,115,1,-1,-1
679,29,519,224,210,115,1,-1,-1
680,29,518,225,210,115,1,-1,-1
681,29,518,226,210,115,1,-1,-1
682,29,518,227,210,115,1,-1,-1
683,29,517,228,210,115,1,-1,-1
684,29,517,229,210,115,1,-1,-1
685,29,517,230,210,115,1,-1,-1
686,29,516,231,210,115,1,-1,-1
687,29,516,232,210,115,1,-1,-1
688,29,516,233,210,115,1,-1,-1
689,29,516,233,210,115,1,-1,-1
690,29,516,233,210,115,1,-1,-1
691,29,516,233,210,115,1,-1,-1
692,29,516,233,210,115,1,-1,-1
693,29,516,233,210,115,1,-1,-1
694,29,516,233,210,115,1,-1,-1
695,29,516,233,210,115,1,-1,-1
696,29,516,233,210,115,1,-1,-1
697,29,516,233,210,115,1,-1,-1
698,29,516,233,210,115,1,-1,-1
699,29,516,233,210,115,1,-1,-1
700,29,516,233,210,115,1,-1,-1
701,29,516,233,210,115,1,-1,-1
702,29,516,233,210,115,1,-1,-1
703,29,516,233,210,115,1,-1,-1
704,29,516,233,210,115,1,-1,-1
705,29,516,233,210,115,1,-1,-1
706,29,516,233,210,115,1,-1,-1
707,29,516,233,210,115,1,-1,-1
708,29,516,233,210,115,1,-1,-1
709,29,516,233,210,115,1,-1,-1
710,29,516,233,210,115,1,-1,-1
711,29,516,233,210,115,1,-1,-1
712,29,516,233,210,115,1,-1,-1
713,29,516,233,210,115,1,-1,-1
714,29,516,233,210,115,1,-1,-1
715,29,516,233,210,115,1,-1,-1
716,29,516,233,210,115,1,-1,-1
717,29,516,233,210,115,1,-1,-1
718,29,516,233,210,115,1,-1,-1
719,29,516,233,210,115,1,-1,-1
601,30,150,310,363,66,1,-1,-1
602,30,148,310,363,66,1,-1,-1
603,30,147,310,363,66,1,-1,-1
604,30,145,310,363,66,1,-1,-1
605,30,144,310,363,66,1,-1,-1
606,30,142,310,363,66,1,-1,-1
607,30,141,310,363,66,1,-1,-1
608,30,139,310,363,66,1,-1,-1
609,30,138,310,363,66,1,-1,-1
610,30,136,309,363,66,1,-1,-1
611,30,135,309,363,66,1,-1,-1
612,30,133,309,363,66,1,-1,-1
613,30,132,309,363,66,1,-1,-1
614,30,130,309,363,66,1,-1,-1
615,30,129,309,363,66,1,-1,-1
616,30,128,309,363,66,1,-1,-1
617,30,126,309,363,66,1,-1,-1
618,30,125,309,363,66,1,-1,-1
619,30,123,309,363,66,1,-1,-1
620,30,122,309,363,66,1,-1,-1
621,30,121,309,363,66,1,-1,-1
622,30,121,309,363,66,1,-1,-1
623,30,121,309,363,66,1,-1,-1
624,30,121,309,363,66,1,-1,-1
625,30,122,309,363,66,1,-1,-1
626,30,122,309,363,66,1,-1,-1
627,30,122,309,363,66,1,-1,-1
628,30,123,309,363,66,1,-1,-1
629,30,123,309,363,66,1,-1,-1
630,30,123,309,363,66,1,-1,-1
631,30,123,309,363,66,1,-1,-1
632,30,124,309,363,66,1,-1,-1
633,30,124,309,363,66,1,-1,-1
634,30,124,309,363,66,1,-1,-1
635,30,125,309,363,66,1,-1,-1
636,30,125,309,363,66,1,-1,-1
637,30,125,309,363,66,1,-1,-1
638,30,126,309,363,66,1,-1,-1
639,30,125,309,363,66,1,-1,-1
640,30,125,309,363,66,1,-1,-1
641,30,124,309,363,66,1,-1,-1
642,30,124,309,363,66,1,-1,-1
643,30,123,309,363,66,1,-1,-1
644,30,123,309,363,66,1,-1,-1
645,30,122,309,363,66,1,-1,-1
646,30,122,309,363,66,1,-1,-1
647,30,121,309,363,66,1,-1,-1
648,30,121,310,363,66,1,-1,-1
649,30,120,310,363,66,1,-1,-1
650,30,120,310,363,66,1,-1,-1
651,30,119,310,363,66,1,-1,-1
652,30,119,310,363,66,1,-1,-1
653,30,118,310,363,66,1,-1,-1
654,30,118,310,363,66,1,-1,-1
655,30,117,310,363,66,1,-1,-1
656,30,117,310,363,66,1,-1,-1
657,30,117,311,363,66,1,-1,-1
658,30,116,311,363,66,1,-1,-1
659,30,116,311,363,66,1,-1,-1
660,30,115,311,363,66,1,-1,-1
661,30,115,311,363,66,1,-1,-1
662,30,115,311,363,66,1,-1,-1
663,30,114,311,363,66,1,-1,-1
664,30,114,311,363,66,1,-1,-1
665,30,114,311,363,66,1,-1,-1
666,30,113,311,363,66,1,-1,-1
667,30,113,311,363,66,1,-1,-1
668,30,113,311,363,66,1,-1,-1
669,30,112,311,363,66,1,-1,-1
670,30,112,311,363,66,1,-1,-1
671,30,112,311,363,66,1,-1,-1
672,30,111,311,363,66,1,-1,-1
673,30,111,311,363,66,1,-1,-1
674,30,110,311,363,66,1,-1,-1
675,30,110,311,363,66,1,-1,-1
676,30,110,311,363,66,1,-1,-1
677,30,109,311,363,66,1,-1,-1
678,30,109,311,363,66,1,-1,-1
679,30,109,311,363,66,1,-1,-1
680,30,108,311,363,66,1,-1,-1
681,30,108,311,363,66,1,-1,-1
682,30,108,311,363,66,1,-1,-1
683,30,107,311,363,66,1,-1,-1
684,30,107,311,363,66,1,-1,-1
685,30,107,311,363,66,1,-1,-1
686,30,106,311,363,66,1,-1,-1
687,30,106,311,363,66,1,-1,-1
688,30,106,312,363,66,1,-1,-1
689,30,105,311,363,66,1,-1,-1
690,30,105,311,363,66,1,-1,-1
691,30,104,311,363,66,1,-1,-1
692,30,104,311,363,66,1,-1,-1
693,30,103,311,363,66,1,-1,-1
694,30,103,311,363,66,1,-1,-1
695,30,102,311,363,66,1,-1,-1
696,30,102,311,363,66,1,-1,-1
697,30,101,311,363,66,1,-1,-1
698,30,101,311,363,66,1,-1,-1
699,30,101,311,363,66,1,-1,-1
700,30,100,311,363,66,1,-1,-1
701,30,100,311,363,66,1,-1,-1
702,30,99,311,363,66,1,-1,-1
703,30,99,311,363,66,1,-1,-1
704,30,98,311,363,66,1,-1,-1
705,30,98,311,363,66,1,-1,-1
706,30,97,311,363,66,1,-1,-1
707,30,97,311,363,66,1,-1,-1
708,30,96,311,363,66,1,-1,-1
709,30,96,311,363,66,1,-1,-1
710,30,96,311,363,66,1,-1,-1
711,30,95,311,363,66,1,-1,-1
712,30,95,311,363,66,1,-1,-1
713,30,94,311,363,66,1,-1,-1
714,30,94,311,363,66,1,-1,-1
715,30,93,311,363,66,1,-1,-1
716,30,93,311,363,66,1,-1,-1
717,30,92,311,363,66,1,-1,-1
718,30,92,311,363,66,1,-1,-1
719,30,92,311,363,66,1,-1,-1
601,44,9,374,202,108,1,-1,-1
602,44,8,374,202,108,1,-1,-1
603,44,8,374,202,108,1,-1,-1
604,44,7,374,202,108,1,-1,-1
605,44,7,375,202,108,1,-1,-1
606,44,7,375,202,108,1,-1,-1
607,44,6,375,202,108,1,-1,-1
608,44,6,376,202,108,1,-1,-1
609,44,5,376,202,108,1,-1,-1
610,44,5,376,202,108,1,-1,-1
611,44,5,377,202,108,1,-1,-1
612,44,4,377,202,108,1,-1,-1
613,44,4,377,202,108,1,-1,-1
614,44,3,377,202,108,1,-1,-1
615,44,3,378,202,108,1,-1,-1
616,44,3,378,202,108,1,-1,-1
617,44,2,378,202,108,1,-1,-1
618,44,2,379,202,108,1,-1,-1
619,44,1,379,202,108,1,-1,-1
620,44,1,379,202,108,1,-1,-1
621,44,1,380,202,108,1,-1,-1
622,44,1,380,202,108,1,-1,-1
623,44,1,380,202,108,1,-1,-1
624,44,1,380,202,108,1,-1,-1
625,44,1,380,202,108,1,-1,-1
626,44,1,380,202,108,1,-1,-1
627,44,1,380,202,108,1,-1,-1
628,44,1,380,202,108,1,-1,-1
629,44,1,380,202,108,1,-1,-1
630,44,1,380,202,108,1,-1,-1
631,44,1,380,202,108,1,-1,-1
632,44,1,380,202,108,1,-1,-1
633,44,1,380,202,108,1,-1,-1
634,44,1,380,202,108,1,-1,-1
635,44,1,380,202,108,1,-1,-1
636,44,1,380,202,108,1,-1,-1
637,44,1,380,202,108,1,-1,-1
638,44,1,380,202,108,1,-1,-1
639,44,1,380,202,108,1,-1,-1
640,44,1,380,202,108,1,-1,-1
641,44,1,380,202,108,1,-1,-1
642,44,1,380,202,108,1,-1,-1
643,44,1,380,202,108,1,-1,-1
644,44,1,380,202,108,1,-1,-1
645,44,1,380,202,108,1,-1,-1
646,44,1,380,202,108,1,-1,-1
647,44,1,380,202,108,1,-1,-1
648,44,1,380,202,108,1,-1,-1
649,44,1,380,202,108,1,-1,-1
650,44,1,380,202,108,1,-1,-1
651,44,1,380,202,108,1,-1,-1
652,44,1,380,202,108,1,-1,-1
653,44,1,380,202,108,1,-1,-1
654,44,2,380,202,108,1,-1,-1
655,44,2,380,202,108,1,-1,-1
656,44,2,380,202,108,1,-1,-1
657,44,2,380,202,108,1,-1,-1
658,44,2,380,202,108,1,-1,-1
659,44,2,380,202,108,1,-1,-1
660,44,2,380,202,108,1,-1,-1
661,44,2,380,202,108,1,-1,-1
662,44,2,380,202,108,1,-1,-1
663,44,2,380,202,108,1,-1,-1
664,44,2,380,202,108,1,-1,-1
665,44,2,380,202,108,1,-1,-1
666,44,2,380,202,108,1,-1,-1
667,44,2,380,202,108,1,-1,-1
668,44,2,380,202,108,1,-1,-1
669,44,2,380,202,108,1,-1,-1
670,44,2,380,202,108,1,-1,-1
671,44,2,380,202,108,1,-1,-1
672,44,2,380,202,108,1,-1,-1
673,44,2,380,202,108,1,-1,-1
674,44,2,380,202,108,1,-1,-1
675,44,2,380,202,108,1,-1,-1
676,44,2,380,202,108,1,-1,-1
677,44,2,380,202,108,1,-1,-1
678,44,2,380,202,108,1,-1,-1
679,44,2,380,202,108,1,-1,-1
680,44,2,380,202,108,1,-1,-1
681,44,2,380,202,108,1,-1,-1
682,44,2,380,202,108,1,-1,-1
683,44,2,380,202,108,1,-1,-1
684,44,2,380,202,108,1,-1,-1
685,44,2,380,202,108,1,-1,-1
686,44,2,380,202,108,1,-1,-1
687,44,3,380,202,108,1,-1,-1
688,44,3,380,202,108,1,-1,-1
689,44,3,380,202,108,1,-1,-1
690,44,3,380,202,108,1,-1,-1
691,44,3,380,202,108,1,-1,-1
692,44,3,380,202,108,1,-1,-1
693,44,3,380,202,108,1,-1,-1
694,44,3,380,202,108,1,-1,-1
695,44,3,380,202,108,1,-1,-1
696,44,3,380,202,108,1,-1,-1
697,44,3,380,202,108,1,-1,-1
698,44,3,380,202,108,1,-1,-1
699,44,3,380,202,108,1,-1,-1
700,44,3,380,202,108,1,-1,-1
701,44,3,380,202,108,1,-1,-1
702,44,3,380,202,108,1,-1,-1
703,44,3,380,202,108,1,-1,-1
704,44,3,380,202,108,1,-1,-1
705,44,3,380,202,108,1,-1,-1
706,44,3,380,202,108,1,-1,-1
707,44,3,380,202,108,1,-1,-1
708,44,3,380,202,108,1,-1,-1
709,44,3,380,202,108,1,-1,-1
710,44,3,380,202,108,1,-1,-1
711,44,3,380,202,108,1,-1,-1
712,44,3,380,202,108,1,-1,-1
713,44,3,380,202,108,1,-1,-1
714,44,3,380,202,108,1,-1,-1
715,44,3,380,202,108,1,-1,-1
716,44,3,380,202,108,1,-1,-1
717,44,3,380,202,108,1,-1,-1
718,44,3,380,202,108,1,-1,-1
719,44,4,381,202,108,1,-1,-1
53,45,238,0,381,66,1,-1,-1
54,45,235,0,380,68,1,-1,-1
55,45,232,0,380,70,1,-1,-1
56,45,229,0,380,73,1,-1,-1
57,45,229,0,379,75,1,-1,-1
58,45,229,0,379,77,1,-1,-1
59,45,229,0,379,80,1,-1,-1
60,45,229,0,379,82,1,-1,-1
61,45,229,0,379,85,1,-1,-1
62,45,229,0,379,87,1,-1,-1
63,45,229,0,379,90,1,-1,-1
64,45,225,2,375,89,1,-1,-1
65,45,222,4,371,89,1,-1,-1
66,45,219,6,367,89,1,-1,-1
67,45,216,8,363,89,1,-1,-1
68,45,213,11,359,88,1,-1,-1
69,45,210,14,366,88,1,-1,-1
70,45,207,17,373,89,1,-1,-1
71,45,205,20,379,90,1,-1,-1
72,45,205,20,378,92,1,-1,-1
73,45,205,20,378,94,1,-1,-1
74,45,205,20,378,96,1,-1,-1
75,45,205,20,378,98,1,-1,-1
76,45,205,20,378,100,1,-1,-1
77,45,205,20,378,102,1,-1,-1
78,45,205,20,378,104,1,-1,-1
79,45,205,20,378,106,1,-1,-1
80,45,205,20,378,108,1,-1,-1
81,45,206,21,376,108,1,-1,-1
82,45,207,22,374,108,1,-1,-1
83,45,208,24,372,107,1,-1,-1
84,45,210,25,370,107,1,-1,-1
85,45,211,27,368,107,1,-1,-1
86,45,212,28,366,107,1,-1,-1
87,45,213,30,364,106,1,-1,-1
88,45,215,31,362,106,1,-1,-1
89,45,216,32,360,107,1,-1,-1
90,45,217,34,358,106,1,-1,-1
91,45,219,35,356,106,1,-1,-1
92,45,220,37,354,105,1,-1,-1
93,45,221,38,352,106,1,-1,-1
94,45,222,40,350,105,1,-1,-1
95,45,224,41,348,105,1,-1,-1
96,45,225,43,346,104,1,-1,-1
97,45,226,44,344,105,1,-1,-1
98,45,228,45,342,105,1,-1,-1
99,45,229,47,340,104,1,-1,-1
100,45,230,48,338,104,1,-1,-1
101,45,231,50,336,104,1,-1,-1
102,45,233,51,334,104,1,-1,-1
103,45,234,53,332,103,1,-1,-1
104,45,235,54,330,103,1,-1,-1
105,45,237,56,328,103,1,-1,-1
106,45,236,58,336,103,1,-1,-1
107,45,235,60,345,104,1,-1,-1
108,45,235,63,352,104,1,-1,-1
109,45,234,65,361,105,1,-1,-1
110,45,233,67,369,106,1,-1,-1
111,45,233,70,377,106,1,-1,-1
112,45,233,73,370,103,1,-1,-1
113,45,233,77,364,99,1,-1,-1
114,45,233,81,358,95,1,-1,-1
115,45,233,85,352,92,1,-1,-1
116,45,233,89,345,88,1,-1,-1
117,45,233,93,339,84,1,-1,-1
118,45,233,97,333,80,1,-1,-1
119,45,234,101,326,77,1,-1,-1
120,45,234,99,330,79,1,-1,-1
121,45,235,97,334,82,1,-1,-1
122,45,235,95,339,85,1,-1,-1
123,45,236,93,343,88,1,-1,-1
124,45,236,91,348,90,1,-1,-1
125,45,237,90,352,92,1,-1,-1
126,45,237,88,356,95,1,-1,-1
127,45,238,86,360,98,1,-1,-1
128,45,238,84,365,100,1,-1,-1
129,45,239,82,369,103,1,-1,-1
130,45,239,80,374,106,1,-1,-1
131,45,240,79,378,108,1,-1,-1
132,45,242,85,368,101,1,-1,-1
133,45,244,92,359,94,1,-1,-1
134,45,247,99,349,87,1,-1,-1
135,45,249,106,340,79,1,-1,-1
136,45,251,113,331,72,1,-1,-1
137,45,254,120,321,65,1,-1,-1
138,45,254,120,321,65,1,-1,-1
139,45,254,121,322,65,1,-1,-1
140,45,255,122,322,65,1,-1,-1
141,45,255,123,322,65,1,-1,-1
142,45,255,124,323,65,1,-1,-1
143,45,256,125,323,65,1,-1,-1
144,45,256,126,324,65,1,-1,-1
145,45,256,127,324,65,1,-1,-1
146,45,257,128,324,65,1,-1,-1
147,45,257,129,325,65,1,-1,-1
148,45,258,130,325,65,1,-1,-1
149,45,258,131,325,65,1,-1,-1
150,45,258,132,326,65,1,-1,-1
151,45,259,133,326,65,1,-1,-1
152,45,259,134,326,65,1,-1,-1
153,45,259,135,327,65,1,-1,-1
154,45,260,136,327,65,1,-1,-1
155,45,260,137,328,65,1,-1,-1
156,45,260,138,328,65,1,-1,-1
157,45,261,139,328,65,1,-1,-1
158,45,261,140,329,65,1,-1,-1
159,45,262,141,329,65,1,-1,-1
160,45,261,140,333,67,1,-1,-1
161,45,261,140,336,68,1,-1,-1
162,45,260,140,340,69,1,-1,-1
163,45,260,140,343,71,1,-1,-1
164,45,260,140,347,72,1,-1,-1
165,45,259,140,351,73,1,-1,-1
166,45,259,140,354,75,1,-1,-1
167,45,258,140,358,76,1,-1,-1
168,45,258,140,362,77,1,-1,-1
169,45,258,140,365,79,1,-1,-1
170,45,257,140,369,80,1,-1,-1
171,45,257,140,372,81,1,-1,-1
172,45,257,140,376,83,1,-1,-1
173,45,259,144,367,77,1,-1,-1
174,45,262,148,357,72,1,-1,-1
175,45,265,153,347,66,1,-1,-1
176,45,268,157,337,60,1,-1,-1
177,45,271,161,327,55,1,-1,-1
178,45,274,166,317,49,1,-1,-1
179,45,271,163,327,54,1,-1,-1
180,45,269,160,336,60,1,-1,-1
181,45,266,157,347,66,1,-1,-1
182,45,264,154,356,72,1,-1,-1
183,45,261,151,366,78,1,-1,-1
184,45,259,149,376,83,1,-1,-1
185,45,260,151,373,81,1,-1,-1
186,45,261,153,370,79,1,-1,-1
187,45,262,155,367,78,1,-1,-1
188,45,263,157,364,76,1,-1,-1
189,45,265,159,360,75,1,-1,-1
190,45,266,161,357,73,1,-1,-1
191,45,267,163,355,72,1,-1,-1
192,45,268,165,352,70,1,-1,-1
193,45,270,167,348,69,1,-1,-1
194,45,271,169,345,67,1,-1,-1
195,45,272,171,342,66,1,-1,-1
196,45,273,173,339,64,1,-1,-1
197,45,275,175,335,63,1,-1,-1
198,45,276,177,333,61,1,-1,-1
199,45,277,179,330,60,1,-1,-1
200,45,278,181,327,58,1,-1,-1
201,45,280,183,323,57,1,-1,-1
202,45,281,185,320,55,1,-1,-1
203,45,282,187,317,54,1,-1,-1
204,45,283,189,314,52,1,-1,-1
205,45,285,191,311,51,1,-1,-1
206,45,277,186,327,59,1,-1,-1
207,45,269,181,343,67,1,-1,-1
208,45,261,176,359,75,1,-1,-1
209,45,253,172,376,83,1,-1,-1
210,45,254,173,373,82,1,-1,-1
211,45,256,175,370,80,1,-1,-1
212,45,257,177,368,78,1,-1,-1
213,45,259,179,365,76,1,-1,-1
214,45,261,181,362,74,1,-1,-1
215,45,262,182,360,73,1,-1,-1
216,45,264,184,356,72,1,-1,-1
217,45,265,186,354,70,1,-1,-1
218,45,267,188,351,68,1,-1,-1
219,45,269,190,348,66,1,-1,-1
220,45,270,191,346,65,1,-1,-1
221,45,272,193,343,63,1,-1,-1
222,45,273,195,341,61,1,-1,-1
223,45,275,197,337,60,1,-1,-1
224,45,277,199,334,58,1,-1,-1
225,45,278,200,332,57,1,-1,-1
226,45,280,202,329,55,1,-1,-1
227,45,281,204,327,53,1,-1,-1
228,45,283,206,324,51,1,-1,-1
229,45,285,208,321,50,1,-1,-1
230,45,280,206,327,54,1,-1,-1
231,45,276,205,332,57,1,-1,-1
232,45,272,204,338,60,1,-1,-1
233,45,268,203,343,63,1,-1,-1
234,45,264,202,349,66,1,-1,-1
235,45,260,200,354,70,1,-1,-1
236,45,256,199,359,73,1,-1,-1
237,45,252,198,365,76,1,-1,-1
238,45,248,197,370,79,1,-1,-1
239,45,244,196,376,83,1,-1,-1
240,45,245,197,372,81,1,-1,-1
241,45,247,199,368,79,1,-1,-1
242,45,249,200,363,78,1,-1,-1
243,45,251,202,359,76,1,-1,-1
244,45,253,203,354,74,1,-1,-1
245,45,255,205,350,72,1,-1,-1
246,45,257,207,346,70,1,-1,-1
247,45,259,208,341,69,1,-1,-1
248,45,261,210,337,67,1,-1,-1
249,45,263,211,332,65,1,-1,-1
250,45,265,213,328,63,1,-1,-1
251,45,267,214,323,62,1,-1,-1
252,45,269,216,319,60,1,-1,-1
253,45,271,218,315,58,1,-1,-1
254,45,273,219,310,56,1,-1,-1
255,45,275,221,306,54,1,-1,-1
256,45,277,222,301,53,1,-1,-1
257,45,279,224,297,51,1,-1,-1
258,45,281,226,293,49,1,-1,-1
259,45,273,220,308,55,1,-1,-1
260,45,266,214,323,62,1,-1,-1
261,45,258,208,339,68,1,-1,-1
262,45,251,202,354,75,1,-1,-1
263,45,244,196,369,82,1,-1,-1
264,45,248,198,363,80,1,-1,-1
265,45,252,200,357,79,1,-1,-1
266,45,256,203,351,77,1,-1,-1
267,45,260,205,345,75,1,-1,-1
268,45,265,207,339,74,1,-1,-1
269,45,269,210,333,72,1,-1,-1
270,45,273,212,327,70,1,-1,-1
271,45,277,215,321,68,1,-1,-1
272,45,281,217,315,67,1,-1,-1
273,45,286,219,309,65,1,-1,-1
274,45,290,222,303,63,1,-1,-1
275,45,294,224,297,62,1,-1,-1
276,45,298,227,291,60,1,-1,-1
277,45,303,229,285,58,1,-1,-1
278,45,307,231,279,57,1,-1,-1
279,45,311,234,273,55,1,-1,-1
280,45,315,236,267,53,1,-1,-1
281,45,319,239,261,51,1,-1,-1
282,45,324,241,255,50,1,-1,-1
283,45,328,243,249,48,1,-1,-1
284,45,332,246,243,46,1,-1,-1
285,45,336,248,237,45,1,-1,-1
286,45,341,251,231,43,1,-1,-1
287,45,332,248,242,46,1,-1,-1
288,45,324,245,252,50,1,-1,-1
289,45,316,242,262,54,1,-1,-1
290,45,308,239,273,58,1,-1,-1
291,45,300,236,283,62,1,-1,-1
292,45,292,233,293,65,1,-1,-1
293,45,284,230,304,69,1,-1,-1
294,45,276,227,314,73,1,-1,-1
295,45,268,224,324,77,1,-1,-1
296,45,260,221,335,81,1,-1,-1
297,45,260,223,333,79,1,-1,-1
298,45,261,226,331,76,1,-1,-1
299,45,262,228,328,75,1,-1,-1
300,45,263,231,326,72,1,-1,-1
301,45,264,234,324,70,1,-1,-1
302,45,265,235,323,69,1,-1,-1
303,45,266,236,322,69,1,-1,-1
304,45,267,238,321,68,1,-1,-1
305,45,268,239,320,68,1,-1,-1
306,45,269,241,320,67,1,-1,-1
307,45,270,242,319,67,1,-1,-1
308,45,271,243,318,67,1,-1,-1
309,45,272,245,317,66,1,-1,-1
310,45,273,246,317,65,1,-1,-1
311,45,274,248,316,64,1,-1,-1
312,45,275,249,315,64,1,-1,-1
313,45,276,250,314,64,1,-1,-1
314,45,277,252,314,63,1,-1,-1
315,45,278,253,313,63,1,-1,-1
316,45,279,255,312,62,1,-1,-1
317,45,280,256,311,62,1,-1,-1
318,45,281,258,311,61,1,-1,-1
319,45,281,258,311,61,1,-1,-1
320,45,281,258,311,61,1,-1,-1
321,45,281,258,311,61,1,-1,-1
322,45,281,259,311,61,1,-1,-1
323,45,281,259,311,61,1,-1,-1
324,45,281,259,311,61,1,-1,-1
325,45,281,259,311,61,1,-1,-1
326,45,281,260,311,61,1,-1,-1
327,45,281,260,311,61,1,-1,-1
328,45,281,260,311,61,1,-1,-1
329,45,281,260,311,61,1,-1,-1
330,45,281,261,311,61,1,-1,-1
331,45,281,261,311,61,1,-1,-1
332,45,281,261,311,61,1,-1,-1
333,45,281,261,311,61,1,-1,-1
334,45,281,262,311,61,1,-1,-1
335,45,281,262,311,61,1,-1,-1
336,45,281,262,311,61,1,-1,-1
337,45,281,263,311,61,1,-1,-1
338,45,280,263,311,61,1,-1,-1
339,45,280,263,311,61,1,-1,-1
340,45,280,263,311,61,1,-1,-1
341,45,280,264,311,61,1,-1,-1
342,45,280,264,311,61,1,-1,-1
343,45,279,264,311,61,1,-1,-1
344,45,279,264,311,61,1,-1,-1
345,45,279,265,311,61,1,-1,-1
346,45,279,265,311,61,1,-1,-1
347,45,279,265,311,61,1,-1,-1
348,45,279,265,311,61,1,-1,-1
349,45,278,266,311,61,1,-1,-1
350,45,278,266,311,61,1,-1,-1
351,45,278,266,311,61,1,-1,-1
352,45,278,266,311,61,1,-1,-1
353,45,278,267,311,61,1,-1,-1
354,45,278,267,311,61,1,-1,-1
355,45,277,267,311,61,1,-1,-1
356,45,277,267,311,61,1,-1,-1
357,45,277,268,311,61,1,-1,-1
358,45,277,268,311,61,1,-1,-1
359,45,277,268,311,61,1,-1,-1
360,45,277,268,311,61,1,-1,-1
361,45,276,269,311,61,1,-1,-1
362,45,276,269,311,61,1,-1,-1
363,45,276,269,311,61,1,-1,-1
364,45,276,269,311,61,1,-1,-1
365,45,276,270,311,61,1,-1,-1
366,45,276,270,311,61,1,-1,-1
367,45,275,270,311,61,1,-1,-1
368,45,275,270,311,61,1,-1,-1
369,45,275,271,311,61,1,-1,-1
370,45,275,271,311,61,1,-1,-1
371,45,275,271,311,61,1,-1,-1
372,45,275,272,311,61,1,-1,-1
373,45,274,271,311,61,1,-1,-1
374,45,274,270,311,61,1,-1,-1
375,45,273,270,311,61,1,-1,-1
376,45,273,269,311,61,1,-1,-1
377,45,273,269,311,61,1,-1,-1
378,45,272,268,311,61,1,-1,-1
379,45,272,268,311,61,1,-1,-1
380,45,271,267,311,61,1,-1,-1
381,45,271,266,311,61,1,-1,-1
382,45,271,266,311,61,1,-1,-1
383,45,270,265,311,61,1,-1,-1
384,45,270,265,311,61,1,-1,-1
385,45,270,264,311,61,1,-1,-1
386,45,269,264,311,61,1,-1,-1
387,45,269,263,311,61,1,-1,-1
388,45,268,262,311,61,1,-1,-1
389,45,268,262,311,61,1,-1,-1
390,45,268,261,311,61,1,-1,-1
391,45,267,261,311,61,1,-1,-1
392,45,267,260,311,61,1,-1,-1
393,45,267,260,311,61,1,-1,-1
394,45,266,260,311,61,1,-1,-1
395,45,266,260,311,61,1,-1,-1
396,45,266,260,311,61,1,-1,-1
397,45,265,260,311,61,1,-1,-1
398,45,265,260,311,61,1,-1,-1
399,45,265,260,311,61,1,-1,-1
400,45,264,260,311,61,1,-1,-1
401,45,264,260,311,61,1,-1,-1
402,45,264,260,311,61,1,-1,-1
403,45,263,260,311,61,1,-1,-1
404,45,263,260,311,61,1,-1,-1
405,45,263,260,311,61,1,-1,-1
406,45,262,260,311,61,1,-1,-1
407,45,262,260,311,61,1,-1,-1
408,45,262,260,311,61,1,-1,-1
409,45,261,260,311,61,1,-1,-1
410,45,261,260,311,61,1,-1,-1
411,45,261,260,311,61,1,-1,-1
412,45,260,260,311,61,1,-1,-1
413,45,260,260,311,61,1,-1,-1
414,45,260,260,311,61,1,-1,-1
415,45,259,260,311,61,1,-1,-1
416,45,259,260,311,61,1,-1,-1
417,45,259,260,311,61,1,-1,-1
418,45,258,260,311,61,1,-1,-1
419,45,258,260,311,61,1,-1,-1
420,45,258,260,311,61,1,-1,-1
421,45,257,260,311,61,1,-1,-1
422,45,257,260,311,61,1,-1,-1
423,45,257,260,311,61,1,-1,-1
424,45,256,260,311,61,1,-1,-1
425,45,256,260,311,61,1,-1,-1
426,45,256,260,311,61,1,-1,-1
427,45,255,260,311,61,1,-1,-1
428,45,255,260,311,61,1,-1,-1
429,45,255,260,311,61,1,-1,-1
430,45,254,260,311,61,1,-1,-1
431,45,254,260,311,61,1,-1,-1
432,45,254,261,311,61,1,-1,-1
433,45,254,261,311,61,1,-1,-1
434,45,253,261,311,61,1,-1,-1
435,45,253,261,311,61,1,-1,-1
436,45,253,261,311,61,1,-1,-1
437,45,252,261,311,61,1,-1,-1
438,45,252,261,311,61,1,-1,-1
439,45,252,261,311,61,1,-1,-1
440,45,251,261,311,61,1,-1,-1
441,45,251,261,311,61,1,-1,-1
442,45,251,261,311,61,1,-1,-1
443,45,250,261,311,61,1,-1,-1
444,45,250,261,311,61,1,-1,-1
445,45,250,261,311,61,1,-1,-1
446,45,249,261,311,61,1,-1,-1
447,45,249,261,311,61,1,-1,-1
448,45,249,261,311,61,1,-1,-1
449,45,248,261,311,61,1,-1,-1
450,45,248,261,311,61,1,-1,-1
451,45,248,261,311,61,1,-1,-1
452,45,247,261,311,61,1,-1,-1
453,45,247,261,311,61,1,-1,-1
454,45,247,261,311,61,1,-1,-1
455,45,246,261,311,61,1,-1,-1
456,45,246,261,311,61,1,-1,-1
457,45,246,261,311,61,1,-1,-1
458,45,245,261,311,61,1,-1,-1
459,45,245,261,311,61,1,-1,-1
460,45,245,261,311,61,1,-1,-1
461,45,244,261,311,61,1,-1,-1
462,45,244,261,311,61,1,-1,-1
463,45,244,261,311,61,1,-1,-1
464,45,243,261,311,61,1,-1,-1
465,45,243,261,311,61,1,-1,-1
466,45,243,261,311,61,1,-1,-1
467,45,242,261,311,61,1,-1,-1
468,45,242,261,311,61,1,-1,-1
469,45,242,261,311,61,1,-1,-1
470,45,242,262,311,61,1,-1,-1
471,45,241,262,311,61,1,-1,-1
472,45,241,262,311,61,1,-1,-1
473,45,241,262,311,61,1,-1,-1
474,45,241,262,311,61,1,-1,-1
475,45,240,263,311,61,1,-1,-1
476,45,240,263,311,61,1,-1,-1
477,45,240,263,311,61,1,-1,-1
478,45,240,263,311,61,1,-1,-1
479,45,239,263,311,61,1,-1,-1
480,45,239,264,311,61,1,-1,-1
481,45,239,264,311,61,1,-1,-1
482,45,239,264,311,61,1,-1,-1
483,45,239,264,311,61,1,-1,-1
484,45,238,264,311,61,1,-1,-1
485,45,238,265,311,61,1,-1,-1
486,45,238,265,311,61,1,-1,-1
487,45,238,265,311,61,1,-1,-1
488,45,237,265,311,61,1,-1,-1
489,45,237,265,311,61,1,-1,-1
490,45,237,266,311,61,1,-1,-1
491,45,237,266,311,61,1,-1,-1
492,45,236,266,311,61,1,-1,-1
493,45,236,266,311,61,1,-1,-1
494,45,236,266,311,61,1,-1,-1
495,45,236,267,311,61,1,-1,-1
496,45,236,267,311,61,1,-1,-1
497,45,235,267,311,61,1,-1,-1
498,45,235,267,311,61,1,-1,-1
499,45,235,267,311,61,1,-1,-1
500,45,235,268,311,61,1,-1,-1
501,45,234,268,311,61,1,-1,-1
502,45,234,268,311,61,1,-1,-1
503,45,234,268,311,61,1,-1,-1
504,45,234,268,311,61,1,-1,-1
505,45,233,269,311,61,1,-1,-1
506,45,233,269,311,61,1,-1,-1
507,45,233,269,311,61,1,-1,-1
508,45,233,269,311,61,1,-1,-1
509,45,233,270,311,61,1,-1,-1
510,45,232,270,311,61,1,-1,-1
511,45,231,270,311,61,1,-1,-1
512,45,231,270,311,61,1,-1,-1
513,45,230,270,311,61,1,-1,-1
514,45,230,271,311,61,1,-1,-1
515,45,229,271,311,61,1,-1,-1
516,45,229,271,311,61,1,-1,-1
517,45,228,271,311,61,1,-1,-1
518,45,228,272,311,61,1,-1,-1
519,45,227,272,311,61,1,-1,-1
520,45,227,272,311,61,1,-1,-1
521,45,226,272,311,61,1,-1,-1
522,45,225,273,311,61,1,-1,-1
523,45,225,273,311,61,1,-1,-1
524,45,224,273,311,61,1,-1,-1
525,45,224,273,311,61,1,-1,-1
526,45,223,274,311,61,1,-1,-1
527,45,223,274,311,61,1,-1,-1
528,45,222,274,311,61,1,-1,-1
529,45,222,274,311,61,1,-1,-1
530,45,221,275,311,61,1,-1,-1
531,45,221,275,311,61,1,-1,-1
532,45,220,275,311,61,1,-1,-1
533,45,219,275,311,61,1,-1,-1
534,45,219,276,311,61,1,-1,-1
535,45,218,276,311,61,1,-1,-1
536,45,218,276,311,61,1,-1,-1
537,45,217,276,311,61,1,-1,-1
538,45,217,277,311,61,1,-1,-1
539,45,216,277,311,61,1,-1,-1
540,45,216,277,311,61,1,-1,-1
541,45,215,277,311,61,1,-1,-1
542,45,215,278,311,61,1,-1,-1
543,45,214,278,311,61,1,-1,-1
544,45,213,278,311,61,1,-1,-1
545,45,213,278,311,61,1,-1,-1
546,45,212,278,311,61,1,-1,-1
547,45,211,279,311,61,1,-1,-1
548,45,211,279,311,61,1,-1,-1
549,45,210,279,311,61,1,-1,-1
550,45,210,279,311,61,1,-1,-1
551,45,209,279,311,61,1,-1,-1
552,45,208,280,311,61,1,-1,-1
553,45,208,280,311,61,1,-1,-1
554,45,207,280,311,61,1,-1,-1
555,45,207,280,311,61,1,-1,-1
556,45,206,280,311,61,1,-1,-1
557,45,205,281,311,61,1,-1,-1
558,45,205,281,311,61,1,-1,-1
559,45,204,281,311,61,1,-1,-1
560,45,204,281,311,61,1,-1,-1
561,45,203,281,311,61,1,-1,-1
562,45,202,282,311,61,1,-1,-1
563,45,202,282,311,61,1,-1,-1
564,45,201,282,311,61,1,-1,-1
565,45,201,282,311,61,1,-1,-1
566,45,200,283,311,61,1,-1,-1
567,45,199,283,311,61,1,-1,-1
568,45,199,283,311,61,1,-1,-1
569,45,198,283,311,61,1,-1,-1
570,45,198,283,311,61,1,-1,-1
571,45,197,284,311,61,1,-1,-1
572,45,196,284,311,61,1,-1,-1
573,45,196,284,311,61,1,-1,-1
574,45,195,284,311,61,1,-1,-1
575,45,195,284,311,61,1,-1,-1
576,45,194,285,311,61,1,-1,-1
577,45,193,285,311,61,1,-1,-1
578,45,193,285,311,61,1,-1,-1
579,45,192,285,311,61,1,-1,-1
580,45,192,285,311,61,1,-1,-1
581,45,191,286,311,61,1,-1,-1
582,45,190,286,311,61,1,-1,-1
583,45,190,286,311,61,1,-1,-1
584,45,189,286,311,61,1,-1,-1
585,45,189,287,311,61,1,-1,-1
586,45,189,287,311,61,1,-1,-1
587,45,189,287,311,61,1,-1,-1
588,45,189,287,311,61,1,-1,-1
589,45,189,287,311,61,1,-1,-1
590,45,189,288,311,61,1,-1,-1
591,45,189,288,311,61,1,-1,-1
592,45,189,288,311,61,1,-1,-1
593,45,189,288,311,61,1,-1,-1
594,45,189,289,311,61,1,-1,-1
595,45,189,289,311,61,1,-1,-1
596,45,189,289,311,61,1,-1,-1
597,45,189,289,311,61,1,-1,-1
598,45,189,290,311,61,1,-1,-1
599,45,189,290,311,61,1,-1,-1
600,45,189,290,311,61,1,-1,-1
601,45,189,290,311,61,1,-1,-1
602,45,189,291,311,61,1,-1,-1
603,45,189,291,311,61,1,-1,-1
604,45,190,291,311,61,1,-1,-1
605,45,190,291,311,61,1,-1,-1
606,45,190,292,311,61,1,-1,-1
607,45,190,292,311,61,1,-1,-1
608,45,190,292,311,61,1,-1,-1
609,45,190,292,311,61,1,-1,-1
610,45,190,293,311,61,1,-1,-1
611,45,190,293,311,61,1,-1,-1
612,45,190,293,311,61,1,-1,-1
613,45,190,293,311,61,1,-1,-1
614,45,190,294,311,61,1,-1,-1
615,45,190,294,311,61,1,-1,-1
616,45,190,294,311,61,1,-1,-1
617,45,190,294,311,61,1,-1,-1
618,45,190,295,311,61,1,-1,-1
619,45,190,295,311,61,1,-1,-1
620,45,190,295,311,61,1,-1,-1
621,45,190,295,311,61,1,-1,-1
622,45,191,296,311,61,1,-1,-1
13,46,0,1,180,76,1,-1,-1
14,46,0,1,205,75,1,-1,-1
15,46,0,1,231,75,1,-1,-1
16,46,0,1,257,75,1,-1,-1
17,46,0,1,283,75,1,-1,-1
18,46,0,1,309,75,1,-1,-1
19,46,2,0,303,77,1,-1,-1
20,46,5,0,297,78,1,-1,-1
21,46,7,0,292,79,1,-1,-1
22,46,10,0,286,81,1,-1,-1
23,46,13,0,280,82,1,-1,-1
24,46,15,0,275,83,1,-1,-1
25,46,18,0,269,84,1,-1,-1
26,46,21,0,263,86,1,-1,-1
27,46,16,0,272,95,1,-1,-1
28,46,12,0,281,104,1,-1,-1
29,46,8,0,289,113,1,-1,-1
30,46,4,0,298,122,1,-1,-1
31,46,0,1,307,131,1,-1,-1
32,46,0,1,291,130,1,-1,-1
33,46,0,1,275,130,1,-1,-1
34,46,0,1,259,130,1,-1,-1
35,46,0,0,244,127,1,-1,-1
36,46,0,0,230,123,1,-1,-1
37,46,0,0,216,119,1,-1,-1
38,46,0,0,223,123,1,-1,-1
39,46,0,0,230,128,1,-1,-1
40,46,0,0,237,132,1,-1,-1
41,46,0,0,244,137,1,-1,-1
42,46,0,0,251,141,1,-1,-1
43,46,0,1,258,145,1,-1,-1
44,46,0,0,245,149,1,-1,-1
45,46,0,0,233,153,1,-1,-1
46,46,0,0,220,156,1,-1,-1
47,46,0,0,208,160,1,-1,-1
48,46,0,0,196,164,1,-1,-1
49,46,0,0,183,167,1,-1,-1
50,46,0,0,171,171,1,-1,-1
51,46,0,0,159,175,1,-1,-1
52,46,0,0,159,177,1,-1,-1
53,46,0,0,160,180,1,-1,-1
54,46,0,0,160,183,1,-1,-1
55,46,0,0,161,185,1,-1,-1
56,46,0,0,161,188,1,-1,-1
57,46,0,0,162,191,1,-1,-1
58,46,0,0,162,193,1,-1,-1
59,46,0,0,163,196,1,-1,-1
60,46,0,0,163,199,1,-1,-1
61,46,0,0,164,201,1,-1,-1
62,46,0,0,164,204,1,-1,-1
63,46,0,0,165,207,1,-1,-1
64,46,0,0,165,209,1,-1,-1
65,46,0,0,166,212,1,-1,-1
66,46,0,0,166,215,1,-1,-1
67,46,0,0,167,217,1,-1,-1
68,46,0,0,167,220,1,-1,-1
69,46,0,0,168,223,1,-1,-1
70,46,0,0,168,225,1,-1,-1
71,46,0,0,169,228,1,-1,-1
72,46,0,0,169,231,1,-1,-1
73,46,0,0,170,233,1,-1,-1
74,46,0,0,170,236,1,-1,-1
75,46,0,0,171,239,1,-1,-1
76,46,0,0,172,242,1,-1,-1
77,46,0,8,167,235,1,-1,-1
78,46,0,17,162,227,1,-1,-1
79,46,0,26,158,220,1,-1,-1
80,46,0,35,153,212,1,-1,-1
81,46,0,44,149,205,1,-1,-1
82,46,0,53,144,197,1,-1,-1
83,46,0,62,140,190,1,-1,-1
84,46,0,71,135,182,1,-1,-1
85,46,0,80,130,174,1,-1,-1
86,46,0,89,126,167,1,-1,-1
87,46,0,98,121,159,1,-1,-1
88,46,0,107,117,152,1,-1,-1
89,46,0,116,112,144,1,-1,-1
90,46,0,125,108,137,1,-1,-1
91,46,0,83,129,181,1,-1,-1
92,46,0,41,150,225,1,-1,-1
93,46,0,0,171,269,1,-1,-1
94,46,0,11,166,258,1,-1,-1
95,46,0,23,162,247,1,-1,-1
96,46,0,35,158,236,1,-1,-1
97,46,0,46,153,225,1,-1,-1
98,46,0,58,149,214,1,-1,-1
99,46,0,70,145,203,1,-1,-1
100,46,0,81,140,192,1,-1,-1
101,46,0,93,136,181,1,-1,-1
102,46,0,105,132,170,1,-1,-1
103,46,0,116,127,159,1,-1,-1
104,46,0,128,123,148,1,-1,-1
105,46,0,140,119,137,1,-1,-1
106,46,0,139,121,138,1,-1,-1
107,46,0,139,123,139,1,-1,-1
108,46,0,139,125,139,1,-1,-1
109,46,0,139,127,140,1,-1,-1
110,46,0,138,129,142,1,-1,-1
111,46,0,138,131,142,1,-1,-1
112,46,0,138,133,143,1,-1,-1
113,46,0,138,135,144,1,-1,-1
114,46,0,138,137,144,1,-1,-1
115,46,0,137,139,146,1,-1,-1
116,46,0,137,141,147,1,-1,-1
117,46,0,137,143,147,1,-1,-1
118,46,0,137,145,148,1,-1,-1
119,46,0,137,147,149,1,-1,-1
120,46,0,127,149,159,1,-1,-1
121,46,0,117,151,170,1,-1,-1
122,46,0,108,153,180,1,-1,-1
123,46,0,98,155,191,1,-1,-1
124,46,0,89,158,201,1,-1,-1
125,46,0,79,160,211,1,-1,-1
126,46,0,69,162,222,1,-1,-1
127,46,0,60,164,232,1,-1,-1
128,46,0,50,166,243,1,-1,-1
129,46,0,41,169,253,1,-1,-1
130,46,0,54,169,240,1,-1,-1
131,46,0,67,170,228,1,-1,-1
132,46,0,81,170,214,1,-1,-1
133,46,0,94,171,202,1,-1,-1
134,46,0,107,171,189,1,-1,-1
135,46,0,121,172,176,1,-1,-1
136,46,0,134,172,163,1,-1,-1
137,46,0,148,173,150,1,-1,-1
138,46,0,140,173,158,1,-1,-1
139,46,0,132,174,167,1,-1,-1
140,46,0,125,175,174,1,-1,-1
141,46,0,117,176,183,1,-1,-1
142,46,0,110,177,190,1,-1,-1
143,46,0,102,177,199,1,-1,-1
144,46,0,94,178,207,1,-1,-1
145,46,0,87,179,215,1,-1,-1
146,46,0,79,180,223,1,-1,-1
147,46,0,72,181,231,1,-1,-1
148,46,6,81,175,219,1,-1,-1
149,46,12,91,169,207,1,-1,-1
150,46,18,101,163,195,1,-1,-1
151,46,25,111,156,183,1,-1,-1
152,46,31,120,150,172,1,-1,-1
153,46,37,130,144,160,1,-1,-1
154,46,43,140,138,147,1,-1,-1
155,46,50,150,131,135,1,-1,-1
156,46,56,159,125,124,1,-1,-1
157,46,62,169,119,112,1,-1,-1
158,46,68,179,113,100,1,-1,-1
159,46,75,189,107,88,1,-1,-1
160,46,62,170,122,113,1,-1,-1
161,46,50,152,136,137,1,-1,-1
162,46,37,134,151,161,1,-1,-1
163,46,25,115,165,186,1,-1,-1
164,46,12,97,180,210,1,-1,-1
165,46,0,79,194,235,1,-1,-1
166,46,6,88,189,223,1,-1,-1
167,46,12,98,184,211,1,-1,-1
168,46,19,108,178,198,1,-1,-1
169,46,25,117,174,187,1,-1,-1
170,46,31,127,169,174,1,-1,-1
171,46,38,137,163,162,1,-1,-1
172,46,44,146,159,150,1,-1,-1
173,46,51,156,153,138,1,-1,-1
174,46,57,166,148,125,1,-1,-1
175,46,63,175,144,114,1,-1,-1
176,46,70,185,138,101,1,-1,-1
177,46,76,195,133,89,1,-1,-1
178,46,83,205,128,77,1,-1,-1
179,46,55,170,152,134,1,-1,-1
180,46,27,135,177,191,1,-1,-1
181,46,0,100,201,248,1,-1,-1
182,46,0,99,202,249,1,-1,-1
183,46,1,98,202,250,1,-1,-1
184,46,2,98,203,250,1,-1,-1
185,46,2,101,204,247,1,-1,-1
186,46,3,104,204,244,1,-1,-1
187,46,4,107,204,242,1,-1,-1
188,46,5,111,204,238,1,-1,-1
189,46,5,114,205,235,1,-1,-1
190,46,6,117,206,233,1,-1,-1
191,46,7,121,206,229,1,-1,-1
192,46,8,124,206,227,1,-1,-1
193,46,8,127,207,224,1,-1,-1
194,46,9,131,207,220,1,-1,-1
195,46,10,134,208,218,1,-1,-1
196,46,11,137,208,215,1,-1,-1
197,46,11,141,209,211,1,-1,-1
198,46,12,144,209,209,1,-1,-1
199,46,13,147,209,206,1,-1,-1
200,46,14,151,210,203,1,-1,-1
201,46,29,167,192,178,1,-1,-1
202,46,45,183,174,154,1,-1,-1
203,46,61,200,156,128,1,-1,-1
204,46,77,216,138,104,1,-1,-1
205,46,93,233,120,79,1,-1,-1
206,46,88,233,125,81,1,-1,-1
207,46,83,234,130,82,1,-1,-1
208,46,79,235,134,83,1,-1,-1
209,46,74,236,140,84,1,-1,-1
210,46,70,237,144,85,1,-1,-1
211,46,65,238,149,87,1,-1,-1
212,46,61,238,153,89,1,-1,-1
213,46,56,239,159,90,1,-1,-1
214,46,52,240,163,91,1,-1,-1
215,46,47,241,168,92,1,-1,-1
216,46,42,242,174,93,1,-1,-1
217,46,38,243,178,95,1,-1,-1
218,46,33,243,183,97,1,-1,-1
219,46,29,244,187,98,1,-1,-1
220,46,24,245,193,99,1,-1,-1
221,46,20,246,197,100,1,-1,-1
222,46,15,247,202,101,1,-1,-1
223,46,11,248,207,103,1,-1,-1
224,46,28,250,190,96,1,-1,-1
225,46,45,252,174,90,1,-1,-1
226,46,63,254,157,84,1,-1,-1
227,46,80,256,140,77,1,-1,-1
228,46,97,258,124,71,1,-1,-1
229,46,115,260,107,65,1,-1,-1
230,46,105,259,117,69,1,-1,-1
231,46,96,259,127,73,1,-1,-1
232,46,87,259,136,77,1,-1,-1
233,46,78,259,146,80,1,-1,-1
234,46,69,259,156,84,1,-1,-1
235,46,59,258,166,89,1,-1,-1
236,46,50,258,176,92,1,-1,-1
237,46,41,258,185,96,1,-1,-1
238,46,32,258,195,100,1,-1,-1
239,46,23,258,205,104,1,-1,-1
240,46,23,259,205,104,1,-1,-1
241,46,24,260,204,104,1,-1,-1
242,46,25,261,203,104,1,-1,-1
243,46,26,262,202,104,1,-1,-1
244,46,27,264,201,104,1,-1,-1
245,46,27,264,201,105,1,-1,-1
246,46,28,265,200,105,1,-1,-1
247,46,29,266,199,105,1,-1,-1
248,46,30,267,199,105,1,-1,-1
249,46,31,268,198,105,1,-1,-1
250,46,32,269,197,105,1,-1,-1
251,46,33,270,196,105,1,-1,-1
252,46,34,271,196,106,1,-1,-1
253,46,49,271,183,101,1,-1,-1
254,46,65,272,170,95,1,-1,-1
255,46,81,273,157,90,1,-1,-1
256,46,97,274,143,84,1,-1,-1
257,46,113,275,130,78,1,-1,-1
258,46,129,276,117,73,1,-1,-1
259,46,115,275,132,82,1,-1,-1
260,46,101,275,147,90,1,-1,-1
261,46,87,275,162,98,1,-1,-1
262,46,73,275,177,106,1,-1,-1
263,46,60,275,191,114,1,-1,-1
264,46,60,278,193,112,1,-1,-1
265,46,60,282,196,109,1,-1,-1
266,46,60,285,199,107,1,-1,-1
267,46,60,289,202,104,1,-1,-1
268,46,60,288,202,106,1,-1,-1
269,46,60,288,202,107,1,-1,-1
270,46,60,287,203,109,1,-1,-1
271,46,60,287,203,111,1,-1,-1
272,46,60,286,203,113,1,-1,-1
273,46,60,286,204,114,1,-1,-1
274,46,60,285,204,116,1,-1,-1
275,46,61,285,204,118,1,-1,-1
276,46,63,286,200,116,1,-1,-1
277,46,65,288,196,114,1,-1,-1
278,46,68,290,192,111,1,-1,-1
279,46,70,292,188,109,1,-1,-1
280,46,73,294,184,106,1,-1,-1
281,46,75,296,180,104,1,-1,-1
282,46,78,298,176,102,1,-1,-1
283,46,89,288,164,104,1,-1,-1
284,46,100,278,152,107,1,-1,-1
285,46,111,269,141,109,1,-1,-1
286,46,122,259,129,112,1,-1,-1
287,46,133,250,118,114,1,-1,-1
288,46,121,248,131,120,1,-1,-1
289,46,110,247,143,125,1,-1,-1
290,46,98,245,156,132,1,-1,-1
291,46,87,244,168,137,1,-1,-1
292,46,76,243,181,143,1,-1,-1
293,46,76,243,180,143,1,-1,-1
294,46,76,243,180,143,1,-1,-1
295,46,76,244,180,142,1,-1,-1
296,46,76,244,179,142,1,-1,-1
297,46,76,244,179,142,1,-1,-1
298,46,77,245,178,142,1,-1,-1
299,46,77,245,177,142,1,-1,-1
300,46,77,245,177,142,1,-1,-1
301,46,77,245,177,143,1,-1,-1
302,46,75,246,179,143,1,-1,-1
303,46,73,248,181,142,1,-1,-1
304,46,71,250,183,141,1,-1,-1
305,46,70,252,185,141,1,-1,-1
306,46,68,254,187,140,1,-1,-1
307,46,66,256,189,139,1,-1,-1
308,46,64,258,191,138,1,-1,-1
309,46,63,260,193,138,1,-1,-1
310,46,61,262,195,137,1,-1,-1
311,46,59,264,197,136,1,-1,-1
312,46,57,266,200,136,1,-1,-1
313,46,56,268,201,135,1,-1,-1
314,46,54,270,203,134,1,-1,-1
315,46,52,272,205,133,1,-1,-1
316,46,50,274,208,133,1,-1,-1
317,46,49,276,209,132,1,-1,-1
318,46,47,278,211,131,1,-1,-1
319,46,45,280,213,130,1,-1,-1
320,46,43,282,216,130,1,-1,-1
321,46,42,284,217,129,1,-1,-1
322,46,40,286,219,128,1,-1,-1
323,46,38,288,222,128,1,-1,-1
324,46,36,289,224,128,1,-1,-1
325,46,35,291,225,127,1,-1,-1
326,46,33,293,227,126,1,-1,-1
327,46,31,295,230,126,1,-1,-1
328,46,29,297,232,125,1,-1,-1
329,46,28,299,233,124,1,-1,-1
330,46,26,301,235,123,1,-1,-1
331,46,24,303,238,123,1,-1,-1
332,46,22,305,240,122,1,-1,-1
333,46,21,307,241,121,1,-1,-1
334,46,19,309,244,121,1,-1,-1
335,46,17,311,246,120,1,-1,-1
336,46,15,313,248,119,1,-1,-1
337,46,14,315,249,118,1,-1,-1
338,46,12,317,252,118,1,-1,-1
339,46,10,319,254,117,1,-1,-1
340,46,8,321,256,116,1,-1,-1
341,46,7,323,257,115,1,-1,-1
342,46,5,325,260,115,1,-1,-1
343,46,3,327,262,114,1,-1,-1
344,46,1,329,264,113,1,-1,-1
345,46,0,331,266,113,1,-1,-1
346,46,0,331,266,113,1,-1,-1
347,46,0,331,266,113,1,-1,-1
348,46,0,331,266,113,1,-1,-1
349,46,0,331,266,113,1,-1,-1
350,46,0,331,266,113,1,-1,-1
351,46,0,331,266,113,1,-1,-1
352,46,0,331,266,113,1,-1,-1
353,46,0,331,266,113,1,-1,-1
354,46,0,331,266,113,1,-1,-1
355,46,0,331,266,113,1,-1,-1
356,46,0,331,266,113,1,-1,-1
357,46,0,331,266,113,1,-1,-1
358,46,0,331,266,113,1,-1,-1
359,46,0,331,266,113,1,-1,-1
360,46,0,331,266,113,1,-1,-1
361,46,1,331,266,113,1,-1,-1
362,46,1,331,266,113,1,-1,-1
363,46,1,331,266,113,1,-1,-1
364,46,1,331,266,113,1,-1,-1
365,46,1,331,266,113,1,-1,-1
366,46,1,331,266,113,1,-1,-1
367,46,1,331,266,113,1,-1,-1
368,46,1,331,266,113,1,-1,-1
369,46,1,331,266,113,1,-1,-1
370,46,1,331,266,113,1,-1,-1
371,46,1,331,266,113,1,-1,-1
372,46,1,331,266,113,1,-1,-1
373,46,1,331,266,113,1,-1,-1
374,46,1,331,266,113,1,-1,-1
375,46,1,331,266,113,1,-1,-1
376,46,1,331,266,113,1,-1,-1
377,46,2,331,266,113,1,-1,-1
378,46,2,331,266,113,1,-1,-1
379,46,2,331,266,113,1,-1,-1
380,46,2,331,266,113,1,-1,-1
381,46,2,331,266,113,1,-1,-1
382,46,2,331,266,113,1,-1,-1
383,46,2,331,266,113,1,-1,-1
384,46,2,331,266,113,1,-1,-1
385,46,2,331,266,113,1,-1,-1
386,46,2,331,266,113,1,-1,-1
387,46,2,331,266,113,1,-1,-1
388,46,2,331,266,113,1,-1,-1
389,46,2,331,266,113,1,-1,-1
390,46,2,331,266,113,1,-1,-1
391,46,2,331,266,113,1,-1,-1
392,46,2,331,266,113,1,-1,-1
393,46,3,331,266,113,1,-1,-1
394,46,2,331,269,112,1,-1,-1
395,46,2,331,272,112,1,-1,-1
396,46,2,331,275,112,1,-1,-1
397,46,2,331,278,112,1,-1,-1
398,46,2,331,281,112,1,-1,-1
399,46,2,331,284,112,1,-1,-1
400,46,2,331,287,112,1,-1,-1
401,46,2,331,290,112,1,-1,-1
402,46,2,331,293,112,1,-1,-1
403,46,2,331,296,112,1,-1,-1
404,46,2,331,299,112,1,-1,-1
405,46,2,331,302,112,1,-1,-1
406,46,2,331,305,112,1,-1,-1
407,46,2,331,308,112,1,-1,-1
408,46,2,331,311,112,1,-1,-1
409,46,2,331,310,111,1,-1,-1
410,46,2,331,309,111,1,-1,-1
411,46,2,331,309,111,1,-1,-1
412,46,2,331,308,111,1,-1,-1
413,46,2,331,307,111,1,-1,-1
414,46,2,331,307,111,1,-1,-1
415,46,2,331,306,111,1,-1,-1
416,46,2,331,305,111,1,-1,-1
417,46,2,331,305,111,1,-1,-1
418,46,2,331,304,111,1,-1,-1
419,46,2,331,303,111,1,-1,-1
420,46,2,331,303,111,1,-1,-1
421,46,2,331,302,111,1,-1,-1
422,46,2,331,301,111,1,-1,-1
423,46,2,331,301,111,1,-1,-1
424,46,2,331,300,111,1,-1,-1
425,46,2,331,300,111,1,-1,-1
426,46,2,331,299,111,1,-1,-1
427,46,2,331,298,111,1,-1,-1
428,46,2,331,298,111,1,-1,-1
429,46,2,331,297,111,1,-1,-1
430,46,2,331,296,111,1,-1,-1
431,46,2,331,296,111,1,-1,-1
432,46,2,331,295,111,1,-1,-1
433,46,2,331,294,111,1,-1,-1
434,46,2,331,294,111,1,-1,-1
435,46,2,331,293,111,1,-1,-1
436,46,2,331,292,111,1,-1,-1
437,46,2,331,292,111,1,-1,-1
438,46,2,331,291,111,1,-1,-1
439,46,2,331,291,111,1,-1,-1
440,46,2,331,290,111,1,-1,-1
441,46,2,331,289,111,1,-1,-1
442,46,2,331,289,111,1,-1,-1
443,46,2,331,288,111,1,-1,-1
444,46,2,331,287,111,1,-1,-1
445,46,2,331,287,111,1,-1,-1
446,46,2,331,286,111,1,-1,-1
447,46,2,331,285,111,1,-1,-1
448,46,2,331,285,111,1,-1,-1
449,46,2,331,284,111,1,-1,-1
450,46,2,331,283,111,1,-1,-1
451,46,2,331,283,111,1,-1,-1
452,46,2,331,282,111,1,-1,-1
453,46,2,331,281,111,1,-1,-1
454,46,2,331,281,111,1,-1,-1
455,46,2,331,280,111,1,-1,-1
456,46,2,331,280,111,1,-1,-1
457,46,2,331,279,111,1,-1,-1
458,46,2,331,278,111,1,-1,-1
459,46,2,331,278,111,1,-1,-1
460,46,2,331,277,111,1,-1,-1
461,46,2,331,276,111,1,-1,-1
462,46,2,331,276,111,1,-1,-1
463,46,2,331,275,111,1,-1,-1
464,46,2,331,274,111,1,-1,-1
465,46,2,331,274,111,1,-1,-1
466,46,2,331,273,111,1,-1,-1
467,46,2,331,272,111,1,-1,-1
468,46,2,331,272,111,1,-1,-1
469,46,2,331,271,111,1,-1,-1
470,46,2,331,271,111,1,-1,-1
471,46,2,331,271,111,1,-1,-1
472,46,2,331,271,111,1,-1,-1
473,46,2,331,271,111,1,-1,-1
474,46,2,331,271,111,1,-1,-1
475,46,2,331,271,111,1,-1,-1
476,46,2,331,271,111,1,-1,-1
477,46,2,331,271,111,1,-1,-1
478,46,2,332,271,111,1,-1,-1
479,46,2,332,271,111,1,-1,-1
480,46,2,332,271,111,1,-1,-1
481,46,2,332,271,111,1,-1,-1
482,46,2,332,271,111,1,-1,-1
483,46,2,332,271,111,1,-1,-1
484,46,2,332,271,111,1,-1,-1
485,46,2,333,271,111,1,-1,-1
486,46,2,333,271,111,1,-1,-1
487,46,2,333,271,111,1,-1,-1
488,46,2,333,271,111,1,-1,-1
489,46,2,333,271,111,1,-1,-1
490,46,2,333,271,111,1,-1,-1
491,46,2,333,271,111,1,-1,-1
492,46,2,333,271,111,1,-1,-1
493,46,2,334,271,111,1,-1,-1
494,46,2,334,271,111,1,-1,-1
495,46,2,334,271,111,1,-1,-1
496,46,2,334,271,111,1,-1,-1
497,46,2,334,271,111,1,-1,-1
498,46,2,334,271,111,1,-1,-1
499,46,2,334,271,111,1,-1,-1
500,46,2,335,271,111,1,-1,-1
501,46,2,335,271,111,1,-1,-1
502,46,2,335,271,111,1,-1,-1
503,46,2,335,271,111,1,-1,-1
504,46,2,335,271,111,1,-1,-1
505,46,2,335,271,111,1,-1,-1
506,46,2,335,271,111,1,-1,-1
507,46,2,336,271,111,1,-1,-1
508,46,2,336,271,111,1,-1,-1
509,46,2,336,271,111,1,-1,-1
510,46,2,336,271,111,1,-1,-1
511,46,2,336,271,111,1,-1,-1
512,46,2,336,271,111,1,-1,-1
513,46,2,336,271,111,1,-1,-1
514,46,2,336,271,111,1,-1,-1
515,46,2,337,271,111,1,-1,-1
516,46,2,337,271,111,1,-1,-1
517,46,2,337,271,111,1,-1,-1
518,46,2,337,271,111,1,-1,-1
519,46,2,337,271,111,1,-1,-1
520,46,2,337,271,111,1,-1,-1
521,46,2,337,271,111,1,-1,-1
522,46,2,338,271,111,1,-1,-1
523,46,2,338,271,111,1,-1,-1
524,46,2,338,271,111,1,-1,-1
525,46,2,338,271,111,1,-1,-1
526,46,2,338,271,111,1,-1,-1
527,46,2,338,271,111,1,-1,-1
528,46,2,338,271,111,1,-1,-1
529,46,3,339,271,111,1,-1,-1
530,46,3,339,271,111,1,-1,-1
531,46,4,339,271,111,1,-1,-1
532,46,5,339,271,111,1,-1,-1
533,46,5,339,271,111,1,-1,-1
534,46,6,339,271,111,1,-1,-1
535,46,7,339,271,111,1,-1,-1
536,46,7,339,271,111,1,-1,-1
537,46,8,339,271,111,1,-1,-1
538,46,9,339,271,111,1,-1,-1
539,46,9,339,271,111,1,-1,-1
540,46,10,339,271,111,1,-1,-1
541,46,11,339,271,111,1,-1,-1
542,46,12,339,271,111,1,-1,-1
543,46,11,339,271,111,1,-1,-1
544,46,11,339,271,111,1,-1,-1
545,46,11,339,271,111,1,-1,-1
546,46,11,340,271,111,1,-1,-1
547,46,11,340,271,111,1,-1,-1
548,46,11,340,271,111,1,-1,-1
549,46,11,340,271,111,1,-1,-1
550,46,11,341,271,111,1,-1,-1
551,46,11,341,271,111,1,-1,-1
552,46,11,341,271,111,1,-1,-1
553,46,11,341,271,111,1,-1,-1
554,46,11,342,271,111,1,-1,-1
555,46,11,342,271,111,1,-1,-1
556,46,11,342,271,111,1,-1,-1
557,46,11,342,271,111,1,-1,-1
558,46,11,343,271,111,1,-1,-1
559,46,10,343,271,111,1,-1,-1
560,46,10,343,271,111,1,-1,-1
561,46,10,343,271,111,1,-1,-1
562,46,10,344,271,111,1,-1,-1
563,46,10,344,271,111,1,-1,-1
564,46,10,344,271,111,1,-1,-1
565,46,10,344,271,111,1,-1,-1
566,46,10,345,271,111,1,-1,-1
567,46,10,345,271,111,1,-1,-1
568,46,10,345,271,111,1,-1,-1
569,46,10,345,271,111,1,-1,-1
570,46,10,346,271,111,1,-1,-1
571,46,10,346,271,111,1,-1,-1
572,46,10,346,271,111,1,-1,-1
573,46,10,346,271,111,1,-1,-1
574,46,10,347,271,111,1,-1,-1
575,46,10,347,271,111,1,-1,-1
576,46,10,347,271,111,1,-1,-1
577,46,10,347,271,111,1,-1,-1
578,46,10,347,271,111,1,-1,-1
579,46,10,347,271,111,1,-1,-1
580,46,10,347,271,111,1,-1,-1
581,46,10,347,271,111,1,-1,-1
582,46,10,347,271,111,1,-1,-1
583,46,10,347,271,111,1,-1,-1
584,46,10,347,271,111,1,-1,-1
585,46,10,347,271,111,1,-1,-1
586,46,10,347,271,111,1,-1,-1
587,46,10,347,271,111,1,-1,-1
588,46,10,347,271,111,1,-1,-1
589,46,10,347,271,111,1,-1,-1
590,46,10,347,271,111,1,-1,-1
591,46,10,347,271,111,1,-1,-1
592,46,10,347,271,111,1,-1,-1
593,46,10,347,271,111,1,-1,-1
594,46,10,347,271,111,1,-1,-1
595,46,10,347,271,111,1,-1,-1
596,46,10,347,271,111,1,-1,-1
597,46,10,347,271,111,1,-1,-1
598,46,10,347,271,111,1,-1,-1
599,46,10,347,271,111,1,-1,-1
600,46,10,347,271,111,1,-1,-1
601,46,10,347,271,111,1,-1,-1
602,46,10,347,271,111,1,-1,-1
603,46,10,347,271,111,1,-1,-1
604,46,10,347,271,111,1,-1,-1
605,46,10,347,271,111,1,-1,-1
606,46,10,347,271,111,1,-1,-1
607,46,10,347,271,111,1,-1,-1
608,46,10,347,271,111,1,-1,-1
609,46,10,347,271,111,1,-1,-1
610,46,10,347,271,111,1,-1,-1
611,46,10,347,271,111,1,-1,-1
612,46,10,347,271,111,1,-1,-1
613,46,10,347,271,111,1,-1,-1
614,46,10,347,271,111,1,-1,-1
615,46,10,347,271,111,1,-1,-1
616,46,10,347,271,111,1,-1,-1
617,46,10,347,271,111,1,-1,-1
618,46,10,347,271,111,1,-1,-1
619,46,10,347,271,111,1,-1,-1
620,46,10,347,271,111,1,-1,-1
621,46,10,347,271,111,1,-1,-1
622,46,10,347,271,111,1,-1,-1
