601,12,246,97,394,50,1,-1,-1
602,12,246,97,394,50,1,-1,-1
603,12,246,97,394,50,1,-1,-1
604,12,246,97,394,50,1,-1,-1
605,12,246,97,394,50,1,-1,-1
606,12,246,97,394,50,1,-1,-1
607,12,246,97,394,50,1,-1,-1
608,12,247,97,394,50,1,-1,-1
609,12,247,97,394,50,1,-1,-1
610,12,247,97,394,50,1,-1,-1
611,12,247,97,394,50,1,-1,-1
612,12,247,97,394,50,1,-1,-1
613,12,247,97,394,50,1,-1,-1
614,12,247,97,394,50,1,-1,-1
615,12,248,97,394,50,1,-1,-1
616,12,248,97,394,50,1,-1,-1
617,12,248,97,394,50,1,-1,-1
618,12,248,97,394,50,1,-1,-1
619,12,248,97,394,50,1,-1,-1
620,12,248,97,394,50,1,-1,-1
621,12,248,97,394,50,1,-1,-1
622,12,249,97,394,50,1,-1,-1
623,12,249,97,394,50,1,-1,-1
624,12,249,97,394,50,1,-1,-1
625,12,249,97,394,50,1,-1,-1
626,12,249,97,394,50,1,-1,-1
627,12,249,97,394,50,1,-1,-1
628,12,249,97,394,50,1,-1,-1
629,12,250,97,394,50,1,-1,-1
630,12,250,97,394,50,1,-1,-1
631,12,250,97,394,50,1,-1,-1
632,12,250,97,394,50,1,-1,-1
633,12,250,97,394,50,1,-1,-1
634,12,250,97,394,50,1,-1,-1
635,12,251,98,394,49,1,-1,-1
636,12,251,98,394,49,1,-1,-1
637,12,251,98,394,49,1,-1,-1
638,12,251,98,394,49,1,-1,-1
639,12,251,98,394,49,1,-1,-1
640,12,251,98,394,49,1,-1,-1
641,12,251,98,394,49,1,-1,-1
642,12,252,98,394,49,1,-1,-1
643,12,252,98,394,49,1,-1,-1
644,12,252,98,394,49,1,-1,-1
645,12,252,98,394,49,1,-1,-1
646,12,252,98,394,49,1,-1,-1
647,12,252,98,394,49,1,-1,-1
648,12,252,98,394,49,1,-1,-1
649,12,253,98,394,49,1,-1,-1
650,12,253,98,394,49,1,-1,-1
651,12,253,98,394,49,1,-1,-1
652,12,253,98,394,49,1,-1,-1
653,12,253,98,394,49,1,-1,-1
654,12,253,98,394,49,1,-1,-1
655,12,253,98,394,49,1,-1,-1
656,12,254,98,394,49,1,-1,-1
657,12,254,98,394,49,1,-1,-1
658,12,254,98,394,49,1,-1,-1
659,12,254,98,394,49,1,-1,-1
660,12,254,98,394,49,1,-1,-1
661,12,254,98,394,49,1,-1,-1
662,12,254,98,394,49,1,-1,-1
663,12,255,98,394,49,1,-1,-1
664,12,255,98,394,49,1,-1,-1
665,12,255,98,394,49,1,-1,-1
666,12,255,98,394,49,1,-1,-1
667,12,255,98,394,49,1,-1,-1
668,12,255,98,394,49,1,-1,-1
669,12,256,99,394,49,1,-1,-1
670,12,256,99,394,49,1,-1,-1
671,12,256,99,394,49,1,-1,-1
672,12,256,99,394,49,1,-1,-1
673,12,256,99,394,49,1,-1,-1
674,12,256,99,394,49,1,-1,-1
675,12,256,99,394,49,1,-1,-1
676,12,256,99,394,49,1,-1,-1
677,12,256,99,394,49,1,-1,-1
678,12,256,99,394,49,1,-1,-1
679,12,256,99,394,49,1,-1,-1
680,12,256,99,394,49,1,-1,-1
681,12,256,99,394,49,1,-1,-1
682,12,256,99,394,49,1,-1,-1
683,12,256,99,394,49,1,-1,-1
684,12,256,99,394,49,1,-1,-1
685,12,256,99,394,49,1,-1,-1
686,12,256,99,394,49,1,-1,-1
687,12,256,99,394,49,1,-1,-1
688,12,256,99,394,49,1,-1,-1
689,12,256,99,394,49,1,-1,-1
690,12,256,99,394,49,1,-1,-1
691,12,256,99,394,49,1,-1,-1
692,12,256,99,394,49,1,-1,-1
693,12,256,99,394,49,1,-1,-1
694,12,256,99,394,49,1,-1,-1
695,12,256,99,394,49,1,-1,-1
696,12,256,99,394,49,1,-1,-1
697,12,256,99,394,49,1,-1,-1
698,12,256,99,394,49,1,-1,-1
699,12,256,99,394,49,1,-1,-1
700,12,256,99,394,49,1,-1,-1
701,12,256,99,394,49,1,-1,-1
702,12,256,99,394,49,1,-1,-1
703,12,256,99,394,49,1,-1,-1
704,12,256,99,394,49,1,-1,-1
705,12,256,99,394,49,1,-1,-1
706,12,256,99,394,49,1,-1,-1
707,12,256,99,394,49,1,-1,-1
708,12,256,99,394,49,1,-1,-1
709,12,256,99,394,49,1,-1,-1
710,12,256,99,394,49,1,-1,-1
711,12,256,99,394,49,1,-1,-1
712,12,256,99,394,49,1,-1,-1
713,12,256,99,394,49,1,-1,-1
714,12,256,99,394,49,1,-1,-1
715,12,256,99,394,49,1,-1,-1
716,12,256,99,394,49,1,-1,-1
717,12,256,99,394,49,1,-1,-1
718,12,256,99,394,49,1,-1,-1
719,12,256,99,394,49,1,-1,-1
720,12,256,99,394,49,1,-1,-1
721,12,256,99,394,49,1,-1,-1
722,12,256,99,394,49,1,-1,-1
723,12,256,99,394,49,1,-1,-1
724,12,256,99,394,49,1,-1,-1
725,12,256,99,394,49,1,-1,-1
726,12,256,99,394,49,1,-1,-1
727,12,256,99,394,49,1,-1,-1
728,12,256,99,394,49,1,-1,-1
729,12,256,99,394,49,1,-1,-1
730,12,256,99,394,49,1,-1,-1
731,12,256,99,394,49,1,-1,-1
732,12,256,99,394,49,1,-1,-1
733,12,256,99,394,49,1,-1,-1
734,12,256,99,394,49,1,-1,-1
735,12,256,99,394,49,1,-1,-1
736,12,256,99,394,49,1,-1,-1
737,12,256,99,394,49,1,-1,-1
738,12,256,99,394,49,1,-1,-1
739,12,256,99,394,49,1,-1,-1
740,12,256,99,394,49,1,-1,-1
741,12,256,99,394,49,1,-1,-1
742,12,256,99,394,49,1,-1,-1
743,12,256,99,394,49,1,-1,-1
744,12,256,99,394,49,1,-1,-1
745,12,256,99,394,49,1,-1,-1
746,12,256,99,394,49,1,-1,-1
747,12,256,99,394,49,1,-1,-1
748,12,256,99,394,49,1,-1,-1
749,12,256,99,394,49,1,-1,-1
750,12,256,99,394,49,1,-1,-1
751,12,256,99,394,49,1,-1,-1
752,12,256,99,394,49,1,-1,-1
753,12,256,99,394,49,1,-1,-1
754,12,256,99,394,49,1,-1,-1
755,12,256,99,394,49,1,-1,-1
756,12,256,99,394,49,1,-1,-1
757,12,256,99,394,49,1,-1,-1
758,12,256,99,394,49,1,-1,-1
759,12,256,99,394,49,1,-1,-1
760,12,256,99,394,49,1,-1,-1
761,12,256,99,394,49,1,-1,-1
762,12,256,99,394,49,1,-1,-1
763,12,256,99,394,49,1,-1,-1
764,12,256,99,394,49,1,-1,-1
765,12,256,99,394,49,1,-1,-1
766,12,256,99,394,49,1,-1,-1
767,12,256,99,394,49,1,-1,-1
768,12,256,99,394,49,1,-1,-1
769,12,256,99,394,49,1,-1,-1
770,12,256,99,394,49,1,-1,-1
771,12,256,99,394,49,1,-1,-1
772,12,256,99,394,49,1,-1,-1
773,12,256,99,394,49,1,-1,-1
774,12,256,99,394,49,1,-1,-1
775,12,256,99,394,49,1,-1,-1
776,12,256,99,394,49,1,-1,-1
777,12,256,99,394,49,1,-1,-1
778,12,256,99,394,49,1,-1,-1
779,12,256,99,394,49,1,-1,-1
780,12,256,99,394,49,1,-1,-1
781,12,256,99,394,49,1,-1,-1
782,12,256,99,394,49,1,-1,-1
783,12,256,99,394,49,1,-1,-1
784,12,256,99,394,49,1,-1,-1
785,12,256,99,394,49,1,-1,-1
786,12,256,99,394,49,1,-1,-1
787,12,256,99,394,49,1,-1,-1
788,12,256,99,394,49,1,-1,-1
789,12,256,99,394,49,1,-1,-1
790,12,256,99,394,49,1,-1,-1
791,12,256,99,394,49,1,-1,-1
792,12,256,99,394,49,1,-1,-1
793,12,256,99,394,49,1,-1,-1
794,12,256,99,394,49,1,-1,-1
795,12,256,99,394,49,1,-1,-1
796,12,256,99,394,49,1,-1,-1
797,12,256,99,394,49,1,-1,-1
798,12,256,99,394,49,1,-1,-1
799,12,256,99,394,49,1,-1,-1
800,12,256,99,394,49,1,-1,-1
801,12,256,99,394,49,1,-1,-1
802,12,256,99,394,49,1,-1,-1
803,12,256,99,394,49,1,-1,-1
804,12,256,99,394,49,1,-1,-1
805,12,256,99,394,49,1,-1,-1
806,12,256,99,394,49,1,-1,-1
807,12,256,99,394,49,1,-1,-1
808,12,256,99,394,49,1,-1,-1
809,12,256,99,394,49,1,-1,-1
810,12,256,99,394,49,1,-1,-1
811,12,256,99,394,49,1,-1,-1
812,12,256,99,394,49,1,-1,-1
813,12,256,99,394,49,1,-1,-1
814,12,256,99,394,49,1,-1,-1
815,12,256,99,394,49,1,-1,-1
816,12,256,99,394,49,1,-1,-1
817,12,256,99,394,49,1,-1,-1
818,12,256,99,394,49,1,-1,-1
819,12,256,99,394,49,1,-1,-1
820,12,256,99,394,49,1,-1,-1
821,12,256,99,394,49,1,-1,-1
822,12,256,99,394,49,1,-1,-1
823,12,256,99,394,49,1,-1,-1
824,12,256,99,394,49,1,-1,-1
825,12,256,99,394,49,1,-1,-1
826,12,256,99,394,49,1,-1,-1
827,12,256,99,394,49,1,-1,-1
828,12,256,99,394,49,1,-1,-1
829,12,256,99,394,49,1,-1,-1
830,12,256,99,394,49,1,-1,-1
831,12,256,99,394,49,1,-1,-1
832,12,256,99,394,49,1,-1,-1
833,12,256,99,394,49,1,-1,-1
834,12,256,99,394,49,1,-1,-1
835,12,256,99,394,49,1,-1,-1
836,12,256,99,394,49,1,-1,-1
837,12,256,99,394,49,1,-1,-1
838,12,256,99,394,49,1,-1,-1
839,12,256,99,394,49,1,-1,-1
840,12,256,99,394,49,1,-1,-1
841,12,256,99,394,49,1,-1,-1
842,12,256,99,394,49,1,-1,-1
843,12,256,99,394,49,1,-1,-1
844,12,256,99,394,49,1,-1,-1
845,12,256,99,394,49,1,-1,-1
846,12,256,99,394,49,1,-1,-1
847,12,256,99,394,49,1,-1,-1
848,12,256,99,394,49,1,-1,-1
849,12,256,99,394,49,1,-1,-1
850,12,256,99,394,49,1,-1,-1
851,12,256,99,394,49,1,-1,-1
852,12,256,99,394,49,1,-1,-1
853,12,256,99,394,49,1,-1,-1
854,12,256,99,394,49,1,-1,-1
855,12,256,99,394,49,1,-1,-1
856,12,256,99,394,49,1,-1,-1
857,12,256,99,394,49,1,-1,-1
858,12,256,99,394,49,1,-1,-1
859,12,256,99,394,49,1,-1,-1
860,12,256,99,394,49,1,-1,-1
861,12,256,99,394,49,1,-1,-1
862,12,256,99,394,49,1,-1,-1
863,12,256,99,394,49,1,-1,-1
864,12,256,99,394,49,1,-1,-1
865,12,256,99,394,49,1,-1,-1
866,12,256,99,394,49,1,-1,-1
867,12,256,99,394,49,1,-1,-1
868,12,256,99,394,49,1,-1,-1
869,12,256,99,394,49,1,-1,-1
870,12,256,99,394,49,1,-1,-1
871,12,256,99,394,49,1,-1,-1
872,12,256,99,394,49,1,-1,-1
873,12,256,99,394,49,1,-1,-1
874,12,256,99,394,49,1,-1,-1
875,12,256,99,394,49,1,-1,-1
876,12,256,99,394,49,1,-1,-1
877,12,256,99,394,49,1,-1,-1
878,12,256,99,394,49,1,-1,-1
879,12,256,99,394,49,1,-1,-1
880,12,256,99,394,49,1,-1,-1
881,12,256,99,394,49,1,-1,-1
882,12,256,99,394,49,1,-1,-1
883,12,256,99,394,49,1,-1,-1
884,12,256,99,394,49,1,-1,-1
885,12,256,99,394,49,1,-1,-1
886,12,256,99,394,49,1,-1,-1
887,12,256,99,394,49,1,-1,-1
888,12,256,99,394,49,1,-1,-1
889,12,256,99,394,49,1,-1,-1
890,12,256,99,394,49,1,-1,-1
891,12,256,99,394,49,1,-1,-1
892,12,256,99,394,49,1,-1,-1
893,12,256,99,394,49,1,-1,-1
894,12,256,99,394,49,1,-1,-1
895,12,256,99,394,49,1,-1,-1
896,12,256,99,394,49,1,-1,-1
897,12,256,99,394,49,1,-1,-1
898,12,256,99,394,49,1,-1,-1
899,12,256,99,394,49,1,-1,-1
900,12,256,99,394,49,1,-1,-1
901,12,256,99,394,49,1,-1,-1
902,12,256,98,394,50,1,-1,-1
903,12,256,98,394,50,1,-1,-1
904,12,256,98,394,50,1,-1,-1
905,12,256,98,394,50,1,-1,-1
906,12,256,98,394,50,1,-1,-1
907,12,256,98,394,50,1,-1,-1
908,12,256,98,394,50,1,-1,-1
909,12,256,98,394,50,1,-1,-1
910,12,256,98,394,50,1,-1,-1
911,12,256,98,394,50,1,-1,-1
912,12,256,98,394,50,1,-1,-1
913,12,256,98,394,50,1,-1,-1
914,12,256,98,394,50,1,-1,-1
915,12,256,98,394,50,1,-1,-1
916,12,256,98,394,50,1,-1,-1
917,12,256,98,394,50,1,-1,-1
918,12,256,98,394,50,1,-1,-1
919,12,256,98,394,50,1,-1,-1
920,12,256,98,394,50,1,-1,-1
921,12,256,98,394,50,1,-1,-1
922,12,256,98,394,50,1,-1,-1
923,12,256,98,394,50,1,-1,-1
924,12,256,98,394,50,1,-1,-1
925,12,256,98,394,50,1,-1,-1
926,12,256,98,394,50,1,-1,-1
927,12,256,98,394,50,1,-1,-1
928,12,256,98,394,50,1,-1,-1
929,12,256,98,394,50,1,-1,-1
930,12,256,98,394,50,1,-1,-1
931,12,256,98,394,50,1,-1,-1
932,12,256,98,394,50,1,-1,-1
933,12,256,98,394,50,1,-1,-1
934,12,256,98,394,50,1,-1,-1
935,12,256,98,394,50,1,-1,-1
936,12,256,98,394,50,1,-1,-1
937,12,256,98,394,50,1,-1,-1
938,12,256,98,394,50,1,-1,-1
939,12,256,98,394,50,1,-1,-1
940,12,256,98,394,50,1,-1,-1
941,12,256,98,394,50,1,-1,-1
942,12,256,98,394,50,1,-1,-1
943,12,256,98,394,50,1,-1,-1
944,12,256,98,394,50,1,-1,-1
945,12,256,98,394,50,1,-1,-1
946,12,256,98,394,50,1,-1,-1
947,12,256,98,394,50,1,-1,-1
948,12,256,98,394,50,1,-1,-1
949,12,256,98,394,50,1,-1,-1
950,12,256,98,394,50,1,-1,-1
951,12,256,98,394,50,1,-1,-1
952,12,256,98,394,50,1,-1,-1
953,12,256,98,394,50,1,-1,-1
954,12,256,98,394,50,1,-1,-1
955,12,256,98,394,50,1,-1,-1
956,12,256,98,394,50,1,-1,-1
957,12,256,98,394,50,1,-1,-1
958,12,256,98,394,50,1,-1,-1
959,12,256,98,394,50,1,-1,-1
960,12,256,98,394,50,1,-1,-1
961,12,256,98,394,50,1,-1,-1
962,12,256,98,394,50,1,-1,-1
963,12,256,98,394,50,1,-1,-1
964,12,256,98,394,50,1,-1,-1
965,12,256,98,394,50,1,-1,-1
966,12,256,98,394,50,1,-1,-1
967,12,256,98,394,50,1,-1,-1
968,12,256,98,394,50,1,-1,-1
969,12,256,98,394,50,1,-1,-1
970,12,256,98,394,50,1,-1,-1
971,12,256,98,394,50,1,-1,-1
972,12,256,98,394,50,1,-1,-1
973,12,256,98,394,50,1,-1,-1
974,12,256,98,394,50,1,-1,-1
975,12,256,98,394,50,1,-1,-1
976,12,256,98,394,51,1,-1,-1
977,12,256,98,394,51,1,-1,-1
978,12,256,98,394,51,1,-1,-1
979,12,256,98,394,51,1,-1,-1
980,12,256,98,394,51,1,-1,-1
981,12,256,98,394,51,1,-1,-1
982,12,256,98,394,51,1,-1,-1
983,12,256,98,394,51,1,-1,-1
984,12,256,98,394,51,1,-1,-1
985,12,256,98,394,51,1,-1,-1
986,12,256,98,394,51,1,-1,-1
987,12,256,98,394,51,1,-1,-1
988,12,256,98,394,51,1,-1,-1
989,12,256,98,394,51,1,-1,-1
990,12,256,98,394,51,1,-1,-1
991,12,256,98,394,51,1,-1,-1
992,12,256,98,394,51,1,-1,-1
993,12,256,98,394,51,1,-1,-1
994,12,256,98,394,51,1,-1,-1
995,12,256,98,394,51,1,-1,-1
996,12,256,98,394,51,1,-1,-1
997,12,256,98,394,51,1,-1,-1
998,12,256,98,394,51,1,-1,-1
999,12,256,98,394,51,1,-1,-1
1000,12,256,98,394,51,1,-1,-1
1001,12,256,98,395,51,1,-1,-1
1002,12,256,98,395,51,1,-1,-1
1003,12,256,98,395,51,1,-1,-1
1004,12,256,98,395,51,1,-1,-1
1005,12,256,98,395,51,1,-1,-1
1006,12,256,98,395,51,1,-1,-1
1007,12,256,98,395,51,1,-1,-1
1008,12,256,98,395,51,1,-1,-1
1009,12,256,98,395,51,1,-1,-1
1010,12,256,98,395,51,1,-1,-1
1011,12,256,98,395,51,1,-1,-1
1012,12,256,98,395,51,1,-1,-1
1013,12,256,98,395,51,1,-1,-1
1014,12,256,98,395,51,1,-1,-1
1015,12,256,98,395,51,1,-1,-1
1016,12,256,98,395,51,1,-1,-1
1017,12,256,98,395,51,1,-1,-1
1018,12,256,98,395,51,1,-1,-1
1019,12,256,98,395,51,1,-1,-1
1020,12,256,98,395,51,1,-1,-1
1021,12,256,98,395,51,1,-1,-1
1022,12,256,98,395,51,1,-1,-1
1023,12,256,98,395,51,1,-1,-1
1024,12,256,98,395,51,1,-1,-1
1025,12,256,98,395,51,1,-1,-1
1026,12,256,98,395,51,1,-1,-1
1027,12,256,98,395,51,1,-1,-1
1028,12,256,98,395,51,1,-1,-1
1029,12,256,98,395,51,1,-1,-1
1030,12,256,98,395,51,1,-1,-1
1031,12,256,98,395,51,1,-1,-1
1032,12,256,98,395,51,1,-1,-1
1033,12,256,98,395,51,1,-1,-1
1034,12,256,98,395,51,1,-1,-1
1035,12,256,98,395,51,1,-1,-1
1036,12,256,98,395,51,1,-1,-1
1037,12,256,98,395,51,1,-1,-1
1038,12,256,98,395,51,1,-1,-1
1039,12,256,98,395,51,1,-1,-1
1040,12,256,98,395,51,1,-1,-1
1041,12,256,98,395,51,1,-1,-1
1042,12,256,98,395,51,1,-1,-1
1043,12,256,98,395,51,1,-1,-1
1044,12,256,98,395,51,1,-1,-1
1045,12,256,98,395,51,1,-1,-1
1046,12,256,98,395,51,1,-1,-1
1047,12,256,98,395,51,1,-1,-1
1048,12,256,98,395,51,1,-1,-1
1049,12,256,98,395,51,1,-1,-1
1050,12,256,98,395,51,1,-1,-1
1051,12,256,98,395,52,1,-1,-1
1052,12,256,98,395,52,1,-1,-1
1053,12,256,98,395,52,1,-1,-1
1054,12,256,98,395,52,1,-1,-1
1055,12,256,98,395,52,1,-1,-1
1056,12,256,98,395,52,1,-1,-1
1057,12,256,98,395,52,1,-1,-1
1058,12,256,98,395,52,1,-1,-1
1059,12,256,98,395,52,1,-1,-1
1060,12,256,98,395,52,1,-1,-1
1061,12,256,98,395,52,1,-1,-1
1062,12,256,98,395,52,1,-1,-1
1063,12,256,98,395,52,1,-1,-1
1064,12,256,98,395,52,1,-1,-1
1065,12,256,98,395,52,1,-1,-1
1066,12,256,98,395,52,1,-1,-1
1067,12,256,98,395,52,1,-1,-1
1068,12,256,98,395,52,1,-1,-1
1069,12,256,98,395,52,1,-1,-1
1070,12,256,98,395,52,1,-1,-1
1071,12,256,98,395,52,1,-1,-1
1072,12,256,98,395,52,1,-1,-1
1073,12,256,98,395,52,1,-1,-1
1074,12,256,98,395,52,1,-1,-1
1075,12,256,98,395,52,1,-1,-1
1076,12,256,98,395,52,1,-1,-1
1077,12,256,98,395,52,1,-1,-1
1078,12,256,98,395,52,1,-1,-1
1079,12,256,98,395,52,1,-1,-1
1080,12,256,98,395,52,1,-1,-1
1081,12,256,98,395,52,1,-1,-1
1082,12,256,98,395,52,1,-1,-1
1083,12,256,98,395,52,1,-1,-1
1084,12,256,98,395,52,1,-1,-1
1085,12,256,98,395,52,1,-1,-1
1086,12,256,98,395,52,1,-1,-1
1087,12,256,98,395,52,1,-1,-1
1088,12,256,98,395,52,1,-1,-1
1089,12,256,98,395,52,1,-1,-1
1090,12,256,98,395,52,1,-1,-1
1091,12,256,98,395,52,1,-1,-1
1092,12,256,98,395,52,1,-1,-1
1093,12,256,98,395,52,1,-1,-1
1094,12,256,98,395,52,1,-1,-1
1095,12,256,98,395,52,1,-1,-1
1096,12,256,98,395,52,1,-1,-1
1097,12,256,98,395,52,1,-1,-1
1098,12,256,98,395,52,1,-1,-1
1099,12,256,98,395,52,1,-1,-1
1100,12,256,98,395,52,1,-1,-1
1101,12,256,98,396,52,1,-1,-1
1102,12,256,98,396,52,1,-1,-1
1103,12,256,98,396,52,1,-1,-1
1104,12,256,98,396,52,1,-1,-1
1105,12,256,98,396,52,1,-1,-1
1106,12,256,98,396,52,1,-1,-1
1107,12,256,98,396,52,1,-1,-1
1108,12,256,98,396,52,1,-1,-1
1109,12,256,98,396,52,1,-1,-1
1110,12,256,98,396,52,1,-1,-1
1111,12,256,98,396,52,1,-1,-1
1112,12,256,98,396,52,1,-1,-1
1113,12,256,98,396,52,1,-1,-1
1114,12,256,98,396,52,1,-1,-1
1115,12,256,98,396,52,1,-1,-1
1116,12,256,98,396,52,1,-1,-1
1117,12,256,98,396,52,1,-1,-1
1118,12,256,98,396,52,1,-1,-1
1119,12,256,98,396,52,1,-1,-1
1120,12,256,98,396,52,1,-1,-1
1121,12,256,98,396,52,1,-1,-1
1122,12,256,98,396,52,1,-1,-1
1123,12,256,98,396,52,1,-1,-1
1124,12,256,98,396,52,1,-1,-1
1125,12,256,98,396,52,1,-1,-1
1126,12,256,98,396,53,1,-1,-1
1127,12,256,98,396,53,1,-1,-1
1128,12,256,98,396,53,1,-1,-1
1129,12,256,98,396,53,1,-1,-1
1130,12,256,98,396,53,1,-1,-1
1131,12,256,98,396,53,1,-1,-1
1132,12,256,98,396,53,1,-1,-1
1133,12,256,98,396,53,1,-1,-1
1134,12,256,98,396,53,1,-1,-1
1135,12,256,98,396,53,1,-1,-1
1136,12,256,98,396,53,1,-1,-1
1137,12,256,98,396,53,1,-1,-1
1138,12,256,98,396,53,1,-1,-1
1139,12,256,98,396,53,1,-1,-1
1140,12,256,98,396,53,1,-1,-1
1141,12,256,98,396,53,1,-1,-1
1142,12,256,98,396,53,1,-1,-1
1143,12,256,98,396,53,1,-1,-1
1144,12,256,98,396,53,1,-1,-1
1145,12,256,98,396,53,1,-1,-1
1146,12,256,98,396,53,1,-1,-1
1147,12,256,98,396,53,1,-1,-1
1148,12,256,98,396,53,1,-1,-1
1149,12,256,98,396,53,1,-1,-1
1150,12,256,98,396,53,1,-1,-1
1151,12,256,98,396,53,1,-1,-1
1152,12,256,98,396,53,1,-1,-1
1153,12,256,98,396,53,1,-1,-1
1154,12,256,98,396,53,1,-1,-1
1155,12,256,98,396,53,1,-1,-1
1156,12,256,98,396,53,1,-1,-1
1157,12,256,98,396,53,1,-1,-1
1158,12,256,98,396,53,1,-1,-1
1159,12,256,98,396,53,1,-1,-1
1160,12,256,98,396,53,1,-1,-1
1161,12,256,98,396,53,1,-1,-1
1162,12,256,98,396,53,1,-1,-1
1163,12,256,98,396,53,1,-1,-1
1164,12,256,98,396,53,1,-1,-1
1165,12,256,98,396,53,1,-1,-1
1166,12,256,98,396,53,1,-1,-1
1167,12,256,98,396,53,1,-1,-1
1168,12,256,98,396,53,1,-1,-1
1169,12,256,98,396,53,1,-1,-1
1170,12,256,98,396,53,1,-1,-1
1171,12,256,98,396,53,1,-1,-1
1172,12,256,98,396,53,1,-1,-1
1173,12,256,98,396,53,1,-1,-1
1174,12,256,98,396,53,1,-1,-1
1175,12,256,98,396,53,1,-1,-1
1176,12,256,98,396,53,1,-1,-1
1177,12,256,98,396,53,1,-1,-1
1178,12,256,98,396,53,1,-1,-1
1179,12,256,98,396,53,1,-1,-1
1180,12,256,98,396,53,1,-1,-1
1181,12,256,98,396,53,1,-1,-1
1182,12,256,98,396,53,1,-1,-1
1183,12,256,98,396,53,1,-1,-1
1184,12,256,98,396,53,1,-1,-1
1185,12,256,98,396,53,1,-1,-1
1186,12,256,98,396,53,1,-1,-1
1187,12,256,98,396,53,1,-1,-1
1188,12,256,98,396,53,1,-1,-1
1189,12,256,98,396,53,1,-1,-1
1190,12,256,98,396,53,1,-1,-1
1191,12,256,98,396,53,1,-1,-1
1192,12,256,98,396,53,1,-1,-1
1193,12,256,98,396,53,1,-1,-1
1194,12,256,98,396,53,1,-1,-1
1195,12,256,98,396,53,1,-1,-1
1196,12,256,98,396,53,1,-1,-1
1197,12,256,98,396,53,1,-1,-1
1198,12,256,98,396,53,1,-1,-1
1199,12,256,98,396,53,1,-1,-1
1200,12,257,98,396,54,1,-1,-1
1,62,246,72,386,70,1,-1,-1
2,62,245,71,387,71,1,-1,-1
3,62,245,71,387,71,1,-1,-1
4,62,245,71,387,71,1,-1,-1
5,62,245,71,387,71,1,-1,-1
6,62,245,71,387,71,1,-1,-1
7,62,245,71,387,71,1,-1,-1
8,62,245,71,387,71,1,-1,-1
9,62,245,71,387,71,1,-1,-1
10,62,245,71,387,71,1,-1,-1
11,62,244,71,388,71,1,-1,-1
12,62,244,71,388,71,1,-1,-1
13,62,244,71,389,71,1,-1,-1
14,62,244,71,389,71,1,-1,-1
15,62,244,71,389,71,1,-1,-1
16,62,244,71,389,71,1,-1,-1
17,62,244,71,389,71,1,-1,-1
18,62,244,71,389,71,1,-1,-1
19,62,244,71,389,71,1,-1,-1
20,62,243,71,390,71,1,-1,-1
21,62,243,71,390,71,1,-1,-1
22,62,243,71,390,71,1,-1,-1
23,62,243,71,390,71,1,-1,-1
24,62,243,71,390,71,1,-1,-1
25,62,243,71,391,72,1,-1,-1
26,62,243,71,391,72,1,-1,-1
27,62,243,71,391,72,1,-1,-1
28,62,243,71,391,72,1,-1,-1
29,62,242,71,392,72,1,-1,-1
30,62,242,71,392,72,1,-1,-1
31,62,242,71,392,72,1,-1,-1
32,62,242,71,392,72,1,-1,-1
33,62,242,71,392,72,1,-1,-1
34,62,242,71,392,72,1,-1,-1
35,62,242,71,392,72,1,-1,-1
36,62,242,71,392,72,1,-1,-1
37,62,242,71,393,72,1,-1,-1
38,62,241,71,394,72,1,-1,-1
39,62,241,71,394,72,1,-1,-1
40,62,241,71,394,72,1,-1,-1
41,62,241,71,394,72,1,-1,-1
42,62,241,71,394,72,1,-1,-1
43,62,241,71,394,72,1,-1,-1
44,62,241,71,394,72,1,-1,-1
45,62,241,71,394,72,1,-1,-1
46,62,241,71,394,72,1,-1,-1
47,62,241,71,394,72,1,-1,-1
48,62,240,71,395,72,1,-1,-1
49,62,240,71,396,73,1,-1,-1
50,62,240,71,396,73,1,-1,-1
51,62,240,71,396,73,1,-1,-1
52,62,240,71,396,73,1,-1,-1
53,62,240,71,396,73,1,-1,-1
54,62,240,71,396,73,1,-1,-1
55,62,240,71,396,73,1,-1,-1
56,62,240,71,396,73,1,-1,-1
57,62,239,71,397,73,1,-1,-1
58,62,239,71,397,73,1,-1,-1
59,62,239,71,397,73,1,-1,-1
60,62,239,71,397,73,1,-1,-1
61,62,239,71,398,73,1,-1,-1
62,62,239,70,398,74,1,-1,-1
63,62,239,70,398,74,1,-1,-1
64,62,239,70,398,74,1,-1,-1
65,62,239,70,398,74,1,-1,-1
66,62,238,70,399,74,1,-1,-1
67,62,238,70,399,74,1,-1,-1
68,62,238,70,399,74,1,-1,-1
69,62,238,70,399,74,1,-1,-1
70,62,238,70,399,74,1,-1,-1
71,62,238,70,399,74,1,-1,-1
72,62,238,70,399,74,1,-1,-1
73,62,238,70,400,75,1,-1,-1
74,62,238,70,400,75,1,-1,-1
75,62,237,70,401,75,1,-1,-1
76,62,237,70,401,75,1,-1,-1
77,62,237,70,401,75,1,-1,-1
78,62,237,70,401,75,1,-1,-1
79,62,237,70,401,75,1,-1,-1
80,62,237,70,401,75,1,-1,-1
81,62,237,70,401,75,1,-1,-1
82,62,237,70,401,75,1,-1,-1
83,62,237,70,401,75,1,-1,-1
84,62,237,70,401,75,1,-1,-1
85,62,236,70,403,75,1,-1,-1
86,62,236,70,403,75,1,-1,-1
87,62,236,70,403,75,1,-1,-1
88,62,236,70,403,75,1,-1,-1
89,62,236,70,403,75,1,-1,-1
90,62,236,70,403,75,1,-1,-1
91,62,236,70,403,75,1,-1,-1
92,62,236,70,403,75,1,-1,-1
93,62,236,70,403,75,1,-1,-1
94,62,235,70,404,75,1,-1,-1
95,62,235,70,404,75,1,-1,-1
96,62,235,70,404,75,1,-1,-1
97,62,235,70,405,76,1,-1,-1
98,62,235,70,405,76,1,-1,-1
99,62,235,70,405,76,1,-1,-1
100,62,235,70,405,76,1,-1,-1
101,62,235,70,405,76,1,-1,-1
102,62,235,70,405,76,1,-1,-1
103,62,234,70,406,76,1,-1,-1
104,62,234,70,406,76,1,-1,-1
105,62,234,70,406,76,1,-1,-1
106,62,234,70,406,76,1,-1,-1
107,62,234,70,406,76,1,-1,-1
108,62,234,70,406,76,1,-1,-1
109,62,234,70,407,76,1,-1,-1
110,62,234,70,407,76,1,-1,-1
111,62,234,70,407,76,1,-1,-1
112,62,233,70,408,76,1,-1,-1
113,62,233,70,408,76,1,-1,-1
114,62,233,70,408,76,1,-1,-1
115,62,233,70,408,76,1,-1,-1
116,62,233,70,408,76,1,-1,-1
117,62,233,70,408,76,1,-1,-1
118,62,233,70,408,76,1,-1,-1
119,62,233,70,408,76,1,-1,-1
120,62,233,70,408,76,1,-1,-1
121,62,233,70,409,77,1,-1,-1
122,62,232,69,410,77,1,-1,-1
123,62,231,69,411,77,1,-1,-1
124,62,231,69,411,77,1,-1,-1
125,62,230,69,412,77,1,-1,-1
126,62,230,69,412,77,1,-1,-1
127,62,229,69,413,77,1,-1,-1
128,62,228,69,414,77,1,-1,-1
129,62,228,69,414,77,1,-1,-1
130,62,227,69,415,77,1,-1,-1
131,62,227,69,415,77,1,-1,-1
132,62,226,68,416,77,1,-1,-1
133,62,225,68,417,77,1,-1,-1
134,62,224,68,418,77,1,-1,-1
135,62,223,68,419,77,1,-1,-1
136,62,222,68,420,77,1,-1,-1
137,62,221,68,421,77,1,-1,-1
138,62,220,68,422,77,1,-1,-1
139,62,219,68,423,77,1,-1,-1
140,62,218,68,424,77,1,-1,-1
141,62,217,68,425,77,1,-1,-1
142,62,217,68,425,77,1,-1,-1
143,62,217,68,425,77,1,-1,-1
144,62,217,68,425,77,1,-1,-1
145,62,217,68,425,77,1,-1,-1
146,62,217,68,425,77,1,-1,-1
147,62,217,68,425,77,1,-1,-1
148,62,218,68,424,77,1,-1,-1
149,62,218,68,424,77,1,-1,-1
150,62,218,68,424,77,1,-1,-1
151,62,218,68,424,77,1,-1,-1
152,62,218,68,425,77,1,-1,-1
153,62,218,68,425,78,1,-1,-1
154,62,219,68,424,78,1,-1,-1
155,62,219,68,424,78,1,-1,-1
156,62,219,68,424,78,1,-1,-1
157,62,219,68,424,78,1,-1,-1
158,62,219,68,424,78,1,-1,-1
159,62,219,68,424,78,1,-1,-1
160,62,219,68,424,78,1,-1,-1
161,62,220,68,423,78,1,-1,-1
162,62,220,68,423,78,1,-1,-1
163,62,220,68,424,78,1,-1,-1
164,62,220,68,424,79,1,-1,-1
165,62,220,68,424,79,1,-1,-1
166,62,220,68,424,79,1,-1,-1
167,62,221,68,423,79,1,-1,-1
168,62,221,68,423,79,1,-1,-1
169,62,221,68,423,79,1,-1,-1
170,62,221,68,423,79,1,-1,-1
171,62,221,68,423,79,1,-1,-1
172,62,221,68,423,79,1,-1,-1
173,62,222,68,423,79,1,-1,-1
174,62,222,68,423,79,1,-1,-1
175,62,222,68,423,79,1,-1,-1
176,62,222,68,423,80,1,-1,-1
177,62,222,68,423,80,1,-1,-1
178,62,222,68,423,80,1,-1,-1
179,62,222,68,423,80,1,-1,-1
180,62,223,68,422,80,1,-1,-1
181,62,223,68,422,80,1,-1,-1
182,62,223,68,422,80,1,-1,-1
183,62,223,68,422,80,1,-1,-1
184,62,223,68,423,80,1,-1,-1
185,62,223,68,423,80,1,-1,-1
186,62,224,68,422,80,1,-1,-1
187,62,224,68,422,81,1,-1,-1
188,62,224,68,422,81,1,-1,-1
189,62,224,68,422,81,1,-1,-1
190,62,224,68,422,81,1,-1,-1
191,62,224,68,422,81,1,-1,-1
192,62,224,68,422,81,1,-1,-1
193,62,225,68,421,81,1,-1,-1
194,62,225,68,421,81,1,-1,-1
195,62,225,68,422,81,1,-1,-1
196,62,225,68,422,81,1,-1,-1
197,62,225,68,422,81,1,-1,-1
198,62,225,68,422,81,1,-1,-1
199,62,226,68,421,82,1,-1,-1
200,62,226,68,421,82,1,-1,-1
201,62,226,68,421,82,1,-1,-1
202,62,226,68,421,82,1,-1,-1
203,62,226,68,421,82,1,-1,-1
204,62,226,68,421,82,1,-1,-1
205,62,227,68,421,82,1,-1,-1
206,62,227,68,421,82,1,-1,-1
207,62,227,68,421,82,1,-1,-1
208,62,227,68,421,82,1,-1,-1
209,62,227,68,421,82,1,-1,-1
210,62,227,68,421,83,1,-1,-1
211,62,227,68,421,83,1,-1,-1
212,62,228,68,420,83,1,-1,-1
213,62,228,68,420,83,1,-1,-1
214,62,228,68,420,83,1,-1,-1
215,62,228,68,420,83,1,-1,-1
216,62,228,68,421,83,1,-1,-1
217,62,228,68,421,83,1,-1,-1
218,62,229,68,420,83,1,-1,-1
219,62,229,68,420,83,1,-1,-1
220,62,229,68,420,83,1,-1,-1
221,62,229,68,420,84,1,-1,-1
222,62,229,68,420,84,1,-1,-1
223,62,229,68,420,84,1,-1,-1
224,62,229,68,420,84,1,-1,-1
225,62,230,68,419,84,1,-1,-1
226,62,230,68,419,84,1,-1,-1
227,62,230,68,420,84,1,-1,-1
228,62,230,68,420,84,1,-1,-1
229,62,230,68,420,84,1,-1,-1
230,62,230,68,420,84,1,-1,-1
231,62,231,68,419,84,1,-1,-1
232,62,231,68,419,84,1,-1,-1
233,62,231,68,419,85,1,-1,-1
234,62,231,68,419,85,1,-1,-1
235,62,231,68,419,85,1,-1,-1
236,62,231,68,419,85,1,-1,-1
237,62,232,68,419,85,1,-1,-1
238,62,232,68,419,85,1,-1,-1
239,62,232,68,419,85,1,-1,-1
240,62,232,68,419,85,1,-1,-1
241,62,232,68,419,85,1,-1,-1
242,62,232,68,419,85,1,-1,-1
243,62,232,68,419,85,1,-1,-1
244,62,233,68,418,86,1,-1,-1
245,62,233,68,418,86,1,-1,-1
246,62,233,68,418,86,1,-1,-1
247,62,233,68,418,86,1,-1,-1
248,62,233,68,419,86,1,-1,-1
249,62,233,68,419,86,1,-1,-1
250,62,234,68,418,86,1,-1,-1
251,62,234,68,418,86,1,-1,-1
252,62,234,68,418,86,1,-1,-1
253,62,234,68,418,86,1,-1,-1
254,62,234,68,418,86,1,-1,-1
255,62,234,68,418,86,1,-1,-1
256,62,234,68,418,87,1,-1,-1
257,62,235,68,417,87,1,-1,-1
258,62,235,68,417,87,1,-1,-1
259,62,235,68,418,87,1,-1,-1
260,62,235,68,418,87,1,-1,-1
261,62,235,68,418,87,1,-1,-1
262,62,235,68,418,87,1,-1,-1
263,62,236,68,417,87,1,-1,-1
264,62,236,68,417,87,1,-1,-1
265,62,236,68,417,87,1,-1,-1
266,62,236,68,417,87,1,-1,-1
267,62,236,68,417,88,1,-1,-1
268,62,236,68,417,88,1,-1,-1
269,62,237,68,417,88,1,-1,-1
270,62,237,68,417,88,1,-1,-1
271,62,237,68,417,88,1,-1,-1
272,62,237,68,417,88,1,-1,-1
273,62,237,68,417,88,1,-1,-1
274,62,237,68,417,88,1,-1,-1
275,62,237,68,417,88,1,-1,-1
276,62,238,68,416,88,1,-1,-1
277,62,238,68,416,88,1,-1,-1
278,62,238,68,416,88,1,-1,-1
279,62,238,68,416,89,1,-1,-1
280,62,238,68,417,89,1,-1,-1
281,62,238,68,417,89,1,-1,-1
282,62,239,68,416,89,1,-1,-1
283,62,239,68,416,89,1,-1,-1
284,62,239,68,416,89,1,-1,-1
285,62,239,68,416,89,1,-1,-1
286,62,239,68,416,89,1,-1,-1
287,62,239,68,416,89,1,-1,-1
288,62,239,68,416,89,1,-1,-1
289,62,240,68,415,89,1,-1,-1
290,62,240,68,415,90,1,-1,-1
291,62,240,68,416,90,1,-1,-1
292,62,240,68,416,90,1,-1,-1
293,62,240,68,416,90,1,-1,-1
294,62,240,68,416,90,1,-1,-1
295,62,241,68,415,90,1,-1,-1
296,62,241,68,415,90,1,-1,-1
297,62,241,68,415,90,1,-1,-1
298,62,241,68,415,90,1,-1,-1
299,62,241,68,415,90,1,-1,-1
300,62,241,68,415,90,1,-1,-1
301,62,242,68,415,91,1,-1,-1
302,62,240,68,417,91,1,-1,-1
303,62,239,68,419,92,1,-1,-1
304,62,237,68,422,92,1,-1,-1
305,62,236,68,424,93,1,-1,-1
306,62,235,68,426,93,1,-1,-1
307,62,233,68,429,94,1,-1,-1
308,62,232,68,431,94,1,-1,-1
309,62,230,68,434,95,1,-1,-1
310,62,229,68,436,96,1,-1,-1
311,62,228,68,438,96,1,-1,-1
312,62,226,68,441,97,1,-1,-1
313,62,225,68,443,97,1,-1,-1
314,62,223,68,446,98,1,-1,-1
315,62,222,68,448,98,1,-1,-1
316,62,221,68,450,99,1,-1,-1
317,62,219,68,452,100,1,-1,-1
318,62,218,68,454,100,1,-1,-1
319,62,216,68,457,101,1,-1,-1
320,62,215,68,459,101,1,-1,-1
321,62,214,68,461,102,1,-1,-1
322,62,212,68,464,102,1,-1,-1
323,62,211,68,466,103,1,-1,-1
324,62,209,68,469,104,1,-1,-1
325,62,208,68,471,104,1,-1,-1
326,62,207,68,473,105,1,-1,-1
327,62,205,68,476,105,1,-1,-1
328,62,204,68,478,106,1,-1,-1
329,62,202,68,481,106,1,-1,-1
330,62,201,68,483,107,1,-1,-1
331,62,200,68,485,108,1,-1,-1
332,62,200,68,484,108,1,-1,-1
333,62,200,68,484,108,1,-1,-1
334,62,200,68,484,108,1,-1,-1
335,62,200,68,484,108,1,-1,-1
336,62,200,68,484,108,1,-1,-1
337,62,200,68,484,108,1,-1,-1
338,62,200,68,484,108,1,-1,-1
339,62,200,68,484,108,1,-1,-1
340,62,200,68,484,108,1,-1,-1
341,62,200,68,484,108,1,-1,-1
342,62,200,68,484,108,1,-1,-1
343,62,200,68,484,108,1,-1,-1
344,62,200,68,484,108,1,-1,-1
345,62,200,68,484,108,1,-1,-1
346,62,200,68,484,108,1,-1,-1
347,62,200,68,483,108,1,-1,-1
348,62,200,68,483,108,1,-1,-1
349,62,200,68,483,108,1,-1,-1
350,62,200,68,483,108,1,-1,-1
351,62,200,68,483,108,1,-1,-1
352,62,200,68,483,108,1,-1,-1
353,62,200,68,483,108,1,-1,-1
354,62,200,68,483,108,1,-1,-1
355,62,200,68,483,108,1,-1,-1
356,62,200,68,483,108,1,-1,-1
357,62,200,68,483,108,1,-1,-1
358,62,200,68,483,108,1,-1,-1
359,62,200,68,483,108,1,-1,-1
360,62,200,68,483,108,1,-1,-1
361,62,200,68,483,108,1,-1,-1
362,62,200,68,482,108,1,-1,-1
363,62,200,68,482,108,1,-1,-1
364,62,200,68,482,108,1,-1,-1
365,62,200,68,482,108,1,-1,-1
366,62,200,68,482,108,1,-1,-1
367,62,200,68,482,108,1,-1,-1
368,62,200,68,482,108,1,-1,-1
369,62,200,68,482,108,1,-1,-1
370,62,200,68,482,108,1,-1,-1
371,62,200,68,482,108,1,-1,-1
372,62,200,68,482,108,1,-1,-1
373,62,200,68,482,108,1,-1,-1
374,62,200,68,482,108,1,-1,-1
375,62,200,68,482,108,1,-1,-1
376,62,200,68,482,108,1,-1,-1
377,62,200,68,481,108,1,-1,-1
378,62,200,68,481,108,1,-1,-1
379,62,200,68,481,108,1,-1,-1
380,62,200,68,481,108,1,-1,-1
381,62,200,68,481,108,1,-1,-1
382,62,200,68,481,108,1,-1,-1
383,62,200,68,481,108,1,-1,-1
384,62,200,68,481,108,1,-1,-1
385,62,200,68,481,108,1,-1,-1
386,62,200,68,481,108,1,-1,-1
387,62,200,68,481,108,1,-1,-1
388,62,200,68,481,108,1,-1,-1
389,62,200,68,481,108,1,-1,-1
390,62,200,68,481,108,1,-1,-1
391,62,200,68,481,108,1,-1,-1
392,62,200,68,481,108,1,-1,-1
393,62,200,68,480,108,1,-1,-1
394,62,200,68,480,108,1,-1,-1
395,62,200,68,480,108,1,-1,-1
396,62,200,68,480,108,1,-1,-1
397,62,200,68,480,108,1,-1,-1
398,62,200,68,480,108,1,-1,-1
399,62,200,68,480,108,1,-1,-1
400,62,200,68,480,108,1,-1,-1
401,62,200,68,480,108,1,-1,-1
402,62,200,68,480,108,1,-1,-1
403,62,200,68,480,108,1,-1,-1
404,62,200,68,480,108,1,-1,-1
405,62,200,68,480,108,1,-1,-1
406,62,200,68,480,108,1,-1,-1
407,62,200,68,480,108,1,-1,-1
408,62,200,68,479,108,1,-1,-1
409,62,200,68,479,108,1,-1,-1
410,62,200,68,479,108,1,-1,-1
411,62,200,68,479,108,1,-1,-1
412,62,200,68,479,108,1,-1,-1
413,62,200,68,479,108,1,-1,-1
414,62,200,68,479,108,1,-1,-1
415,62,200,68,479,108,1,-1,-1
416,62,200,68,479,108,1,-1,-1
417,62,200,68,479,108,1,-1,-1
418,62,200,68,479,108,1,-1,-1
419,62,200,68,479,108,1,-1,-1
420,62,200,68,479,108,1,-1,-1
421,62,200,68,479,108,1,-1,-1
422,62,200,68,479,108,1,-1,-1
423,62,200,68,478,108,1,-1,-1
424,62,200,68,478,108,1,-1,-1
425,62,200,68,478,108,1,-1,-1
426,62,200,68,478,108,1,-1,-1
427,62,200,68,478,108,1,-1,-1
428,62,200,68,478,108,1,-1,-1
429,62,200,68,478,108,1,-1,-1
430,62,200,68,478,108,1,-1,-1
431,62,200,68,478,108,1,-1,-1
432,62,200,68,478,108,1,-1,-1
433,62,200,68,478,108,1,-1,-1
434,62,200,68,478,108,1,-1,-1
435,62,200,68,478,108,1,-1,-1
436,62,200,68,478,108,1,-1,-1
437,62,200,68,478,108,1,-1,-1
438,62,200,68,478,108,1,-1,-1
439,62,200,68,477,108,1,-1,-1
440,62,200,68,477,108,1,-1,-1
441,62,200,68,477,108,1,-1,-1
442,62,200,68,477,108,1,-1,-1
443,62,200,68,477,108,1,-1,-1
444,62,200,68,477,108,1,-1,-1
445,62,200,68,477,108,1,-1,-1
446,62,200,68,477,108,1,-1,-1
447,62,200,68,477,108,1,-1,-1
448,62,200,68,477,108,1,-1,-1
449,62,200,68,477,108,1,-1,-1
450,62,200,68,477,108,1,-1,-1
451,62,200,68,477,108,1,-1,-1
452,62,200,68,477,108,1,-1,-1
453,62,200,68,477,108,1,-1,-1
454,62,200,68,476,108,1,-1,-1
455,62,200,68,476,108,1,-1,-1
456,62,200,68,476,108,1,-1,-1
457,62,200,68,476,108,1,-1,-1
458,62,200,68,476,108,1,-1,-1
459,62,200,68,476,108,1,-1,-1
460,62,200,68,476,108,1,-1,-1
461,62,200,68,476,108,1,-1,-1
462,62,200,68,476,108,1,-1,-1
463,62,200,68,476,108,1,-1,-1
464,62,200,68,476,108,1,-1,-1
465,62,200,68,476,108,1,-1,-1
466,62,200,68,476,108,1,-1,-1
467,62,200,68,476,108,1,-1,-1
468,62,200,68,476,108,1,-1,-1
469,62,200,68,475,108,1,-1,-1
470,62,200,68,475,108,1,-1,-1
471,62,200,68,475,108,1,-1,-1
472,62,200,68,475,108,1,-1,-1
473,62,200,68,475,108,1,-1,-1
474,62,200,68,475,108,1,-1,-1
475,62,200,68,475,108,1,-1,-1
476,62,200,68,475,108,1,-1,-1
477,62,200,68,475,108,1,-1,-1
478,62,200,68,475,108,1,-1,-1
479,62,200,68,475,108,1,-1,-1
480,62,200,68,475,108,1,-1,-1
481,62,200,68,475,108,1,-1,-1
482,62,200,68,475,108,1,-1,-1
483,62,200,68,475,108,1,-1,-1
484,62,200,68,475,108,1,-1,-1
485,62,200,68,474,108,1,-1,-1
486,62,200,68,474,108,1,-1,-1
487,62,200,68,474,108,1,-1,-1
488,62,200,68,474,108,1,-1,-1
489,62,200,68,474,108,1,-1,-1
490,62,200,68,474,108,1,-1,-1
491,62,200,68,474,108,1,-1,-1
492,62,200,68,474,108,1,-1,-1
493,62,200,68,474,108,1,-1,-1
494,62,200,68,474,108,1,-1,-1
495,62,200,68,474,108,1,-1,-1
496,62,200,68,474,108,1,-1,-1
497,62,200,68,474,108,1,-1,-1
498,62,200,68,474,108,1,-1,-1
499,62,200,68,474,108,1,-1,-1
500,62,200,68,473,108,1,-1,-1
501,62,200,68,473,108,1,-1,-1
502,62,200,68,473,108,1,-1,-1
503,62,200,68,473,108,1,-1,-1
504,62,200,68,473,108,1,-1,-1
505,62,200,68,473,108,1,-1,-1
506,62,200,68,473,108,1,-1,-1
507,62,200,68,473,108,1,-1,-1
508,62,200,68,473,108,1,-1,-1
509,62,200,68,473,108,1,-1,-1
510,62,200,68,473,108,1,-1,-1
511,62,200,68,473,108,1,-1,-1
512,62,200,68,473,108,1,-1,-1
513,62,200,68,473,108,1,-1,-1
514,62,200,68,473,108,1,-1,-1
515,62,200,68,472,108,1,-1,-1
516,62,200,68,472,108,1,-1,-1
517,62,200,68,472,108,1,-1,-1
518,62,200,68,472,108,1,-1,-1
519,62,200,68,472,108,1,-1,-1
520,62,200,68,472,108,1,-1,-1
521,62,200,68,472,108,1,-1,-1
522,62,200,68,472,108,1,-1,-1
523,62,200,68,472,108,1,-1,-1
524,62,200,68,472,108,1,-1,-1
525,62,200,68,472,108,1,-1,-1
526,62,200,68,472,108,1,-1,-1
527,62,200,68,472,108,1,-1,-1
528,62,200,68,472,108,1,-1,-1
529,62,200,68,472,108,1,-1,-1
530,62,200,68,472,108,1,-1,-1
531,62,200,68,471,108,1,-1,-1
532,62,200,68,471,108,1,-1,-1
533,62,200,68,471,108,1,-1,-1
534,62,200,68,471,108,1,-1,-1
535,62,200,68,471,108,1,-1,-1
536,62,200,68,471,108,1,-1,-1
537,62,200,68,471,108,1,-1,-1
538,62,200,68,471,108,1,-1,-1
539,62,200,68,471,108,1,-1,-1
540,62,200,68,471,108,1,-1,-1
541,62,200,68,471,108,1,-1,-1
542,62,200,68,471,108,1,-1,-1
543,62,200,68,471,108,1,-1,-1
544,62,200,68,471,108,1,-1,-1
545,62,200,68,471,108,1,-1,-1
546,62,200,68,470,108,1,-1,-1
547,62,200,68,470,108,1,-1,-1
548,62,200,68,470,108,1,-1,-1
549,62,200,68,470,108,1,-1,-1
550,62,200,68,470,108,1,-1,-1
551,62,200,68,470,108,1,-1,-1
552,62,200,68,470,108,1,-1,-1
553,62,200,68,470,108,1,-1,-1
554,62,200,68,470,108,1,-1,-1
555,62,200,68,470,108,1,-1,-1
556,62,200,68,470,108,1,-1,-1
557,62,200,68,470,108,1,-1,-1
558,62,200,68,470,108,1,-1,-1
559,62,200,68,470,108,1,-1,-1
560,62,200,68,470,108,1,-1,-1
561,62,200,68,469,108,1,-1,-1
562,62,200,68,469,108,1,-1,-1
563,62,200,68,469,108,1,-1,-1
564,62,200,68,469,108,1,-1,-1
565,62,200,68,469,108,1,-1,-1
566,62,200,68,469,108,1,-1,-1
567,62,200,68,469,108,1,-1,-1
568,62,200,68,469,108,1,-1,-1
569,62,200,68,469,108,1,-1,-1
570,62,200,68,469,108,1,-1,-1
571,62,200,68,469,108,1,-1,-1
572,62,200,68,469,108,1,-1,-1
573,62,200,68,469,108,1,-1,-1
574,62,200,68,469,108,1,-1,-1
575,62,200,68,469,108,1,-1,-1
576,62,200,68,469,108,1,-1,-1
577,62,200,68,468,108,1,-1,-1
578,62,200,68,468,108,1,-1,-1
579,62,200,68,468,108,1,-1,-1
580,62,200,68,468,108,1,-1,-1
581,62,200,68,468,108,1,-1,-1
582,62,200,68,468,108,1,-1,-1
583,62,200,68,468,108,1,-1,-1
584,62,200,68,468,108,1,-1,-1
585,62,200,68,468,108,1,-1,-1
586,62,200,68,468,108,1,-1,-1
587,62,200,68,468,108,1,-1,-1
588,62,200,68,468,108,1,-1,-1
589,62,200,68,468,108,1,-1,-1
590,62,200,68,468,108,1,-1,-1
591,62,200,68,468,108,1,-1,-1
592,62,200,68,467,108,1,-1,-1
593,62,200,68,467,108,1,-1,-1
594,62,200,68,467,108,1,-1,-1
595,62,200,68,467,108,1,-1,-1
596,62,200,68,467,108,1,-1,-1
597,62,200,68,467,108,1,-1,-1
598,62,200,68,467,108,1,-1,-1
599,62,200,68,467,108,1,-1,-1
600,62,200,68,467,108,1,-1,-1
601,62,200,68,467,108,1,-1,-1
602,62,200,68,467,108,1,-1,-1
603,62,200,68,467,108,1,-1,-1
604,62,200,68,467,108,1,-1,-1
605,62,200,68,467,108,1,-1,-1
606,62,200,68,467,108,1,-1,-1
607,62,200,68,466,108,1,-1,-1
608,62,200,68,466,108,1,-1,-1
609,62,200,68,466,108,1,-1,-1
610,62,200,68,466,108,1,-1,-1
611,62,200,68,466,108,1,-1,-1
612,62,200,68,466,108,1,-1,-1
613,62,200,68,466,108,1,-1,-1
614,62,200,68,466,108,1,-1,-1
615,62,200,68,466,108,1,-1,-1
616,62,200,68,466,108,1,-1,-1
617,62,200,68,466,108,1,-1,-1
618,62,200,68,466,108,1,-1,-1
619,62,200,68,466,108,1,-1,-1
620,62,200,68,466,108,1,-1,-1
621,62,200,68,466,108,1,-1,-1
622,62,201,69,465,108,1,-1,-1
