901,3,651,93,121,70,1,-1,-1
902,3,651,93,121,70,1,-1,-1
903,3,651,93,121,70,1,-1,-1
904,3,651,93,121,70,1,-1,-1
905,3,651,93,121,70,1,-1,-1
906,3,651,93,121,70,1,-1,-1
907,3,651,93,121,70,1,-1,-1
908,3,651,93,121,70,1,-1,-1
909,3,651,93,121,70,1,-1,-1
910,3,651,93,121,70,1,-1,-1
911,3,651,93,121,70,1,-1,-1
912,3,651,93,121,70,1,-1,-1
913,3,651,93,121,70,1,-1,-1
914,3,651,93,121,70,1,-1,-1
915,3,651,93,121,70,1,-1,-1
916,3,651,93,121,70,1,-1,-1
917,3,651,93,121,70,1,-1,-1
918,3,651,93,121,70,1,-1,-1
919,3,651,93,121,70,1,-1,-1
920,3,651,93,121,70,1,-1,-1
921,3,651,93,121,70,1,-1,-1
922,3,651,93,121,70,1,-1,-1
923,3,651,93,121,70,1,-1,-1
924,3,651,93,121,70,1,-1,-1
925,3,651,93,121,70,1,-1,-1
926,3,651,93,121,70,1,-1,-1
927,3,651,93,121,70,1,-1,-1
928,3,651,93,121,70,1,-1,-1
929,3,651,93,121,70,1,-1,-1
930,3,651,93,121,70,1,-1,-1
931,3,651,93,121,70,1,-1,-1
932,3,651,93,121,70,1,-1,-1
933,3,651,93,121,70,1,-1,-1
934,3,651,93,121,70,1,-1,-1
935,3,651,93,121,70,1,-1,-1
936,3,651,93,121,70,1,-1,-1
937,3,651,93,121,70,1,-1,-1
938,3,651,93,121,70,1,-1,-1
939,3,651,93,121,70,1,-1,-1
940,3,651,93,121,70,1,-1,-1
941,3,651,93,121,70,1,-1,-1
942,3,651,93,121,70,1,-1,-1
943,3,651,93,121,70,1,-1,-1
944,3,651,93,121,70,1,-1,-1
945,3,651,93,121,70,1,-1,-1
946,3,651,93,121,70,1,-1,-1
947,3,651,93,121,70,1,-1,-1
948,3,651,93,121,70,1,-1,-1
949,3,651,93,121,70,1,-1,-1
950,3,651,93,121,70,1,-1,-1
951,3,651,93,121,70,1,-1,-1
952,3,651,93,121,70,1,-1,-1
953,3,651,93,121,70,1,-1,-1
954,3,651,93,121,70,1,-1,-1
955,3,651,93,121,70,1,-1,-1
956,3,651,93,121,70,1,-1,-1
957,3,651,93,121,70,1,-1,-1
958,3,651,93,121,70,1,-1,-1
959,3,651,93,121,70,1,-1,-1
960,3,651,93,121,70,1,-1,-1
961,3,651,93,121,70,1,-1,-1
962,3,651,93,121,70,1,-1,-1
963,3,651,93,121,70,1,-1,-1
964,3,651,93,121,70,1,-1,-1
965,3,651,93,121,70,1,-1,-1
966,3,651,93,121,70,1,-1,-1
967,3,651,93,121,70,1,-1,-1
968,3,651,93,121,70,1,-1,-1
969,3,651,93,121,70,1,-1,-1
970,3,651,93,121,70,1,-1,-1
971,3,651,93,121,70,1,-1,-1
972,3,651,93,121,70,1,-1,-1
973,3,651,93,121,70,1,-1,-1
974,3,651,93,121,70,1,-1,-1
975,3,651,93,121,70,1,-1,-1
976,3,651,93,121,70,1,-1,-1
977,3,651,93,121,70,1,-1,-1
978,3,651,93,121,70,1,-1,-1
979,3,651,93,121,70,1,-1,-1
980,3,651,93,121,70,1,-1,-1
981,3,651,93,121,70,1,-1,-1
982,3,651,93,121,70,1,-1,-1
983,3,651,93,121,70,1,-1,-1
984,3,651,93,121,70,1,-1,-1
985,3,651,93,121,70,1,-1,-1
986,3,651,93,121,70,1,-1,-1
987,3,651,93,121,70,1,-1,-1
988,3,651,93,121,70,1,-1,-1
989,3,651,93,121,70,1,-1,-1
990,3,651,93,121,70,1,-1,-1
991,3,651,93,121,70,1,-1,-1
992,3,651,93,121,70,1,-1,-1
993,3,651,93,121,70,1,-1,-1
994,3,651,93,121,70,1,-1,-1
995,3,651,93,121,70,1,-1,-1
996,3,651,93,121,70,1,-1,-1
997,3,651,93,121,70,1,-1,-1
998,3,651,93,121,70,1,-1,-1
999,3,651,93,121,70,1,-1,-1
1000,3,651,93,121,70,1,-1,-1
1001,3,651,93,121,70,1,-1,-1
1002,3,651,93,121,70,1,-1,-1
1003,3,651,93,121,70,1,-1,-1
1004,3,651,93,121,70,1,-1,-1
1005,3,651,93,121,70,1,-1,-1
1006,3,651,93,121,70,1,-1,-1
1007,3,651,93,121,70,1,-1,-1
1008,3,651,93,121,70,1,-1,-1
1009,3,651,93,121,70,1,-1,-1
1010,3,651,93,121,70,1,-1,-1
1011,3,651,93,121,70,1,-1,-1
1012,3,651,93,121,70,1,-1,-1
1013,3,651,93,121,70,1,-1,-1
1014,3,651,93,121,70,1,-1,-1
1015,3,651,93,121,70,1,-1,-1
1016,3,651,93,121,70,1,-1,-1
1017,3,651,93,121,70,1,-1,-1
1018,3,651,93,121,70,1,-1,-1
1019,3,651,93,121,70,1,-1,-1
1020,3,651,93,121,70,1,-1,-1
1021,3,651,93,121,70,1,-1,-1
1022,3,651,93,121,70,1,-1,-1
1023,3,651,93,121,70,1,-1,-1
1024,3,651,93,121,70,1,-1,-1
1025,3,651,93,121,70,1,-1,-1
1026,3,651,93,121,70,1,-1,-1
1027,3,651,93,121,70,1,-1,-1
1028,3,651,93,121,70,1,-1,-1
1029,3,651,93,121,70,1,-1,-1
1030,3,651,93,121,70,1,-1,-1
1031,3,651,93,121,70,1,-1,-1
1032,3,651,93,121,70,1,-1,-1
1033,3,651,93,121,70,1,-1,-1
1034,3,651,93,121,70,1,-1,-1
1035,3,651,93,121,70,1,-1,-1
1036,3,651,93,121,70,1,-1,-1
1037,3,651,93,121,70,1,-1,-1
1038,3,651,93,121,70,1,-1,-1
1039,3,651,93,121,70,1,-1,-1
1040,3,651,93,121,70,1,-1,-1
1041,3,651,93,121,70,1,-1,-1
1042,3,651,93,121,70,1,-1,-1
1043,3,651,93,121,70,1,-1,-1
1044,3,651,93,121,70,1,-1,-1
1045,3,651,93,121,70,1,-1,-1
1046,3,651,93,121,70,1,-1,-1
1047,3,651,93,121,70,1,-1,-1
1048,3,651,93,121,70,1,-1,-1
1049,3,651,93,121,70,1,-1,-1
1050,3,651,93,121,70,1,-1,-1
524,11,610,68,15,24,1,-1,-1
525,11,609,68,15,24,1,-1,-1
526,11,609,68,15,24,1,-1,-1
527,11,608,68,15,24,1,-1,-1
528,11,608,68,15,24,1,-1,-1
529,11,607,69,15,24,1,-1,-1
530,11,607,69,15,24,1,-1,-1
531,11,606,69,15,24,1,-1,-1
532,11,606,69,15,24,1,-1,-1
533,11,605,69,15,24,1,-1,-1
301,13,657,41,137,25,1,-1,-1
302,13,657,41,136,25,1,-1,-1
303,13,657,41,136,25,1,-1,-1
304,13,657,41,136,25,1,-1,-1
305,13,657,41,135,25,1,-1,-1
306,13,657,41,135,25,1,-1,-1
307,13,657,41,135,25,1,-1,-1
308,13,657,41,135,25,1,-1,-1
309,13,657,41,134,26,1,-1,-1
310,13,657,41,134,26,1,-1,-1
311,13,657,41,134,26,1,-1,-1
312,13,657,41,134,26,1,-1,-1
313,13,657,41,133,26,1,-1,-1
314,13,657,41,133,26,1,-1,-1
315,13,657,41,133,26,1,-1,-1
316,13,657,41,133,26,1,-1,-1
317,13,657,41,132,27,1,-1,-1
318,13,657,41,132,27,1,-1,-1
319,13,657,41,132,27,1,-1,-1
320,13,657,41,132,27,1,-1,-1
321,13,657,41,131,27,1,-1,-1
322,13,657,41,131,27,1,-1,-1
323,13,657,41,131,27,1,-1,-1
324,13,657,41,131,28,1,-1,-1
325,13,657,41,130,28,1,-1,-1
326,13,657,41,130,28,1,-1,-1
327,13,657,41,130,28,1,-1,-1
328,13,657,41,130,28,1,-1,-1
329,13,657,41,129,28,1,-1,-1
330,13,657,41,129,28,1,-1,-1
331,13,657,41,129,28,1,-1,-1
332,13,657,41,128,29,1,-1,-1
333,13,657,41,128,29,1,-1,-1
334,13,657,41,128,29,1,-1,-1
335,13,657,41,128,29,1,-1,-1
336,13,657,41,127,29,1,-1,-1
337,13,657,41,127,29,1,-1,-1
338,13,657,41,127,29,1,-1,-1
339,13,657,41,127,30,1,-1,-1
340,13,657,41,126,30,1,-1,-1
341,13,657,41,126,30,1,-1,-1
342,13,657,41,126,30,1,-1,-1
343,13,657,41,126,30,1,-1,-1
344,13,657,41,125,30,1,-1,-1
345,13,657,41,125,30,1,-1,-1
346,13,657,41,125,30,1,-1,-1
347,13,657,41,125,31,1,-1,-1
348,13,657,41,124,31,1,-1,-1
349,13,657,41,124,31,1,-1,-1
350,13,657,41,124,31,1,-1,-1
351,13,657,41,124,31,1,-1,-1
352,13,657,41,123,31,1,-1,-1
353,13,657,41,123,31,1,-1,-1
354,13,657,41,123,32,1,-1,-1
355,13,657,41,123,32,1,-1,-1
356,13,657,41,122,32,1,-1,-1
357,13,657,41,122,32,1,-1,-1
358,13,657,41,122,32,1,-1,-1
359,13,657,41,122,32,1,-1,-1
360,13,657,41,121,32,1,-1,-1
361,13,657,41,121,32,1,-1,-1
362,13,657,41,121,33,1,-1,-1
363,13,657,41,120,33,1,-1,-1
364,13,657,41,120,33,1,-1,-1
365,13,657,41,120,33,1,-1,-1
366,13,657,41,120,33,1,-1,-1
367,13,657,41,119,33,1,-1,-1
368,13,657,41,119,33,1,-1,-1
369,13,657,41,119,33,1,-1,-1
370,13,657,41,119,34,1,-1,-1
371,13,657,41,118,34,1,-1,-1
372,13,657,41,118,34,1,-1,-1
373,13,657,41,118,34,1,-1,-1
374,13,657,41,118,34,1,-1,-1
375,13,657,41,117,34,1,-1,-1
376,13,657,41,117,34,1,-1,-1
377,13,657,41,117,35,1,-1,-1
378,13,657,41,117,35,1,-1,-1
379,13,657,41,116,35,1,-1,-1
380,13,657,41,116,35,1,-1,-1
381,13,657,41,116,35,1,-1,-1
382,13,657,41,116,35,1,-1,-1
383,13,657,41,115,35,1,-1,-1
384,13,657,41,115,35,1,-1,-1
385,13,657,41,115,36,1,-1,-1
386,13,657,41,115,36,1,-1,-1
387,13,657,41,114,36,1,-1,-1
388,13,657,41,114,36,1,-1,-1
389,13,657,41,114,36,1,-1,-1
390,13,657,41,113,36,1,-1,-1
391,13,657,41,113,36,1,-1,-1
392,13,657,41,113,37,1,-1,-1
393,13,657,41,113,37,1,-1,-1
394,13,657,41,112,37,1,-1,-1
395,13,657,41,112,37,1,-1,-1
396,13,657,41,112,37,1,-1,-1
397,13,657,41,112,37,1,-1,-1
398,13,657,41,111,37,1,-1,-1
399,13,657,41,111,37,1,-1,-1
400,13,657,41,111,38,1,-1,-1
401,13,657,41,111,38,1,-1,-1
402,13,657,41,110,38,1,-1,-1
403,13,657,41,110,38,1,-1,-1
404,13,657,41,110,38,1,-1,-1
405,13,657,41,110,38,1,-1,-1
406,13,657,41,109,38,1,-1,-1
407,13,657,41,109,39,1,-1,-1
408,13,657,41,109,39,1,-1,-1
409,13,657,41,109,39,1,-1,-1
410,13,657,41,108,39,1,-1,-1
411,13,657,41,108,39,1,-1,-1
412,13,657,41,108,39,1,-1,-1
413,13,657,41,108,39,1,-1,-1
414,13,657,41,107,39,1,-1,-1
415,13,657,41,107,40,1,-1,-1
416,13,657,41,107,40,1,-1,-1
417,13,657,41,107,40,1,-1,-1
418,13,657,41,106,40,1,-1,-1
419,13,657,41,106,40,1,-1,-1
420,13,657,41,106,40,1,-1,-1
421,13,657,41,105,40,1,-1,-1
422,13,657,41,105,40,1,-1,-1
423,13,657,41,105,41,1,-1,-1
424,13,657,41,105,41,1,-1,-1
425,13,657,41,104,41,1,-1,-1
426,13,657,41,104,41,1,-1,-1
427,13,657,41,104,41,1,-1,-1
428,13,657,41,104,41,1,-1,-1
429,13,657,41,103,41,1,-1,-1
430,13,657,41,103,42,1,-1,-1
431,13,657,41,103,42,1,-1,-1
432,13,657,41,103,42,1,-1,-1
433,13,657,41,102,42,1,-1,-1
434,13,657,41,102,42,1,-1,-1
435,13,657,41,102,42,1,-1,-1
436,13,657,41,102,42,1,-1,-1
437,13,657,41,101,42,1,-1,-1
438,13,657,41,101,43,1,-1,-1
439,13,657,41,101,43,1,-1,-1
440,13,657,41,101,43,1,-1,-1
441,13,657,41,100,43,1,-1,-1
442,13,657,41,100,43,1,-1,-1
443,13,657,41,100,43,1,-1,-1
444,13,657,41,100,43,1,-1,-1
445,13,657,41,99,44,1,-1,-1
446,13,657,41,99,44,1,-1,-1
447,13,657,41,99,44,1,-1,-1
448,13,657,41,98,44,1,-1,-1
449,13,657,41,98,44,1,-1,-1
450,13,657,41,98,44,1,-1,-1
451,13,657,41,98,44,1,-1,-1
452,13,657,41,97,44,1,-1,-1
453,13,657,41,97,45,1,-1,-1
454,13,657,41,97,45,1,-1,-1
455,13,657,41,97,45,1,-1,-1
456,13,657,41,96,45,1,-1,-1
457,13,657,41,96,45,1,-1,-1
458,13,657,41,96,45,1,-1,-1
459,13,657,41,96,45,1,-1,-1
460,13,657,41,95,46,1,-1,-1
461,13,657,41,95,46,1,-1,-1
462,13,657,41,95,46,1,-1,-1
463,13,657,41,95,46,1,-1,-1
464,13,657,41,94,46,1,-1,-1
465,13,657,41,94,46,1,-1,-1
466,13,657,41,94,46,1,-1,-1
467,13,657,41,94,46,1,-1,-1
468,13,657,41,93,47,1,-1,-1
469,13,657,41,93,47,1,-1,-1
470,13,657,41,93,47,1,-1,-1
471,13,657,41,93,47,1,-1,-1
472,13,657,41,92,47,1,-1,-1
473,13,657,41,92,47,1,-1,-1
474,13,657,41,92,47,1,-1,-1
475,13,657,41,92,48,1,-1,-1
476,13,657,41,91,48,1,-1,-1
477,13,657,41,91,48,1,-1,-1
478,13,657,41,91,48,1,-1,-1
479,13,657,41,91,49,1,-1,-1
480,13,657,41,91,49,1,-1,-1
481,13,657,41,91,49,1,-1,-1
482,13,657,41,91,49,1,-1,-1
483,13,657,41,91,50,1,-1,-1
484,13,657,41,91,50,1,-1,-1
485,13,657,41,91,50,1,-1,-1
486,13,657,41,91,50,1,-1,-1
487,13,657,41,91,51,1,-1,-1
488,13,657,41,91,51,1,-1,-1
489,13,657,41,91,51,1,-1,-1
490,13,657,41,91,51,1,-1,-1
491,13,657,41,91,52,1,-1,-1
492,13,657,41,91,52,1,-1,-1
493,13,657,41,91,52,1,-1,-1
494,13,657,41,91,53,1,-1,-1
495,13,657,41,91,53,1,-1,-1
496,13,657,41,91,53,1,-1,-1
497,13,657,41,91,53,1,-1,-1
498,13,657,41,91,54,1,-1,-1
499,13,657,41,91,54,1,-1,-1
500,13,657,41,91,54,1,-1,-1
501,13,657,41,91,54,1,-1,-1
502,13,657,41,91,55,1,-1,-1
503,13,657,41,91,55,1,-1,-1
504,13,657,41,91,55,1,-1,-1
505,13,657,41,91,55,1,-1,-1
506,13,657,41,91,56,1,-1,-1
507,13,657,41,91,56,1,-1,-1
508,13,657,41,91,56,1,-1,-1
509,13,657,41,91,56,1,-1,-1
510,13,657,41,91,57,1,-1,-1
511,13,657,41,91,57,1,-1,-1
512,13,657,41,91,57,1,-1,-1
513,13,657,41,91,58,1,-1,-1
514,13,657,41,91,58,1,-1,-1
515,13,657,41,91,58,1,-1,-1
516,13,657,41,91,58,1,-1,-1
517,13,657,41,91,59,1,-1,-1
518,13,657,41,91,59,1,-1,-1
519,13,657,41,91,59,1,-1,-1
520,13,657,41,91,59,1,-1,-1
521,13,657,41,91,60,1,-1,-1
522,13,657,41,91,60,1,-1,-1
523,13,657,41,91,60,1,-1,-1
524,13,657,41,91,60,1,-1,-1
525,13,657,41,91,61,1,-1,-1
526,13,657,41,91,61,1,-1,-1
527,13,657,41,91,61,1,-1,-1
528,13,657,41,91,61,1,-1,-1
529,13,657,41,91,62,1,-1,-1
530,13,657,41,91,62,1,-1,-1
531,13,657,41,91,62,1,-1,-1
532,13,657,41,91,63,1,-1,-1
533,13,657,41,91,63,1,-1,-1
534,13,657,41,91,63,1,-1,-1
535,13,657,41,91,63,1,-1,-1
536,13,657,41,91,64,1,-1,-1
537,13,657,41,91,64,1,-1,-1
538,13,657,41,91,64,1,-1,-1
539,13,657,41,91,64,1,-1,-1
540,13,657,41,91,65,1,-1,-1
541,13,657,41,91,65,1,-1,-1
542,13,657,41,91,65,1,-1,-1
543,13,657,41,91,65,1,-1,-1
544,13,657,41,91,66,1,-1,-1
545,13,657,41,91,66,1,-1,-1
546,13,657,41,91,66,1,-1,-1
547,13,657,41,91,66,1,-1,-1
548,13,657,41,91,67,1,-1,-1
549,13,657,41,91,67,1,-1,-1
550,13,657,41,91,67,1,-1,-1
551,13,657,41,91,68,1,-1,-1
552,13,657,41,91,68,1,-1,-1
553,13,657,41,91,68,1,-1,-1
554,13,657,41,91,68,1,-1,-1
555,13,657,41,91,69,1,-1,-1
556,13,657,41,91,69,1,-1,-1
557,13,657,41,91,69,1,-1,-1
558,13,657,41,91,69,1,-1,-1
559,13,657,41,91,70,1,-1,-1
560,13,657,41,91,70,1,-1,-1
561,13,657,41,91,70,1,-1,-1
562,13,657,41,91,70,1,-1,-1
563,13,657,41,91,71,1,-1,-1
564,13,657,41,91,71,1,-1,-1
565,13,657,41,91,71,1,-1,-1
566,13,657,41,91,71,1,-1,-1
567,13,657,41,91,72,1,-1,-1
568,13,657,41,91,72,1,-1,-1
569,13,657,41,91,72,1,-1,-1
570,13,657,41,91,73,1,-1,-1
571,13,657,41,91,73,1,-1,-1
572,13,657,41,91,73,1,-1,-1
573,13,657,41,91,73,1,-1,-1
574,13,657,41,91,74,1,-1,-1
575,13,657,41,91,74,1,-1,-1
576,13,657,41,91,74,1,-1,-1
577,13,657,41,91,74,1,-1,-1
578,13,657,41,91,75,1,-1,-1
579,13,657,41,91,75,1,-1,-1
580,13,657,41,91,75,1,-1,-1
581,13,657,41,91,75,1,-1,-1
582,13,657,41,91,76,1,-1,-1
583,13,657,41,91,76,1,-1,-1
584,13,657,41,91,76,1,-1,-1
585,13,657,41,91,76,1,-1,-1
586,13,657,41,91,77,1,-1,-1
587,13,657,41,91,77,1,-1,-1
588,13,657,41,91,77,1,-1,-1
589,13,657,41,91,78,1,-1,-1
590,13,657,41,91,78,1,-1,-1
591,13,657,41,91,78,1,-1,-1
592,13,657,41,91,78,1,-1,-1
593,13,657,41,91,78,1,-1,-1
594,13,657,41,91,78,1,-1,-1
595,13,657,41,91,78,1,-1,-1
596,13,657,41,91,78,1,-1,-1
597,13,657,41,91,78,1,-1,-1
598,13,657,41,91,78,1,-1,-1
599,13,657,41,91,78,1,-1,-1
600,13,657,41,91,78,1,-1,-1
601,13,657,41,91,78,1,-1,-1
602,13,657,41,91,78,1,-1,-1
603,13,657,41,91,78,1,-1,-1
604,13,657,41,91,78,1,-1,-1
605,13,657,41,91,78,1,-1,-1
606,13,657,41,91,78,1,-1,-1
607,13,657,41,91,78,1,-1,-1
608,13,657,41,91,78,1,-1,-1
609,13,657,41,91,78,1,-1,-1
610,13,657,41,91,78,1,-1,-1
611,13,657,41,91,78,1,-1,-1
612,13,657,41,91,78,1,-1,-1
613,13,657,41,91,78,1,-1,-1
614,13,657,41,91,78,1,-1,-1
615,13,657,41,91,78,1,-1,-1
616,13,657,41,91,78,1,-1,-1
617,13,657,41,91,78,1,-1,-1
618,13,657,41,91,78,1,-1,-1
619,13,657,41,91,78,1,-1,-1
620,13,657,41,91,78,1,-1,-1
621,13,657,41,91,78,1,-1,-1
622,13,657,41,91,78,1,-1,-1
301,14,754,67,208,45,1,-1,-1
302,14,754,67,207,45,1,-1,-1
303,14,754,67,207,45,1,-1,-1
304,14,754,67,207,45,1,-1,-1
305,14,754,67,207,45,1,-1,-1
306,14,754,67,207,45,1,-1,-1
307,14,754,67,207,45,1,-1,-1
308,14,754,67,207,45,1,-1,-1
309,14,754,67,207,46,1,-1,-1
310,14,754,67,207,46,1,-1,-1
311,14,754,67,207,46,1,-1,-1
312,14,754,67,207,46,1,-1,-1
313,14,754,67,207,46,1,-1,-1
314,14,754,67,207,46,1,-1,-1
315,14,754,67,207,46,1,-1,-1
316,14,754,67,207,47,1,-1,-1
317,14,754,67,207,47,1,-1,-1
318,14,754,67,207,47,1,-1,-1
319,14,754,67,207,47,1,-1,-1
320,14,754,67,207,47,1,-1,-1
321,14,754,67,207,47,1,-1,-1
322,14,754,67,207,47,1,-1,-1
323,14,754,67,207,48,1,-1,-1
324,14,754,67,207,48,1,-1,-1
325,14,754,67,207,48,1,-1,-1
326,14,754,67,207,48,1,-1,-1
327,14,754,67,207,48,1,-1,-1
328,14,754,67,207,48,1,-1,-1
329,14,754,67,207,48,1,-1,-1
330,14,754,67,207,49,1,-1,-1
331,14,754,67,207,49,1,-1,-1
332,14,754,67,207,49,1,-1,-1
333,14,754,67,207,49,1,-1,-1
334,14,754,67,207,49,1,-1,-1
335,14,754,67,207,49,1,-1,-1
336,14,754,67,207,49,1,-1,-1
337,14,754,67,207,49,1,-1,-1
338,14,754,67,207,50,1,-1,-1
339,14,754,67,207,50,1,-1,-1
340,14,754,67,207,50,1,-1,-1
341,14,754,67,207,50,1,-1,-1
342,14,754,67,207,50,1,-1,-1
343,14,754,67,207,50,1,-1,-1
344,14,754,67,207,50,1,-1,-1
345,14,754,67,207,51,1,-1,-1
346,14,754,67,207,51,1,-1,-1
347,14,754,67,207,51,1,-1,-1
348,14,754,67,207,51,1,-1,-1
349,14,754,67,207,51,1,-1,-1
350,14,754,67,207,51,1,-1,-1
351,14,754,67,207,51,1,-1,-1
352,14,754,67,207,52,1,-1,-1
353,14,754,67,207,52,1,-1,-1
354,14,754,67,207,52,1,-1,-1
355,14,754,67,207,52,1,-1,-1
356,14,754,67,207,52,1,-1,-1
357,14,754,67,207,52,1,-1,-1
358,14,754,67,207,52,1,-1,-1
359,14,754,67,207,53,1,-1,-1
360,14,754,67,207,53,1,-1,-1
361,14,754,67,207,53,1,-1,-1
362,14,754,67,207,53,1,-1,-1
363,14,754,67,207,53,1,-1,-1
364,14,754,67,207,53,1,-1,-1
365,14,754,67,207,53,1,-1,-1
366,14,754,67,207,53,1,-1,-1
367,14,754,67,207,54,1,-1,-1
368,14,754,67,207,54,1,-1,-1
369,14,754,67,207,54,1,-1,-1
370,14,754,67,207,54,1,-1,-1
371,14,754,67,207,54,1,-1,-1
372,14,754,67,207,54,1,-1,-1
373,14,754,67,207,54,1,-1,-1
374,14,754,67,207,55,1,-1,-1
375,14,754,67,207,55,1,-1,-1
376,14,754,67,207,55,1,-1,-1
377,14,754,67,207,55,1,-1,-1
378,14,754,67,207,55,1,-1,-1
379,14,754,67,207,55,1,-1,-1
380,14,754,67,207,55,1,-1,-1
381,14,754,67,207,56,1,-1,-1
382,14,754,67,207,56,1,-1,-1
383,14,754,67,207,56,1,-1,-1
384,14,754,67,207,56,1,-1,-1
385,14,754,67,207,56,1,-1,-1
386,14,754,67,207,56,1,-1,-1
387,14,754,67,207,56,1,-1,-1
388,14,754,67,207,57,1,-1,-1
389,14,754,67,207,57,1,-1,-1
390,14,754,67,207,57,1,-1,-1
391,14,754,67,207,57,1,-1,-1
392,14,754,67,207,57,1,-1,-1
393,14,754,67,207,57,1,-1,-1
394,14,754,67,207,57,1,-1,-1
395,14,754,67,207,58,1,-1,-1
396,14,754,67,207,58,1,-1,-1
397,14,754,67,207,58,1,-1,-1
398,14,754,67,207,58,1,-1,-1
399,14,754,67,207,58,1,-1,-1
400,14,754,67,207,58,1,-1,-1
401,14,754,67,207,58,1,-1,-1
402,14,754,67,207,58,1,-1,-1
403,14,754,67,207,58,1,-1,-1
404,14,754,67,207,58,1,-1,-1
405,14,754,67,207,58,1,-1,-1
406,14,754,67,207,58,1,-1,-1
407,14,754,67,207,58,1,-1,-1
408,14,754,67,207,58,1,-1,-1
409,14,754,67,207,58,1,-1,-1
410,14,754,67,207,58,1,-1,-1
411,14,754,67,207,58,1,-1,-1
412,14,754,67,207,58,1,-1,-1
413,14,754,67,207,58,1,-1,-1
414,14,754,67,207,58,1,-1,-1
415,14,754,67,207,58,1,-1,-1
416,14,754,67,207,58,1,-1,-1
417,14,754,67,207,58,1,-1,-1
418,14,754,67,207,58,1,-1,-1
419,14,754,67,207,58,1,-1,-1
420,14,754,67,207,58,1,-1,-1
421,14,754,67,207,58,1,-1,-1
422,14,754,67,207,58,1,-1,-1
423,14,754,67,207,58,1,-1,-1
424,14,754,67,207,58,1,-1,-1
425,14,754,67,207,58,1,-1,-1
426,14,754,67,207,58,1,-1,-1
427,14,754,67,207,58,1,-1,-1
428,14,754,67,207,58,1,-1,-1
429,14,754,67,207,58,1,-1,-1
430,14,754,67,207,58,1,-1,-1
431,14,754,67,207,58,1,-1,-1
432,14,754,67,207,58,1,-1,-1
433,14,754,67,207,58,1,-1,-1
434,14,754,67,207,58,1,-1,-1
435,14,754,67,207,58,1,-1,-1
436,14,754,67,207,58,1,-1,-1
437,14,754,67,207,58,1,-1,-1
438,14,754,67,207,58,1,-1,-1
439,14,754,67,207,58,1,-1,-1
440,14,754,67,207,58,1,-1,-1
441,14,754,67,207,58,1,-1,-1
442,14,754,67,207,58,1,-1,-1
443,14,754,67,207,58,1,-1,-1
444,14,754,67,207,58,1,-1,-1
445,14,754,67,207,58,1,-1,-1
446,14,754,67,207,58,1,-1,-1
447,14,754,67,207,58,1,-1,-1
448,14,754,67,207,58,1,-1,-1
449,14,754,67,207,58,1,-1,-1
450,14,754,67,207,58,1,-1,-1
451,14,754,67,207,58,1,-1,-1
452,14,754,67,207,58,1,-1,-1
453,14,754,67,207,58,1,-1,-1
454,14,754,67,207,58,1,-1,-1
455,14,754,67,207,58,1,-1,-1
456,14,754,67,207,58,1,-1,-1
457,14,754,67,207,58,1,-1,-1
458,14,754,67,207,58,1,-1,-1
459,14,754,67,207,58,1,-1,-1
460,14,754,67,207,58,1,-1,-1
461,14,754,67,207,58,1,-1,-1
462,14,754,67,207,58,1,-1,-1
463,14,754,67,207,58,1,-1,-1
464,14,754,67,207,58,1,-1,-1
465,14,754,67,207,58,1,-1,-1
466,14,754,67,207,58,1,-1,-1
467,14,754,67,207,58,1,-1,-1
468,14,754,67,207,58,1,-1,-1
469,14,754,67,207,58,1,-1,-1
470,14,754,67,207,58,1,-1,-1
471,14,754,67,207,58,1,-1,-1
472,14,754,67,207,58,1,-1,-1
473,14,754,67,207,58,1,-1,-1
474,14,754,67,207,58,1,-1,-1
475,14,754,67,207,58,1,-1,-1
476,14,754,67,207,58,1,-1,-1
477,14,754,67,207,58,1,-1,-1
478,14,754,67,207,58,1,-1,-1
479,14,754,67,207,58,1,-1,-1
480,14,754,67,207,58,1,-1,-1
481,14,754,67,207,58,1,-1,-1
482,14,754,67,207,58,1,-1,-1
483,14,754,67,207,58,1,-1,-1
484,14,754,67,207,58,1,-1,-1
485,14,754,67,207,58,1,-1,-1
486,14,754,67,207,58,1,-1,-1
487,14,754,67,207,58,1,-1,-1
488,14,754,67,207,58,1,-1,-1
489,14,754,67,207,58,1,-1,-1
490,14,754,67,207,58,1,-1,-1
491,14,754,67,207,58,1,-1,-1
492,14,754,67,207,58,1,-1,-1
493,14,754,67,207,58,1,-1,-1
494,14,754,67,207,58,1,-1,-1
495,14,754,67,207,58,1,-1,-1
496,14,754,67,207,58,1,-1,-1
497,14,754,67,207,58,1,-1,-1
498,14,754,67,207,58,1,-1,-1
499,14,754,67,207,58,1,-1,-1
500,14,754,67,207,58,1,-1,-1
501,14,754,67,207,58,1,-1,-1
502,14,754,67,207,58,1,-1,-1
503,14,754,67,207,58,1,-1,-1
504,14,754,67,207,58,1,-1,-1
505,14,754,67,207,58,1,-1,-1
506,14,754,67,207,58,1,-1,-1
507,14,754,67,207,58,1,-1,-1
508,14,754,67,207,58,1,-1,-1
509,14,754,67,207,58,1,-1,-1
510,14,754,67,207,58,1,-1,-1
511,14,754,67,207,58,1,-1,-1
512,14,754,67,207,58,1,-1,-1
513,14,754,67,207,58,1,-1,-1
514,14,754,67,207,58,1,-1,-1
515,14,754,67,207,58,1,-1,-1
516,14,754,67,207,58,1,-1,-1
517,14,754,67,207,58,1,-1,-1
518,14,754,67,207,58,1,-1,-1
519,14,754,67,207,58,1,-1,-1
520,14,754,67,207,58,1,-1,-1
521,14,754,67,207,58,1,-1,-1
522,14,754,67,207,58,1,-1,-1
523,14,754,67,207,58,1,-1,-1
524,14,754,67,207,58,1,-1,-1
525,14,754,67,207,58,1,-1,-1
526,14,754,67,207,58,1,-1,-1
527,14,754,67,207,58,1,-1,-1
528,14,754,67,207,58,1,-1,-1
529,14,754,67,207,58,1,-1,-1
530,14,754,67,207,58,1,-1,-1
531,14,754,67,207,58,1,-1,-1
532,14,754,67,207,58,1,-1,-1
533,14,754,67,207,58,1,-1,-1
534,14,754,67,207,58,1,-1,-1
535,14,754,67,207,58,1,-1,-1
536,14,754,67,207,58,1,-1,-1
537,14,754,67,207,58,1,-1,-1
538,14,754,67,207,58,1,-1,-1
539,14,754,67,207,58,1,-1,-1
540,14,754,67,207,58,1,-1,-1
541,14,754,67,207,58,1,-1,-1
542,14,754,67,207,58,1,-1,-1
543,14,754,67,207,58,1,-1,-1
544,14,754,67,207,58,1,-1,-1
545,14,754,67,207,58,1,-1,-1
546,14,754,67,207,58,1,-1,-1
547,14,754,67,207,58,1,-1,-1
548,14,754,67,207,58,1,-1,-1
549,14,754,67,207,58,1,-1,-1
550,14,754,67,207,58,1,-1,-1
551,14,754,67,207,58,1,-1,-1
552,14,754,67,207,58,1,-1,-1
553,14,754,67,207,58,1,-1,-1
554,14,754,67,207,58,1,-1,-1
555,14,754,67,207,58,1,-1,-1
556,14,754,67,207,58,1,-1,-1
557,14,754,67,207,58,1,-1,-1
558,14,754,67,207,58,1,-1,-1
559,14,754,67,207,58,1,-1,-1
560,14,754,67,207,58,1,-1,-1
561,14,754,67,207,58,1,-1,-1
562,14,754,67,207,58,1,-1,-1
563,14,754,67,207,58,1,-1,-1
564,14,754,67,207,58,1,-1,-1
565,14,754,67,207,58,1,-1,-1
566,14,754,67,207,58,1,-1,-1
567,14,754,67,207,58,1,-1,-1
568,14,754,67,207,58,1,-1,-1
569,14,754,67,207,58,1,-1,-1
570,14,754,67,207,58,1,-1,-1
571,14,754,67,207,58,1,-1,-1
572,14,754,67,207,58,1,-1,-1
573,14,754,67,207,58,1,-1,-1
574,14,754,67,207,58,1,-1,-1
575,14,754,67,207,58,1,-1,-1
576,14,754,67,207,58,1,-1,-1
577,14,754,67,207,58,1,-1,-1
578,14,754,67,207,58,1,-1,-1
579,14,754,67,207,58,1,-1,-1
580,14,754,67,207,58,1,-1,-1
581,14,754,67,207,58,1,-1,-1
582,14,754,67,207,58,1,-1,-1
583,14,754,67,207,58,1,-1,-1
584,14,754,67,207,58,1,-1,-1
585,14,754,67,207,58,1,-1,-1
586,14,754,67,207,58,1,-1,-1
587,14,754,67,207,58,1,-1,-1
588,14,754,67,207,58,1,-1,-1
589,14,754,67,207,58,1,-1,-1
590,14,754,67,207,58,1,-1,-1
591,14,754,67,207,58,1,-1,-1
592,14,754,67,207,58,1,-1,-1
593,14,754,67,207,58,1,-1,-1
594,14,754,67,207,58,1,-1,-1
595,14,754,67,207,58,1,-1,-1
596,14,754,67,207,58,1,-1,-1
597,14,754,67,207,58,1,-1,-1
598,14,754,67,207,58,1,-1,-1
599,14,754,67,207,58,1,-1,-1
600,14,754,67,207,58,1,-1,-1
601,14,754,67,207,58,1,-1,-1
602,14,754,67,207,58,1,-1,-1
603,14,754,67,207,58,1,-1,-1
604,14,754,67,207,58,1,-1,-1
605,14,754,67,207,58,1,-1,-1
606,14,754,67,207,58,1,-1,-1
607,14,754,67,207,58,1,-1,-1
608,14,754,67,207,58,1,-1,-1
609,14,754,67,207,58,1,-1,-1
610,14,754,67,207,58,1,-1,-1
611,14,754,67,207,58,1,-1,-1
612,14,754,67,207,58,1,-1,-1
613,14,754,67,207,58,1,-1,-1
614,14,754,67,207,58,1,-1,-1
615,14,754,67,207,58,1,-1,-1
616,14,754,67,207,58,1,-1,-1
617,14,754,67,207,58,1,-1,-1
618,14,754,67,207,58,1,-1,-1
619,14,754,67,207,58,1,-1,-1
620,14,754,67,207,58,1,-1,-1
621,14,754,67,207,58,1,-1,-1
622,14,754,67,207,58,1,-1,-1
301,15,368,51,127,42,1,-1,-1
302,15,368,51,127,42,1,-1,-1
303,15,368,51,127,42,1,-1,-1
304,15,368,51,127,42,1,-1,-1
305,15,368,51,127,42,1,-1,-1
306,15,368,51,127,42,1,-1,-1
307,15,368,51,127,42,1,-1,-1
308,15,368,51,127,42,1,-1,-1
309,15,368,51,127,42,1,-1,-1
310,15,368,51,127,42,1,-1,-1
311,15,368,51,127,42,1,-1,-1
312,15,368,51,127,42,1,-1,-1
313,15,368,51,127,42,1,-1,-1
314,15,368,51,127,42,1,-1,-1
315,15,368,51,127,42,1,-1,-1
316,15,368,51,127,42,1,-1,-1
317,15,368,51,127,42,1,-1,-1
318,15,368,51,127,42,1,-1,-1
319,15,368,51,127,42,1,-1,-1
320,15,368,51,127,42,1,-1,-1
321,15,368,51,127,42,1,-1,-1
322,15,368,51,127,42,1,-1,-1
323,15,368,51,127,42,1,-1,-1
324,15,368,51,127,42,1,-1,-1
325,15,368,51,127,42,1,-1,-1
326,15,368,51,127,42,1,-1,-1
327,15,368,51,127,42,1,-1,-1
328,15,368,51,127,42,1,-1,-1
329,15,368,51,127,42,1,-1,-1
330,15,368,51,127,42,1,-1,-1
331,15,368,51,127,42,1,-1,-1
332,15,368,51,127,42,1,-1,-1
333,15,368,51,127,42,1,-1,-1
334,15,368,51,127,42,1,-1,-1
335,15,368,51,127,42,1,-1,-1
336,15,368,51,127,42,1,-1,-1
337,15,368,51,127,42,1,-1,-1
338,15,368,51,127,42,1,-1,-1
339,15,368,51,127,42,1,-1,-1
340,15,368,51,127,42,1,-1,-1
341,15,368,51,127,42,1,-1,-1
342,15,368,51,127,42,1,-1,-1
343,15,368,51,127,42,1,-1,-1
344,15,368,51,127,42,1,-1,-1
345,15,368,51,127,42,1,-1,-1
346,15,368,51,127,42,1,-1,-1
347,15,368,51,127,42,1,-1,-1
348,15,368,51,127,42,1,-1,-1
349,15,368,51,127,42,1,-1,-1
350,15,368,51,127,42,1,-1,-1
351,15,368,51,127,42,1,-1,-1
352,15,368,51,127,42,1,-1,-1
353,15,368,51,127,42,1,-1,-1
354,15,368,51,127,42,1,-1,-1
355,15,368,51,127,42,1,-1,-1
356,15,368,51,127,42,1,-1,-1
357,15,368,51,127,42,1,-1,-1
358,15,368,51,127,42,1,-1,-1
359,15,368,51,127,42,1,-1,-1
360,15,368,51,127,42,1,-1,-1
361,15,368,51,127,42,1,-1,-1
362,15,368,51,127,42,1,-1,-1
363,15,368,51,127,42,1,-1,-1
364,15,368,51,127,42,1,-1,-1
365,15,368,51,127,42,1,-1,-1
366,15,368,51,127,42,1,-1,-1
367,15,368,51,127,42,1,-1,-1
368,15,368,51,127,42,1,-1,-1
369,15,368,51,127,42,1,-1,-1
370,15,368,51,127,42,1,-1,-1
371,15,368,51,127,42,1,-1,-1
372,15,368,51,127,42,1,-1,-1
373,15,368,51,127,42,1,-1,-1
374,15,368,51,127,42,1,-1,-1
375,15,368,51,127,42,1,-1,-1
376,15,368,51,127,42,1,-1,-1
377,15,368,51,127,42,1,-1,-1
378,15,368,51,127,42,1,-1,-1
379,15,368,51,127,42,1,-1,-1
380,15,368,51,127,42,1,-1,-1
381,15,368,51,127,42,1,-1,-1
382,15,368,51,127,42,1,-1,-1
383,15,368,51,127,42,1,-1,-1
384,15,368,51,127,42,1,-1,-1
385,15,368,51,127,42,1,-1,-1
386,15,368,51,127,42,1,-1,-1
387,15,368,51,127,42,1,-1,-1
388,15,368,51,127,42,1,-1,-1
389,15,368,51,127,42,1,-1,-1
390,15,368,51,127,42,1,-1,-1
391,15,368,51,127,42,1,-1,-1
392,15,368,51,127,42,1,-1,-1
393,15,368,51,127,42,1,-1,-1
394,15,368,51,127,42,1,-1,-1
395,15,368,51,127,42,1,-1,-1
396,15,368,51,127,42,1,-1,-1
397,15,368,51,127,42,1,-1,-1
398,15,368,51,127,42,1,-1,-1
399,15,368,51,127,42,1,-1,-1
400,15,368,51,127,42,1,-1,-1
401,15,368,51,127,42,1,-1,-1
402,15,368,51,127,42,1,-1,-1
403,15,368,51,127,42,1,-1,-1
404,15,368,51,127,42,1,-1,-1
405,15,368,51,127,42,1,-1,-1
406,15,368,51,127,42,1,-1,-1
407,15,368,51,127,42,1,-1,-1
408,15,368,51,127,42,1,-1,-1
409,15,368,51,127,42,1,-1,-1
410,15,368,51,127,42,1,-1,-1
411,15,368,51,127,42,1,-1,-1
412,15,368,51,127,42,1,-1,-1
413,15,368,51,127,42,1,-1,-1
414,15,368,51,127,42,1,-1,-1
415,15,368,51,127,42,1,-1,-1
416,15,368,51,127,42,1,-1,-1
417,15,368,51,127,42,1,-1,-1
418,15,368,51,127,42,1,-1,-1
419,15,368,51,127,42,1,-1,-1
420,15,368,51,127,42,1,-1,-1
421,15,368,51,127,42,1,-1,-1
422,15,368,51,127,42,1,-1,-1
423,15,368,51,127,42,1,-1,-1
424,15,368,51,127,42,1,-1,-1
425,15,368,51,127,42,1,-1,-1
426,15,368,51,127,42,1,-1,-1
427,15,368,51,127,42,1,-1,-1
428,15,368,51,127,42,1,-1,-1
429,15,368,51,127,42,1,-1,-1
430,15,368,51,127,42,1,-1,-1
431,15,368,51,127,42,1,-1,-1
432,15,368,51,127,42,1,-1,-1
433,15,368,51,127,42,1,-1,-1
434,15,368,51,127,42,1,-1,-1
435,15,368,51,127,42,1,-1,-1
436,15,368,51,127,42,1,-1,-1
437,15,368,51,127,42,1,-1,-1
438,15,368,51,127,42,1,-1,-1
439,15,368,51,127,42,1,-1,-1
440,15,368,51,127,42,1,-1,-1
441,15,368,51,127,42,1,-1,-1
442,15,368,51,127,42,1,-1,-1
443,15,368,51,127,42,1,-1,-1
444,15,368,51,127,42,1,-1,-1
445,15,368,51,127,42,1,-1,-1
446,15,368,51,127,42,1,-1,-1
447,15,368,51,127,42,1,-1,-1
448,15,368,51,127,42,1,-1,-1
449,15,368,51,127,42,1,-1,-1
450,15,368,51,127,42,1,-1,-1
451,15,368,51,127,42,1,-1,-1
452,15,368,51,127,42,1,-1,-1
453,15,368,51,127,42,1,-1,-1
454,15,368,51,127,42,1,-1,-1
455,15,368,51,127,42,1,-1,-1
456,15,368,51,127,42,1,-1,-1
457,15,368,51,127,42,1,-1,-1
458,15,368,51,127,42,1,-1,-1
459,15,368,51,127,42,1,-1,-1
460,15,368,51,127,42,1,-1,-1
461,15,368,51,127,42,1,-1,-1
462,15,368,51,127,42,1,-1,-1
463,15,368,51,127,42,1,-1,-1
464,15,368,51,127,42,1,-1,-1
465,15,368,51,127,42,1,-1,-1
466,15,368,51,127,42,1,-1,-1
467,15,368,51,127,42,1,-1,-1
468,15,368,51,127,42,1,-1,-1
469,15,368,51,127,42,1,-1,-1
470,15,368,51,127,42,1,-1,-1
471,15,368,51,127,42,1,-1,-1
472,15,368,51,127,42,1,-1,-1
473,15,368,51,127,42,1,-1,-1
474,15,368,51,127,42,1,-1,-1
475,15,368,51,127,42,1,-1,-1
476,15,368,51,127,42,1,-1,-1
477,15,368,51,127,42,1,-1,-1
478,15,368,51,127,42,1,-1,-1
479,15,368,51,127,42,1,-1,-1
480,15,368,51,127,42,1,-1,-1
481,15,368,51,127,42,1,-1,-1
482,15,368,51,127,42,1,-1,-1
483,15,368,51,127,42,1,-1,-1
484,15,368,51,127,42,1,-1,-1
485,15,368,51,127,42,1,-1,-1
486,15,368,51,127,42,1,-1,-1
487,15,368,51,127,42,1,-1,-1
488,15,368,51,127,42,1,-1,-1
489,15,368,51,127,42,1,-1,-1
490,15,368,51,127,42,1,-1,-1
491,15,368,51,127,42,1,-1,-1
492,15,368,51,127,42,1,-1,-1
493,15,368,51,127,42,1,-1,-1
494,15,368,51,127,42,1,-1,-1
495,15,368,51,127,42,1,-1,-1
496,15,368,51,127,42,1,-1,-1
497,15,368,51,127,42,1,-1,-1
498,15,368,51,127,42,1,-1,-1
499,15,368,51,127,42,1,-1,-1
500,15,368,51,127,42,1,-1,-1
501,15,368,51,127,42,1,-1,-1
502,15,368,51,127,42,1,-1,-1
503,15,368,51,127,42,1,-1,-1
504,15,368,51,127,42,1,-1,-1
505,15,368,51,127,42,1,-1,-1
506,15,368,51,127,42,1,-1,-1
507,15,368,51,127,42,1,-1,-1
508,15,368,51,127,42,1,-1,-1
509,15,368,51,127,42,1,-1,-1
510,15,368,51,127,42,1,-1,-1
511,15,368,51,127,42,1,-1,-1
512,15,368,51,127,42,1,-1,-1
513,15,368,51,127,42,1,-1,-1
514,15,368,51,127,42,1,-1,-1
515,15,368,51,127,42,1,-1,-1
516,15,368,51,127,42,1,-1,-1
517,15,368,51,127,42,1,-1,-1
518,15,368,51,127,42,1,-1,-1
519,15,368,51,127,42,1,-1,-1
520,15,368,51,127,42,1,-1,-1
521,15,368,51,127,42,1,-1,-1
522,15,368,51,127,42,1,-1,-1
523,15,368,51,127,42,1,-1,-1
524,15,368,51,127,42,1,-1,-1
525,15,368,51,127,42,1,-1,-1
526,15,368,51,127,42,1,-1,-1
527,15,368,51,127,42,1,-1,-1
528,15,368,51,127,42,1,-1,-1
529,15,368,51,127,42,1,-1,-1
530,15,368,51,127,42,1,-1,-1
531,15,368,51,127,42,1,-1,-1
532,15,368,51,127,42,1,-1,-1
533,15,368,51,127,42,1,-1,-1
534,15,368,51,127,42,1,-1,-1
535,15,368,51,127,42,1,-1,-1
536,15,368,51,127,42,1,-1,-1
537,15,368,51,127,42,1,-1,-1
538,15,368,51,127,42,1,-1,-1
539,15,368,51,127,42,1,-1,-1
540,15,368,51,127,42,1,-1,-1
541,15,368,51,127,42,1,-1,-1
542,15,368,51,127,42,1,-1,-1
543,15,368,51,127,42,1,-1,-1
544,15,368,51,127,42,1,-1,-1
545,15,368,51,127,42,1,-1,-1
546,15,368,51,127,42,1,-1,-1
547,15,368,51,127,42,1,-1,-1
548,15,368,51,127,42,1,-1,-1
549,15,368,51,127,42,1,-1,-1
550,15,368,51,127,42,1,-1,-1
551,15,368,51,127,42,1,-1,-1
552,15,368,51,127,42,1,-1,-1
553,15,368,51,127,42,1,-1,-1
554,15,368,51,127,42,1,-1,-1
555,15,368,51,127,42,1,-1,-1
556,15,368,51,127,42,1,-1,-1
557,15,368,51,127,42,1,-1,-1
558,15,368,51,127,42,1,-1,-1
559,15,368,51,127,42,1,-1,-1
560,15,368,51,127,42,1,-1,-1
561,15,368,51,127,42,1,-1,-1
562,15,368,51,127,42,1,-1,-1
563,15,368,51,127,42,1,-1,-1
564,15,368,51,127,42,1,-1,-1
565,15,368,51,127,42,1,-1,-1
566,15,368,51,127,42,1,-1,-1
567,15,368,51,127,42,1,-1,-1
568,15,368,51,127,42,1,-1,-1
569,15,368,51,127,42,1,-1,-1
570,15,368,51,127,42,1,-1,-1
571,15,368,51,127,42,1,-1,-1
572,15,368,51,127,42,1,-1,-1
573,15,368,51,127,42,1,-1,-1
574,15,368,51,127,42,1,-1,-1
575,15,368,51,127,42,1,-1,-1
576,15,368,51,127,42,1,-1,-1
577,15,368,51,127,42,1,-1,-1
578,15,368,51,127,42,1,-1,-1
579,15,368,51,127,42,1,-1,-1
580,15,368,51,127,42,1,-1,-1
581,15,368,51,127,42,1,-1,-1
582,15,368,51,127,42,1,-1,-1
583,15,368,51,127,42,1,-1,-1
584,15,368,51,127,42,1,-1,-1
585,15,368,51,127,42,1,-1,-1
586,15,368,51,127,42,1,-1,-1
587,15,368,51,127,42,1,-1,-1
588,15,368,51,127,42,1,-1,-1
589,15,368,51,127,42,1,-1,-1
590,15,368,51,127,42,1,-1,-1
591,15,368,51,127,42,1,-1,-1
592,15,368,51,127,42,1,-1,-1
593,15,368,51,127,42,1,-1,-1
594,15,368,51,127,42,1,-1,-1
595,15,368,51,127,42,1,-1,-1
596,15,368,51,127,42,1,-1,-1
597,15,368,51,127,42,1,-1,-1
598,15,368,51,127,42,1,-1,-1
599,15,368,51,127,42,1,-1,-1
600,15,368,51,127,42,1,-1,-1
601,15,368,51,127,42,1,-1,-1
602,15,368,51,127,42,1,-1,-1
603,15,368,51,127,42,1,-1,-1
604,15,368,51,127,42,1,-1,-1
605,15,368,51,127,42,1,-1,-1
606,15,368,51,127,42,1,-1,-1
607,15,368,51,127,42,1,-1,-1
608,15,368,51,127,42,1,-1,-1
609,15,368,51,127,42,1,-1,-1
610,15,368,51,127,42,1,-1,-1
611,15,368,51,127,42,1,-1,-1
612,15,368,51,127,42,1,-1,-1
613,15,368,51,127,42,1,-1,-1
614,15,368,51,127,42,1,-1,-1
615,15,368,51,127,42,1,-1,-1
616,15,368,51,127,42,1,-1,-1
617,15,368,51,127,42,1,-1,-1
618,15,368,51,127,42,1,-1,-1
619,15,368,51,127,42,1,-1,-1
620,15,368,51,127,42,1,-1,-1
621,15,368,51,127,42,1,-1,-1
622,15,368,51,127,42,1,-1,-1
599,24,578,99,13,12,1,-1,-1
600,24,578,99,13,12,1,-1,-1
601,24,578,99,13,12,1,-1,-1
602,24,577,98,13,12,1,-1,-1
603,24,577,98,13,12,1,-1,-1
604,24,577,98,13,12,1,-1,-1
605,24,577,98,13,12,1,-1,-1
606,24,577,98,13,12,1,-1,-1
607,24,577,98,13,12,1,-1,-1
608,24,577,98,13,12,1,-1,-1
609,24,577,98,13,12,1,-1,-1
610,24,577,98,13,12,1,-1,-1
611,24,577,98,13,12,1,-1,-1
612,24,577,98,13,12,1,-1,-1
613,24,577,98,13,12,1,-1,-1
614,24,577,98,13,12,1,-1,-1
615,24,577,98,13,12,1,-1,-1
616,24,576,98,13,12,1,-1,-1
617,24,576,98,13,12,1,-1,-1
618,24,576,98,13,12,1,-1,-1
619,24,576,98,13,12,1,-1,-1
620,24,576,98,13,12,1,-1,-1
621,24,576,98,13,12,1,-1,-1
118,42,550,28,125,32,1,-1,-1
119,42,550,28,125,32,1,-1,-1
120,42,550,28,125,32,1,-1,-1
121,42,550,28,125,32,1,-1,-1
122,42,550,28,125,32,1,-1,-1
123,42,550,28,125,32,1,-1,-1
124,42,550,28,125,32,1,-1,-1
125,42,550,28,125,32,1,-1,-1
126,42,550,28,125,32,1,-1,-1
127,42,550,28,125,32,1,-1,-1
128,42,550,28,125,32,1,-1,-1
129,42,550,28,125,32,1,-1,-1
130,42,550,28,125,32,1,-1,-1
131,42,550,28,125,32,1,-1,-1
132,42,549,28,126,32,1,-1,-1
133,42,549,28,126,32,1,-1,-1
134,42,549,28,126,32,1,-1,-1
135,42,549,28,126,32,1,-1,-1
136,42,549,28,126,32,1,-1,-1
137,42,549,28,126,32,1,-1,-1
138,42,549,28,126,32,1,-1,-1
139,42,549,28,126,32,1,-1,-1
140,42,549,28,126,32,1,-1,-1
141,42,549,28,126,32,1,-1,-1
142,42,549,28,126,32,1,-1,-1
143,42,549,28,126,32,1,-1,-1
144,42,549,28,126,32,1,-1,-1
145,42,549,28,126,32,1,-1,-1
146,42,549,28,126,32,1,-1,-1
147,42,548,28,127,32,1,-1,-1
148,42,548,28,127,32,1,-1,-1
149,42,548,28,127,32,1,-1,-1
150,42,548,28,127,32,1,-1,-1
151,42,548,28,127,32,1,-1,-1
152,42,548,28,127,32,1,-1,-1
153,42,548,28,127,32,1,-1,-1
154,42,548,28,127,32,1,-1,-1
155,42,548,28,127,32,1,-1,-1
156,42,548,28,127,32,1,-1,-1
157,42,548,28,127,32,1,-1,-1
158,42,548,28,127,32,1,-1,-1
159,42,548,28,127,32,1,-1,-1
160,42,548,28,127,32,1,-1,-1
161,42,548,28,127,32,1,-1,-1
162,42,548,28,126,31,1,-1,-1
163,42,548,28,126,31,1,-1,-1
164,42,548,28,126,31,1,-1,-1
165,42,548,28,126,31,1,-1,-1
166,42,548,28,125,31,1,-1,-1
167,42,548,28,125,31,1,-1,-1
168,42,548,28,125,31,1,-1,-1
169,42,548,28,125,31,1,-1,-1
170,42,548,28,125,31,1,-1,-1
171,42,548,28,124,31,1,-1,-1
172,42,548,28,124,31,1,-1,-1
173,42,548,28,124,31,1,-1,-1
174,42,548,28,124,31,1,-1,-1
175,42,548,28,124,31,1,-1,-1
176,42,548,28,123,31,1,-1,-1
177,42,548,28,123,31,1,-1,-1
178,42,548,28,123,31,1,-1,-1
179,42,548,28,123,31,1,-1,-1
180,42,548,28,123,31,1,-1,-1
181,42,548,28,122,31,1,-1,-1
182,42,548,28,122,31,1,-1,-1
183,42,548,28,122,31,1,-1,-1
184,42,548,28,122,31,1,-1,-1
185,42,548,28,121,31,1,-1,-1
186,42,548,28,121,31,1,-1,-1
187,42,548,28,121,31,1,-1,-1
188,42,548,28,121,31,1,-1,-1
189,42,548,28,121,31,1,-1,-1
190,42,548,28,120,31,1,-1,-1
191,42,548,28,120,31,1,-1,-1
192,42,548,28,120,31,1,-1,-1
193,42,548,28,120,31,1,-1,-1
194,42,548,28,120,31,1,-1,-1
195,42,548,28,119,31,1,-1,-1
196,42,548,28,119,31,1,-1,-1
197,42,548,28,119,31,1,-1,-1
198,42,548,28,119,31,1,-1,-1
199,42,548,28,119,31,1,-1,-1
200,42,548,28,118,31,1,-1,-1
201,42,548,28,118,31,1,-1,-1
202,42,548,28,118,31,1,-1,-1
203,42,548,28,118,31,1,-1,-1
204,42,548,28,118,31,1,-1,-1
205,42,548,28,117,31,1,-1,-1
206,42,548,28,117,31,1,-1,-1
207,42,548,28,117,32,1,-1,-1
208,42,548,28,117,32,1,-1,-1
209,42,548,28,117,33,1,-1,-1
210,42,548,28,117,33,1,-1,-1
211,42,548,28,117,34,1,-1,-1
212,42,548,28,117,34,1,-1,-1
213,42,548,28,117,35,1,-1,-1
214,42,548,28,117,35,1,-1,-1
215,42,548,28,117,36,1,-1,-1
216,42,548,28,117,36,1,-1,-1
217,42,548,28,117,37,1,-1,-1
218,42,548,28,117,37,1,-1,-1
219,42,548,28,117,37,1,-1,-1
220,42,548,28,117,38,1,-1,-1
221,42,548,28,117,38,1,-1,-1
222,42,548,28,117,39,1,-1,-1
223,42,548,28,117,39,1,-1,-1
224,42,548,28,117,40,1,-1,-1
225,42,548,28,117,40,1,-1,-1
226,42,548,28,117,41,1,-1,-1
227,42,548,28,117,41,1,-1,-1
228,42,548,28,117,42,1,-1,-1
229,42,548,28,117,42,1,-1,-1
230,42,548,28,117,43,1,-1,-1
231,42,548,28,117,42,1,-1,-1
232,42,548,28,117,42,1,-1,-1
233,42,548,28,117,42,1,-1,-1
234,42,548,28,117,42,1,-1,-1
235,42,548,28,117,42,1,-1,-1
236,42,548,28,117,42,1,-1,-1
237,42,548,28,117,42,1,-1,-1
238,42,548,28,117,42,1,-1,-1
239,42,548,28,117,42,1,-1,-1
240,42,548,28,118,41,1,-1,-1
241,42,548,28,118,41,1,-1,-1
242,42,549,28,117,41,1,-1,-1
243,42,549,28,117,41,1,-1,-1
244,42,549,28,117,41,1,-1,-1
245,42,549,28,117,41,1,-1,-1
246,42,549,28,117,41,1,-1,-1
247,42,549,28,117,41,1,-1,-1
248,42,549,28,117,41,1,-1,-1
249,42,549,28,118,40,1,-1,-1
250,42,549,28,118,40,1,-1,-1
251,42,549,28,118,40,1,-1,-1
252,42,549,28,118,40,1,-1,-1
253,42,550,28,117,40,1,-1,-1
254,42,550,28,117,40,1,-1,-1
255,42,550,28,117,40,1,-1,-1
256,42,550,28,117,40,1,-1,-1
257,42,550,28,117,40,1,-1,-1
258,42,550,28,118,39,1,-1,-1
259,42,550,28,118,39,1,-1,-1
260,42,550,28,118,39,1,-1,-1
261,42,550,28,118,39,1,-1,-1
262,42,550,28,118,39,1,-1,-1
263,42,550,28,118,39,1,-1,-1
264,42,550,28,118,39,1,-1,-1
265,42,551,28,117,39,1,-1,-1
266,42,551,28,117,39,1,-1,-1
267,42,551,28,118,38,1,-1,-1
268,42,551,28,118,38,1,-1,-1
269,42,551,28,118,38,1,-1,-1
270,42,551,28,118,38,1,-1,-1
271,42,551,28,118,38,1,-1,-1
272,42,551,28,118,38,1,-1,-1
273,42,551,28,118,38,1,-1,-1
274,42,551,28,118,38,1,-1,-1
275,42,551,28,118,38,1,-1,-1
276,42,552,28,118,38,1,-1,-1
277,42,552,28,118,37,1,-1,-1
278,42,552,28,118,37,1,-1,-1
279,42,552,28,118,37,1,-1,-1
280,42,552,28,118,37,1,-1,-1
281,42,552,28,118,37,1,-1,-1
282,42,552,28,118,37,1,-1,-1
283,42,552,28,118,37,1,-1,-1
284,42,552,28,118,37,1,-1,-1
285,42,552,28,118,37,1,-1,-1
286,42,552,28,119,36,1,-1,-1
287,42,552,28,119,36,1,-1,-1
288,42,553,28,118,36,1,-1,-1
289,42,553,28,118,36,1,-1,-1
290,42,553,28,118,36,1,-1,-1
291,42,553,28,118,36,1,-1,-1
292,42,553,28,118,36,1,-1,-1
293,42,553,28,118,36,1,-1,-1
294,42,553,28,118,36,1,-1,-1
295,42,553,28,119,35,1,-1,-1
296,42,553,28,119,35,1,-1,-1
297,42,553,28,119,35,1,-1,-1
298,42,553,28,119,35,1,-1,-1
299,42,554,28,118,35,1,-1,-1
300,42,554,28,118,35,1,-1,-1
301,42,554,28,118,35,1,-1,-1
302,42,554,28,118,35,1,-1,-1
303,42,554,28,118,35,1,-1,-1
304,42,554,28,119,34,1,-1,-1
305,42,554,28,119,34,1,-1,-1
306,42,554,28,119,34,1,-1,-1
307,42,554,28,119,34,1,-1,-1
308,42,554,28,119,34,1,-1,-1
309,42,554,28,119,34,1,-1,-1
310,42,554,28,119,34,1,-1,-1
311,42,555,28,118,34,1,-1,-1
312,42,555,28,118,34,1,-1,-1
313,42,555,28,119,33,1,-1,-1
314,42,555,28,119,33,1,-1,-1
315,42,555,28,119,33,1,-1,-1
316,42,555,28,119,33,1,-1,-1
317,42,555,28,119,33,1,-1,-1
318,42,555,28,119,33,1,-1,-1
319,42,555,28,119,33,1,-1,-1
320,42,555,28,119,33,1,-1,-1
321,42,555,28,119,33,1,-1,-1
322,42,556,28,119,33,1,-1,-1
301,48,536,49,110,30,1,-1,-1
302,48,535,49,110,29,1,-1,-1
303,48,535,49,110,29,1,-1,-1
304,48,535,49,110,29,1,-1,-1
305,48,535,49,110,29,1,-1,-1
306,48,534,49,111,29,1,-1,-1
307,48,534,49,111,29,1,-1,-1
308,48,534,49,111,29,1,-1,-1
309,48,534,49,111,28,1,-1,-1
310,48,533,49,112,28,1,-1,-1
311,48,533,49,112,28,1,-1,-1
312,48,533,49,112,28,1,-1,-1
313,48,533,49,112,28,1,-1,-1
314,48,532,49,113,28,1,-1,-1
315,48,532,49,113,28,1,-1,-1
316,48,532,49,113,28,1,-1,-1
317,48,532,49,113,27,1,-1,-1
318,48,532,49,113,27,1,-1,-1
319,48,531,49,114,27,1,-1,-1
320,48,531,49,114,27,1,-1,-1
321,48,531,49,114,27,1,-1,-1
322,48,531,49,114,27,1,-1,-1
323,48,530,49,115,27,1,-1,-1
324,48,530,49,115,26,1,-1,-1
325,48,530,49,115,26,1,-1,-1
326,48,530,49,115,26,1,-1,-1
327,48,529,49,116,26,1,-1,-1
328,48,529,49,116,26,1,-1,-1
329,48,529,49,116,26,1,-1,-1
330,48,529,49,116,26,1,-1,-1
331,48,529,49,116,26,1,-1,-1
332,48,526,49,118,26,1,-1,-1
333,48,523,49,121,26,1,-1,-1
334,48,520,49,124,26,1,-1,-1
335,48,517,49,127,26,1,-1,-1
336,48,515,49,129,26,1,-1,-1
337,48,516,49,128,26,1,-1,-1
338,48,518,49,126,26,1,-1,-1
339,48,520,49,124,26,1,-1,-1
340,48,522,49,123,26,1,-1,-1
341,48,521,49,123,26,1,-1,-1
342,48,521,49,123,26,1,-1,-1
343,48,521,49,123,26,1,-1,-1
344,48,521,49,123,26,1,-1,-1
345,48,521,49,123,26,1,-1,-1
346,48,521,49,123,26,1,-1,-1
347,48,521,49,123,26,1,-1,-1
348,48,521,49,123,26,1,-1,-1
349,48,521,49,123,26,1,-1,-1
350,48,521,49,123,26,1,-1,-1
351,48,521,49,123,26,1,-1,-1
352,48,521,49,123,26,1,-1,-1
353,48,520,49,123,26,1,-1,-1
354,48,520,49,123,26,1,-1,-1
355,48,520,49,123,26,1,-1,-1
356,48,520,49,123,26,1,-1,-1
357,48,520,49,123,26,1,-1,-1
358,48,520,49,123,26,1,-1,-1
359,48,520,49,123,26,1,-1,-1
360,48,520,49,123,26,1,-1,-1
361,48,520,49,123,26,1,-1,-1
362,48,520,49,123,26,1,-1,-1
363,48,520,49,123,26,1,-1,-1
364,48,520,49,123,26,1,-1,-1
365,48,519,49,123,26,1,-1,-1
366,48,519,49,123,26,1,-1,-1
367,48,519,49,123,26,1,-1,-1
368,48,519,49,123,26,1,-1,-1
369,48,519,49,123,26,1,-1,-1
370,48,519,49,123,26,1,-1,-1
371,48,519,49,123,26,1,-1,-1
372,48,519,49,123,26,1,-1,-1
373,48,519,49,123,26,1,-1,-1
374,48,519,49,123,26,1,-1,-1
375,48,519,49,123,26,1,-1,-1
376,48,519,49,123,26,1,-1,-1
377,48,519,49,123,26,1,-1,-1
378,48,518,49,123,26,1,-1,-1
379,48,518,49,123,26,1,-1,-1
380,48,518,49,123,26,1,-1,-1
381,48,518,49,123,26,1,-1,-1
382,48,518,49,123,26,1,-1,-1
383,48,518,49,123,26,1,-1,-1
384,48,518,49,123,26,1,-1,-1
385,48,518,49,123,26,1,-1,-1
386,48,518,49,123,26,1,-1,-1
387,48,518,49,123,26,1,-1,-1
388,48,518,49,122,26,1,-1,-1
389,48,518,49,122,26,1,-1,-1
390,48,518,49,122,26,1,-1,-1
391,48,517,49,123,26,1,-1,-1
392,48,517,49,123,26,1,-1,-1
393,48,517,49,123,26,1,-1,-1
394,48,517,49,123,26,1,-1,-1
395,48,517,49,123,26,1,-1,-1
396,48,517,49,123,26,1,-1,-1
397,48,517,49,123,26,1,-1,-1
398,48,517,49,123,26,1,-1,-1
399,48,517,49,122,26,1,-1,-1
400,48,517,49,122,26,1,-1,-1
401,48,517,49,122,26,1,-1,-1
402,48,517,49,122,26,1,-1,-1
403,48,517,49,122,26,1,-1,-1
404,48,516,49,123,26,1,-1,-1
405,48,516,49,123,26,1,-1,-1
406,48,516,49,123,26,1,-1,-1
407,48,516,49,123,26,1,-1,-1
408,48,516,49,123,26,1,-1,-1
409,48,516,49,122,26,1,-1,-1
410,48,516,49,122,26,1,-1,-1
411,48,516,49,122,26,1,-1,-1
412,48,516,49,122,26,1,-1,-1
413,48,516,49,122,26,1,-1,-1
414,48,516,49,122,26,1,-1,-1
415,48,516,49,122,26,1,-1,-1
416,48,516,49,122,26,1,-1,-1
417,48,515,49,123,26,1,-1,-1
418,48,515,49,123,26,1,-1,-1
419,48,515,49,123,26,1,-1,-1
420,48,515,49,122,26,1,-1,-1
421,48,515,49,122,26,1,-1,-1
422,48,515,49,122,26,1,-1,-1
423,48,515,49,122,26,1,-1,-1
424,48,515,49,122,26,1,-1,-1
425,48,515,49,122,26,1,-1,-1
426,48,515,49,122,26,1,-1,-1
427,48,515,49,122,26,1,-1,-1
428,48,515,49,122,26,1,-1,-1
429,48,515,49,122,26,1,-1,-1
430,48,515,49,122,26,1,-1,-1
431,48,515,49,121,26,1,-1,-1
432,48,515,49,121,26,1,-1,-1
433,48,516,49,120,26,1,-1,-1
434,48,516,49,120,26,1,-1,-1
435,48,516,49,120,26,1,-1,-1
436,48,517,49,119,26,1,-1,-1
437,48,517,49,119,26,1,-1,-1
438,48,517,49,119,26,1,-1,-1
439,48,518,49,118,26,1,-1,-1
440,48,518,49,118,26,1,-1,-1
441,48,519,49,117,26,1,-1,-1
442,48,519,49,117,26,1,-1,-1
443,48,519,49,117,26,1,-1,-1
444,48,520,49,116,26,1,-1,-1
445,48,520,49,116,26,1,-1,-1
446,48,520,49,116,26,1,-1,-1
447,48,521,49,115,26,1,-1,-1
448,48,521,49,115,26,1,-1,-1
449,48,522,49,114,26,1,-1,-1
450,48,521,49,114,26,1,-1,-1
451,48,521,49,114,26,1,-1,-1
452,48,521,49,114,26,1,-1,-1
453,48,521,49,114,26,1,-1,-1
454,48,521,49,114,26,1,-1,-1
455,48,521,49,114,26,1,-1,-1
456,48,521,49,114,26,1,-1,-1
457,48,520,49,115,26,1,-1,-1
458,48,520,49,114,26,1,-1,-1
459,48,520,49,114,26,1,-1,-1
460,48,520,49,114,26,1,-1,-1
461,48,520,49,114,26,1,-1,-1
462,48,520,49,114,26,1,-1,-1
463,48,520,49,114,26,1,-1,-1
464,48,519,49,115,26,1,-1,-1
465,48,519,49,115,26,1,-1,-1
466,48,519,49,115,26,1,-1,-1
467,48,519,49,114,26,1,-1,-1
468,48,519,49,114,26,1,-1,-1
469,48,519,49,114,26,1,-1,-1
470,48,519,49,114,26,1,-1,-1
471,48,518,49,115,26,1,-1,-1
472,48,518,49,115,26,1,-1,-1
473,48,518,49,115,26,1,-1,-1
474,48,518,49,115,26,1,-1,-1
475,48,518,49,115,26,1,-1,-1
476,48,518,49,114,26,1,-1,-1
477,48,518,49,114,26,1,-1,-1
478,48,517,49,115,26,1,-1,-1
479,48,517,49,115,26,1,-1,-1
480,48,517,49,115,26,1,-1,-1
481,48,517,49,115,26,1,-1,-1
482,48,517,49,115,26,1,-1,-1
483,48,517,49,115,26,1,-1,-1
484,48,517,50,115,25,1,-1,-1
485,48,516,50,115,25,1,-1,-1
486,48,516,50,115,25,1,-1,-1
487,48,516,50,115,25,1,-1,-1
488,48,516,50,115,25,1,-1,-1
489,48,516,50,115,25,1,-1,-1
490,48,516,50,115,25,1,-1,-1
491,48,516,50,115,25,1,-1,-1
492,48,515,50,116,25,1,-1,-1
493,48,515,50,115,25,1,-1,-1
494,48,515,50,115,25,1,-1,-1
495,48,515,50,115,25,1,-1,-1
496,48,515,50,115,25,1,-1,-1
497,48,515,50,115,25,1,-1,-1
498,48,515,50,115,25,1,-1,-1
499,48,514,50,116,25,1,-1,-1
500,48,514,50,116,25,1,-1,-1
501,48,514,50,116,25,1,-1,-1
502,48,514,50,115,25,1,-1,-1
503,48,514,50,115,25,1,-1,-1
504,48,514,50,115,25,1,-1,-1
505,48,514,50,115,25,1,-1,-1
506,48,513,50,116,25,1,-1,-1
507,48,513,50,116,25,1,-1,-1
508,48,513,50,116,25,1,-1,-1
509,48,513,50,116,25,1,-1,-1
510,48,513,50,116,25,1,-1,-1
511,48,513,50,115,25,1,-1,-1
512,48,513,50,115,25,1,-1,-1
513,48,512,50,116,25,1,-1,-1
514,48,512,50,116,25,1,-1,-1
515,48,512,50,116,25,1,-1,-1
516,48,512,50,116,25,1,-1,-1
517,48,512,50,116,25,1,-1,-1
518,48,512,50,116,25,1,-1,-1
519,48,512,51,116,25,1,-1,-1
520,48,512,51,116,25,1,-1,-1
521,48,513,51,115,25,1,-1,-1
522,48,513,51,115,25,1,-1,-1
523,48,514,51,114,25,1,-1,-1
524,48,514,51,114,25,1,-1,-1
525,48,515,51,113,25,1,-1,-1
526,48,515,51,113,25,1,-1,-1
527,48,516,51,112,25,1,-1,-1
528,48,516,51,112,25,1,-1,-1
529,48,517,51,111,25,1,-1,-1
530,48,517,51,111,25,1,-1,-1
531,48,518,51,110,25,1,-1,-1
532,48,518,51,110,25,1,-1,-1
533,48,519,51,109,25,1,-1,-1
534,48,520,52,108,25,1,-1,-1
535,48,519,52,109,25,1,-1,-1
536,48,518,53,110,25,1,-1,-1
537,48,518,53,110,25,1,-1,-1
538,48,517,54,111,25,1,-1,-1
539,48,516,54,112,25,1,-1,-1
540,48,516,55,112,25,1,-1,-1
541,48,515,55,113,25,1,-1,-1
542,48,514,56,114,25,1,-1,-1
543,48,514,57,114,25,1,-1,-1
544,48,513,57,115,25,1,-1,-1
545,48,512,58,116,25,1,-1,-1
546,48,511,58,117,25,1,-1,-1
547,48,510,59,118,25,1,-1,-1
548,48,509,59,119,25,1,-1,-1
549,48,508,60,120,25,1,-1,-1
550,48,507,60,121,25,1,-1,-1
551,48,507,61,121,25,1,-1,-1
552,48,506,61,122,25,1,-1,-1
553,48,505,62,123,25,1,-1,-1
554,48,504,62,124,25,1,-1,-1
555,48,503,63,125,25,1,-1,-1
556,48,502,63,126,25,1,-1,-1
557,48,501,64,127,25,1,-1,-1
558,48,501,65,127,25,1,-1,-1
559,48,501,65,127,24,1,-1,-1
560,48,502,65,126,24,1,-1,-1
561,48,502,65,126,24,1,-1,-1
562,48,503,65,125,24,1,-1,-1
563,48,504,65,124,24,1,-1,-1
564,48,504,65,124,24,1,-1,-1
565,48,505,65,123,24,1,-1,-1
566,48,505,65,123,24,1,-1,-1
567,48,506,65,122,24,1,-1,-1
568,48,507,65,121,24,1,-1,-1
569,48,507,65,121,24,1,-1,-1
570,48,508,65,120,24,1,-1,-1
571,48,509,65,119,24,1,-1,-1
572,48,509,65,119,24,1,-1,-1
573,48,510,65,118,24,1,-1,-1
574,48,510,65,118,24,1,-1,-1
575,48,511,65,117,24,1,-1,-1
576,48,512,65,116,24,1,-1,-1
577,48,512,65,116,24,1,-1,-1
578,48,513,65,115,24,1,-1,-1
579,48,513,65,115,24,1,-1,-1
580,48,514,65,114,24,1,-1,-1
581,48,515,65,113,24,1,-1,-1
582,48,515,65,113,24,1,-1,-1
583,48,516,65,112,24,1,-1,-1
584,48,517,65,111,24,1,-1,-1
585,48,517,65,111,24,1,-1,-1
586,48,517,65,111,24,1,-1,-1
587,48,517,65,111,24,1,-1,-1
588,48,517,65,111,24,1,-1,-1
589,48,517,65,111,24,1,-1,-1
590,48,517,65,111,24,1,-1,-1
591,48,517,65,111,24,1,-1,-1
592,48,517,65,111,24,1,-1,-1
593,48,517,65,111,24,1,-1,-1
594,48,517,65,111,24,1,-1,-1
595,48,517,65,111,24,1,-1,-1
596,48,517,65,111,24,1,-1,-1
597,48,517,65,111,24,1,-1,-1
598,48,517,65,111,24,1,-1,-1
599,48,517,65,111,24,1,-1,-1
600,48,517,65,111,24,1,-1,-1
601,48,517,65,111,24,1,-1,-1
602,48,516,65,111,24,1,-1,-1
603,48,516,65,111,24,1,-1,-1
604,48,516,65,111,24,1,-1,-1
605,48,516,65,111,24,1,-1,-1
606,48,516,65,111,24,1,-1,-1
607,48,516,65,111,24,1,-1,-1
608,48,516,65,111,24,1,-1,-1
609,48,516,65,111,24,1,-1,-1
610,48,516,65,111,24,1,-1,-1
611,48,516,65,111,25,1,-1,-1
612,48,516,65,111,25,1,-1,-1
613,48,516,65,111,25,1,-1,-1
614,48,516,65,111,25,1,-1,-1
615,48,516,65,111,25,1,-1,-1
616,48,516,65,111,25,1,-1,-1
617,48,516,65,111,25,1,-1,-1
618,48,516,65,111,25,1,-1,-1
619,48,516,66,111,24,1,-1,-1
620,48,516,66,111,25,1,-1,-1
621,48,516,66,111,25,1,-1,-1
622,48,516,66,111,25,1,-1,-1
623,48,516,66,111,25,1,-1,-1
624,48,516,66,111,25,1,-1,-1
625,48,516,66,111,25,1,-1,-1
626,48,516,66,110,25,1,-1,-1
627,48,516,66,110,25,1,-1,-1
628,48,516,66,110,25,1,-1,-1
629,48,516,66,110,25,1,-1,-1
630,48,516,66,110,26,1,-1,-1
631,48,516,66,110,26,1,-1,-1
632,48,516,66,110,26,1,-1,-1
633,48,516,66,110,26,1,-1,-1
634,48,516,66,110,26,1,-1,-1
635,48,516,66,110,26,1,-1,-1
636,48,516,66,110,26,1,-1,-1
637,48,516,67,110,25,1,-1,-1
638,48,516,67,110,25,1,-1,-1
639,48,516,67,110,26,1,-1,-1
640,48,516,67,110,26,1,-1,-1
641,48,516,67,110,26,1,-1,-1
642,48,516,67,110,26,1,-1,-1
643,48,516,67,110,26,1,-1,-1
644,48,516,67,110,26,1,-1,-1
645,48,516,67,110,26,1,-1,-1
646,48,516,67,110,26,1,-1,-1
647,48,516,67,110,26,1,-1,-1
648,48,516,67,110,26,1,-1,-1
649,48,516,67,110,27,1,-1,-1
650,48,516,67,110,27,1,-1,-1
651,48,516,67,109,27,1,-1,-1
652,48,516,67,109,27,1,-1,-1
653,48,516,67,109,27,1,-1,-1
654,48,516,67,109,27,1,-1,-1
655,48,516,68,109,26,1,-1,-1
656,48,516,68,109,26,1,-1,-1
657,48,516,68,109,26,1,-1,-1
658,48,516,68,109,27,1,-1,-1
659,48,516,68,109,27,1,-1,-1
660,48,516,68,109,27,1,-1,-1
661,48,516,68,109,27,1,-1,-1
662,48,516,68,109,27,1,-1,-1
663,48,516,68,109,27,1,-1,-1
664,48,516,68,109,27,1,-1,-1
665,48,516,68,109,27,1,-1,-1
666,48,516,68,109,27,1,-1,-1
667,48,516,68,109,28,1,-1,-1
668,48,516,68,109,28,1,-1,-1
669,48,516,68,109,28,1,-1,-1
670,48,516,68,109,28,1,-1,-1
671,48,516,68,109,28,1,-1,-1
672,48,516,68,109,28,1,-1,-1
673,48,516,69,109,27,1,-1,-1
674,48,516,69,109,27,1,-1,-1
675,48,516,69,109,27,1,-1,-1
676,48,516,69,108,27,1,-1,-1
677,48,516,69,108,28,1,-1,-1
678,48,516,69,108,28,1,-1,-1
679,48,516,69,108,28,1,-1,-1
680,48,516,69,108,28,1,-1,-1
681,48,516,69,108,28,1,-1,-1
682,48,516,69,108,28,1,-1,-1
683,48,516,69,108,28,1,-1,-1
684,48,516,69,108,28,1,-1,-1
685,48,516,69,108,28,1,-1,-1
686,48,516,69,108,29,1,-1,-1
687,48,516,69,108,29,1,-1,-1
688,48,516,69,108,29,1,-1,-1
689,48,516,69,108,29,1,-1,-1
690,48,516,69,108,29,1,-1,-1
691,48,516,70,108,28,1,-1,-1
692,48,516,70,108,28,1,-1,-1
693,48,516,70,108,28,1,-1,-1
694,48,516,70,108,28,1,-1,-1
695,48,516,70,108,28,1,-1,-1
696,48,516,70,108,29,1,-1,-1
697,48,516,70,108,29,1,-1,-1
698,48,516,70,108,29,1,-1,-1
699,48,516,70,108,29,1,-1,-1
700,48,516,70,108,29,1,-1,-1
701,48,516,70,107,29,1,-1,-1
702,48,516,70,107,29,1,-1,-1
703,48,516,70,107,29,1,-1,-1
704,48,516,70,107,29,1,-1,-1
705,48,516,70,107,30,1,-1,-1
706,48,516,70,107,30,1,-1,-1
707,48,516,70,107,30,1,-1,-1
708,48,516,70,107,30,1,-1,-1
709,48,516,71,107,29,1,-1,-1
710,48,516,71,107,29,1,-1,-1
711,48,516,71,107,29,1,-1,-1
712,48,516,71,107,29,1,-1,-1
713,48,516,71,107,29,1,-1,-1
714,48,516,71,107,29,1,-1,-1
715,48,516,71,107,30,1,-1,-1
716,48,516,71,107,30,1,-1,-1
717,48,516,71,107,30,1,-1,-1
718,48,516,71,107,30,1,-1,-1
719,48,516,71,107,30,1,-1,-1
720,48,516,71,107,30,1,-1,-1
721,48,516,71,107,30,1,-1,-1
722,48,516,71,107,30,1,-1,-1
723,48,516,71,107,30,1,-1,-1
724,48,516,71,107,31,1,-1,-1
725,48,516,71,106,31,1,-1,-1
726,48,516,71,106,31,1,-1,-1
727,48,516,72,106,30,1,-1,-1
728,48,516,72,106,30,1,-1,-1
729,48,516,72,106,30,1,-1,-1
730,48,516,72,106,30,1,-1,-1
731,48,516,72,106,30,1,-1,-1
732,48,516,72,106,30,1,-1,-1
733,48,516,72,106,31,1,-1,-1
734,48,516,72,106,31,1,-1,-1
735,48,516,72,106,31,1,-1,-1
736,48,516,72,106,31,1,-1,-1
737,48,516,72,106,31,1,-1,-1
738,48,516,72,106,31,1,-1,-1
739,48,516,72,106,31,1,-1,-1
740,48,516,72,106,31,1,-1,-1
741,48,516,72,106,31,1,-1,-1
742,48,516,72,106,31,1,-1,-1
743,48,516,72,106,32,1,-1,-1
744,48,516,72,106,32,1,-1,-1
745,48,516,73,106,31,1,-1,-1
746,48,516,73,106,31,1,-1,-1
747,48,516,73,106,31,1,-1,-1
748,48,516,73,106,31,1,-1,-1
749,48,516,73,106,31,1,-1,-1
750,48,516,73,105,31,1,-1,-1
751,48,516,73,105,31,1,-1,-1
752,48,516,73,105,32,1,-1,-1
753,48,516,73,105,32,1,-1,-1
754,48,516,73,105,32,1,-1,-1
755,48,516,73,105,32,1,-1,-1
756,48,516,73,105,32,1,-1,-1
757,48,516,73,105,32,1,-1,-1
758,48,516,73,105,32,1,-1,-1
759,48,516,73,105,32,1,-1,-1
760,48,516,73,105,32,1,-1,-1
761,48,516,73,105,32,1,-1,-1
762,48,516,73,105,33,1,-1,-1
763,48,516,74,105,32,1,-1,-1
764,48,516,74,105,32,1,-1,-1
765,48,516,74,105,32,1,-1,-1
766,48,516,74,105,32,1,-1,-1
767,48,516,74,105,32,1,-1,-1
768,48,516,74,105,32,1,-1,-1
769,48,516,74,105,32,1,-1,-1
770,48,516,74,105,32,1,-1,-1
771,48,516,74,105,33,1,-1,-1
772,48,516,74,105,33,1,-1,-1
773,48,516,74,105,33,1,-1,-1
774,48,516,74,105,33,1,-1,-1
775,48,516,74,104,33,1,-1,-1
776,48,516,74,104,33,1,-1,-1
777,48,516,74,104,33,1,-1,-1
778,48,516,74,104,33,1,-1,-1
779,48,516,74,104,33,1,-1,-1
780,48,516,74,104,33,1,-1,-1
781,48,516,75,104,33,1,-1,-1
782,48,516,75,104,33,1,-1,-1
783,48,516,75,104,33,1,-1,-1
784,48,516,75,104,33,1,-1,-1
785,48,516,75,104,33,1,-1,-1
786,48,516,75,104,33,1,-1,-1
787,48,516,75,104,33,1,-1,-1
788,48,516,75,104,33,1,-1,-1
789,48,516,75,104,33,1,-1,-1
790,48,516,75,104,34,1,-1,-1
791,48,516,75,104,34,1,-1,-1
792,48,516,75,104,34,1,-1,-1
793,48,516,75,104,34,1,-1,-1
794,48,516,75,104,34,1,-1,-1
795,48,516,75,104,34,1,-1,-1
796,48,516,75,104,34,1,-1,-1
797,48,516,75,104,34,1,-1,-1
798,48,516,75,104,34,1,-1,-1
799,48,516,76,104,34,1,-1,-1
800,48,516,76,104,34,1,-1,-1
801,48,516,76,104,34,1,-1,-1
802,48,516,76,104,34,1,-1,-1
803,48,516,76,104,34,1,-1,-1
804,48,516,76,104,34,1,-1,-1
805,48,516,76,104,34,1,-1,-1
806,48,516,76,104,34,1,-1,-1
807,48,516,76,104,34,1,-1,-1
808,48,516,76,104,34,1,-1,-1
809,48,516,76,104,34,1,-1,-1
810,48,516,76,104,34,1,-1,-1
811,48,516,76,104,34,1,-1,-1
812,48,516,76,104,34,1,-1,-1
813,48,516,76,104,34,1,-1,-1
814,48,516,76,104,34,1,-1,-1
815,48,516,76,104,34,1,-1,-1
816,48,516,76,104,34,1,-1,-1
817,48,516,76,104,34,1,-1,-1
818,48,516,76,104,34,1,-1,-1
819,48,516,76,104,34,1,-1,-1
820,48,516,76,104,34,1,-1,-1
821,48,516,76,104,34,1,-1,-1
822,48,516,76,104,34,1,-1,-1
823,48,516,76,104,34,1,-1,-1
824,48,516,76,104,34,1,-1,-1
825,48,516,76,104,34,1,-1,-1
826,48,516,76,104,34,1,-1,-1
827,48,516,76,104,34,1,-1,-1
828,48,516,76,104,34,1,-1,-1
829,48,516,76,104,34,1,-1,-1
830,48,516,76,104,34,1,-1,-1
831,48,516,76,104,34,1,-1,-1
832,48,516,76,104,34,1,-1,-1
833,48,516,76,104,34,1,-1,-1
834,48,516,76,104,34,1,-1,-1
835,48,516,76,104,34,1,-1,-1
836,48,516,76,104,34,1,-1,-1
837,48,516,76,104,34,1,-1,-1
838,48,516,76,104,34,1,-1,-1
839,48,516,76,104,34,1,-1,-1
840,48,516,76,104,34,1,-1,-1
841,48,516,76,104,34,1,-1,-1
842,48,516,76,104,34,1,-1,-1
843,48,516,76,104,34,1,-1,-1
844,48,516,76,104,34,1,-1,-1
845,48,516,76,104,34,1,-1,-1
846,48,516,76,104,34,1,-1,-1
847,48,516,76,104,34,1,-1,-1
848,48,516,76,104,34,1,-1,-1
849,48,516,76,104,34,1,-1,-1
850,48,516,76,104,34,1,-1,-1
851,48,516,76,104,34,1,-1,-1
852,48,516,76,104,34,1,-1,-1
853,48,516,76,104,34,1,-1,-1
854,48,516,76,104,34,1,-1,-1
855,48,516,76,104,34,1,-1,-1
856,48,516,76,104,34,1,-1,-1
857,48,516,76,104,34,1,-1,-1
858,48,516,76,104,34,1,-1,-1
859,48,516,76,104,34,1,-1,-1
860,48,516,76,104,34,1,-1,-1
861,48,516,76,104,34,1,-1,-1
862,48,516,76,104,34,1,-1,-1
863,48,516,76,104,34,1,-1,-1
864,48,516,76,104,34,1,-1,-1
865,48,516,76,104,34,1,-1,-1
866,48,516,76,104,34,1,-1,-1
867,48,516,76,104,34,1,-1,-1
868,48,516,76,104,34,1,-1,-1
869,48,516,76,104,34,1,-1,-1
870,48,516,76,104,34,1,-1,-1
871,48,516,76,104,34,1,-1,-1
872,48,516,76,104,34,1,-1,-1
873,48,516,76,104,34,1,-1,-1
874,48,516,76,104,34,1,-1,-1
875,48,516,76,104,34,1,-1,-1
876,48,516,76,104,34,1,-1,-1
877,48,516,76,104,34,1,-1,-1
878,48,516,76,104,34,1,-1,-1
879,48,516,76,104,34,1,-1,-1
880,48,516,76,104,34,1,-1,-1
881,48,516,76,104,34,1,-1,-1
882,48,516,76,104,34,1,-1,-1
883,48,516,76,104,34,1,-1,-1
884,48,516,76,104,34,1,-1,-1
885,48,516,76,104,34,1,-1,-1
886,48,516,76,104,34,1,-1,-1
887,48,516,76,104,34,1,-1,-1
888,48,516,76,104,34,1,-1,-1
889,48,516,76,104,34,1,-1,-1
890,48,516,76,104,34,1,-1,-1
891,48,516,76,104,34,1,-1,-1
892,48,516,76,104,34,1,-1,-1
893,48,516,76,104,34,1,-1,-1
894,48,516,76,104,34,1,-1,-1
895,48,516,76,104,34,1,-1,-1
896,48,516,76,104,34,1,-1,-1
897,48,516,76,104,34,1,-1,-1
898,48,516,76,104,34,1,-1,-1
899,48,516,76,104,34,1,-1,-1
900,48,516,76,104,34,1,-1,-1
901,48,516,76,104,34,1,-1,-1
902,48,516,75,103,35,1,-1,-1
903,48,516,75,103,35,1,-1,-1
904,48,516,75,103,35,1,-1,-1
905,48,516,75,103,35,1,-1,-1
906,48,516,75,103,35,1,-1,-1
907,48,516,75,103,35,1,-1,-1
908,48,516,75,103,35,1,-1,-1
909,48,516,75,102,35,1,-1,-1
910,48,516,75,102,35,1,-1,-1
911,48,516,75,102,35,1,-1,-1
912,48,516,75,102,35,1,-1,-1
913,48,516,75,102,35,1,-1,-1
914,48,516,75,102,35,1,-1,-1
915,48,516,75,102,35,1,-1,-1
916,48,516,75,102,35,1,-1,-1
917,48,516,75,101,35,1,-1,-1
918,48,516,75,101,35,1,-1,-1
919,48,516,75,101,35,1,-1,-1
920,48,516,75,101,35,1,-1,-1
921,48,516,75,101,35,1,-1,-1
922,48,516,75,101,35,1,-1,-1
923,48,516,75,101,35,1,-1,-1
924,48,516,75,101,35,1,-1,-1
925,48,516,75,100,35,1,-1,-1
926,48,516,75,100,35,1,-1,-1
927,48,516,75,100,35,1,-1,-1
928,48,516,75,100,35,1,-1,-1
929,48,516,75,100,35,1,-1,-1
930,48,516,75,100,35,1,-1,-1
931,48,517,75,99,35,1,-1,-1
932,48,517,75,99,35,1,-1,-1
933,48,517,75,98,35,1,-1,-1
934,48,517,75,98,35,1,-1,-1
935,48,517,75,98,35,1,-1,-1
936,48,517,75,98,35,1,-1,-1
937,48,517,75,98,35,1,-1,-1
938,48,517,75,98,35,1,-1,-1
939,48,517,75,98,35,1,-1,-1
940,48,517,75,98,35,1,-1,-1
941,48,517,75,97,35,1,-1,-1
942,48,517,75,97,35,1,-1,-1
943,48,517,75,97,35,1,-1,-1
944,48,517,75,97,35,1,-1,-1
945,48,517,75,97,35,1,-1,-1
946,48,517,75,97,35,1,-1,-1
947,48,517,75,97,35,1,-1,-1
948,48,517,75,97,35,1,-1,-1
949,48,517,75,96,35,1,-1,-1
950,48,517,75,96,35,1,-1,-1
951,48,517,74,96,37,1,-1,-1
952,48,517,74,96,37,1,-1,-1
953,48,517,74,96,37,1,-1,-1
954,48,517,74,96,37,1,-1,-1
955,48,517,74,96,37,1,-1,-1
956,48,517,74,95,37,1,-1,-1
957,48,517,74,95,37,1,-1,-1
958,48,517,74,95,37,1,-1,-1
959,48,517,74,95,37,1,-1,-1
960,48,517,74,95,37,1,-1,-1
961,48,518,74,94,37,1,-1,-1
962,48,518,74,94,37,1,-1,-1
963,48,518,74,94,37,1,-1,-1
964,48,518,74,93,37,1,-1,-1
965,48,518,74,93,37,1,-1,-1
966,48,518,74,93,37,1,-1,-1
967,48,518,74,93,37,1,-1,-1
968,48,518,74,93,37,1,-1,-1
969,48,518,74,93,37,1,-1,-1
970,48,518,74,93,37,1,-1,-1
971,48,518,74,93,37,1,-1,-1
972,48,518,74,92,37,1,-1,-1
973,48,518,74,92,37,1,-1,-1
974,48,518,74,92,37,1,-1,-1
975,48,518,74,92,37,1,-1,-1
976,48,518,74,92,37,1,-1,-1
977,48,518,74,92,37,1,-1,-1
978,48,518,74,92,37,1,-1,-1
979,48,518,74,92,37,1,-1,-1
980,48,518,74,91,37,1,-1,-1
981,48,518,74,91,37,1,-1,-1
982,48,518,74,91,37,1,-1,-1
983,48,518,74,91,37,1,-1,-1
984,48,518,74,91,37,1,-1,-1
985,48,518,74,91,37,1,-1,-1
986,48,518,74,91,37,1,-1,-1
987,48,518,74,91,37,1,-1,-1
988,48,518,74,90,37,1,-1,-1
989,48,518,74,90,37,1,-1,-1
990,48,518,74,90,37,1,-1,-1
991,48,519,74,89,37,1,-1,-1
992,48,519,74,89,37,1,-1,-1
993,48,519,74,89,37,1,-1,-1
994,48,519,74,89,37,1,-1,-1
995,48,519,74,89,37,1,-1,-1
996,48,519,74,88,37,1,-1,-1
997,48,519,74,88,37,1,-1,-1
998,48,519,74,88,37,1,-1,-1
999,48,519,74,88,37,1,-1,-1
1000,48,519,74,88,37,1,-1,-1
1001,48,519,73,88,39,1,-1,-1
1002,48,519,73,88,39,1,-1,-1
1003,48,519,73,87,39,1,-1,-1
1004,48,519,73,87,39,1,-1,-1
1005,48,519,73,87,39,1,-1,-1
1006,48,519,73,87,39,1,-1,-1
1007,48,519,73,87,39,1,-1,-1
1008,48,519,73,87,39,1,-1,-1
1009,48,519,73,87,39,1,-1,-1
1010,48,519,73,87,39,1,-1,-1
1011,48,519,73,86,39,1,-1,-1
1012,48,519,73,86,39,1,-1,-1
1013,48,519,73,86,39,1,-1,-1
1014,48,519,73,86,39,1,-1,-1
1015,48,519,73,86,39,1,-1,-1
1016,48,519,73,86,39,1,-1,-1
1017,48,519,73,86,39,1,-1,-1
1018,48,519,73,86,39,1,-1,-1
1019,48,519,73,85,39,1,-1,-1
1020,48,519,73,85,39,1,-1,-1
1021,48,520,73,84,39,1,-1,-1
1022,48,520,73,84,39,1,-1,-1
1023,48,520,73,84,39,1,-1,-1
1024,48,520,73,84,39,1,-1,-1
1025,48,520,73,84,39,1,-1,-1
1026,48,520,73,84,39,1,-1,-1
1027,48,520,73,83,39,1,-1,-1
1028,48,520,73,83,39,1,-1,-1
1029,48,520,73,83,39,1,-1,-1
1030,48,520,73,83,39,1,-1,-1
1031,48,520,73,83,39,1,-1,-1
1032,48,520,73,83,39,1,-1,-1
1033,48,520,73,83,39,1,-1,-1
1034,48,520,73,83,39,1,-1,-1
1035,48,520,73,82,39,1,-1,-1
1036,48,520,73,82,39,1,-1,-1
1037,48,520,73,82,39,1,-1,-1
1038,48,520,73,82,39,1,-1,-1
1039,48,520,73,82,39,1,-1,-1
1040,48,520,73,82,39,1,-1,-1
1041,48,520,73,82,39,1,-1,-1
1042,48,520,73,82,39,1,-1,-1
1043,48,520,73,81,39,1,-1,-1
1044,48,520,73,81,39,1,-1,-1
1045,48,520,73,81,39,1,-1,-1
1046,48,520,73,81,39,1,-1,-1
1047,48,520,73,81,39,1,-1,-1
1048,48,520,73,81,39,1,-1,-1
1049,48,520,73,81,39,1,-1,-1
1050,48,521,73,80,40,1,-1,-1
601,64,642,67,148,47,1,-1,-1
602,64,642,67,148,47,1,-1,-1
603,64,642,67,148,47,1,-1,-1
604,64,642,67,147,47,1,-1,-1
605,64,642,67,147,47,1,-1,-1
606,64,642,67,147,47,1,-1,-1
607,64,642,67,147,47,1,-1,-1
608,64,642,67,147,47,1,-1,-1
609,64,642,67,147,47,1,-1,-1
610,64,642,67,147,47,1,-1,-1
611,64,642,67,147,47,1,-1,-1
612,64,642,67,147,47,1,-1,-1
613,64,642,67,147,47,1,-1,-1
614,64,642,67,147,47,1,-1,-1
615,64,642,67,147,47,1,-1,-1
616,64,642,67,147,47,1,-1,-1
617,64,642,67,147,47,1,-1,-1
618,64,642,67,147,47,1,-1,-1
619,64,642,67,147,47,1,-1,-1
620,64,642,67,146,47,1,-1,-1
621,64,642,67,146,47,1,-1,-1
622,64,642,67,146,47,1,-1,-1
623,64,642,67,146,47,1,-1,-1
624,64,642,67,146,47,1,-1,-1
625,64,642,67,146,47,1,-1,-1
626,64,642,67,146,47,1,-1,-1
627,64,642,67,146,47,1,-1,-1
628,64,642,67,146,47,1,-1,-1
629,64,642,67,146,47,1,-1,-1
630,64,642,67,146,47,1,-1,-1
631,64,642,67,146,47,1,-1,-1
632,64,642,67,146,47,1,-1,-1
633,64,642,67,146,47,1,-1,-1
634,64,642,67,146,47,1,-1,-1
635,64,642,67,146,47,1,-1,-1
636,64,642,67,145,47,1,-1,-1
637,64,642,67,145,47,1,-1,-1
638,64,642,67,145,47,1,-1,-1
639,64,642,67,145,47,1,-1,-1
640,64,642,67,145,47,1,-1,-1
641,64,642,67,145,47,1,-1,-1
642,64,642,67,145,47,1,-1,-1
643,64,642,67,145,47,1,-1,-1
644,64,642,67,145,47,1,-1,-1
645,64,642,67,145,47,1,-1,-1
646,64,642,67,145,47,1,-1,-1
647,64,642,67,145,47,1,-1,-1
648,64,642,67,145,47,1,-1,-1
649,64,642,67,145,47,1,-1,-1
650,64,642,67,145,47,1,-1,-1
651,64,642,67,145,47,1,-1,-1
652,64,642,67,145,48,1,-1,-1
653,64,641,66,145,49,1,-1,-1
654,64,641,66,145,49,1,-1,-1
655,64,641,66,145,49,1,-1,-1
656,64,641,66,145,49,1,-1,-1
657,64,641,66,145,50,1,-1,-1
658,64,641,66,145,50,1,-1,-1
659,64,641,66,145,50,1,-1,-1
660,64,641,66,145,50,1,-1,-1
661,64,641,66,145,50,1,-1,-1
662,64,641,66,145,51,1,-1,-1
663,64,641,66,145,51,1,-1,-1
664,64,641,66,145,51,1,-1,-1
665,64,641,66,145,51,1,-1,-1
666,64,641,66,145,52,1,-1,-1
667,64,641,66,145,52,1,-1,-1
668,64,641,66,145,52,1,-1,-1
669,64,641,66,145,52,1,-1,-1
670,64,641,66,145,52,1,-1,-1
671,64,641,66,145,53,1,-1,-1
672,64,641,66,145,53,1,-1,-1
673,64,641,66,145,53,1,-1,-1
674,64,641,66,145,53,1,-1,-1
675,64,641,66,145,53,1,-1,-1
676,64,641,66,145,54,1,-1,-1
677,64,641,66,145,54,1,-1,-1
678,64,641,66,145,54,1,-1,-1
679,64,641,66,145,54,1,-1,-1
680,64,641,66,145,55,1,-1,-1
681,64,641,66,145,55,1,-1,-1
682,64,641,66,145,55,1,-1,-1
683,64,641,66,145,55,1,-1,-1
684,64,641,66,145,55,1,-1,-1
685,64,641,66,145,56,1,-1,-1
686,64,641,66,145,56,1,-1,-1
687,64,641,66,145,56,1,-1,-1
688,64,641,66,145,56,1,-1,-1
689,64,641,66,145,56,1,-1,-1
690,64,641,66,145,57,1,-1,-1
691,64,641,66,145,57,1,-1,-1
692,64,641,66,145,57,1,-1,-1
693,64,641,66,145,57,1,-1,-1
694,64,641,66,145,58,1,-1,-1
695,64,641,66,145,58,1,-1,-1
696,64,641,66,145,58,1,-1,-1
697,64,641,66,145,58,1,-1,-1
698,64,641,66,145,58,1,-1,-1
699,64,641,66,145,59,1,-1,-1
700,64,641,66,145,59,1,-1,-1
701,64,641,66,145,59,1,-1,-1
702,64,641,66,145,59,1,-1,-1
703,64,641,66,145,60,1,-1,-1
704,64,641,65,144,61,1,-1,-1
705,64,641,65,144,61,1,-1,-1
706,64,641,65,144,61,1,-1,-1
707,64,641,65,144,61,1,-1,-1
708,64,641,65,144,62,1,-1,-1
709,64,641,65,144,62,1,-1,-1
710,64,641,65,144,62,1,-1,-1
711,64,641,65,144,62,1,-1,-1
712,64,641,65,144,62,1,-1,-1
713,64,641,65,144,63,1,-1,-1
714,64,641,65,144,63,1,-1,-1
715,64,641,65,144,63,1,-1,-1
716,64,641,65,144,63,1,-1,-1
717,64,641,65,144,64,1,-1,-1
718,64,641,65,144,64,1,-1,-1
719,64,641,65,144,64,1,-1,-1
720,64,641,65,144,64,1,-1,-1
721,64,641,65,144,64,1,-1,-1
722,64,641,65,144,65,1,-1,-1
723,64,641,65,144,65,1,-1,-1
724,64,641,65,144,65,1,-1,-1
725,64,641,65,144,65,1,-1,-1
726,64,641,65,144,65,1,-1,-1
727,64,641,65,144,66,1,-1,-1
728,64,641,65,144,66,1,-1,-1
729,64,641,65,144,66,1,-1,-1
730,64,641,65,144,66,1,-1,-1
731,64,641,65,144,67,1,-1,-1
732,64,641,65,144,67,1,-1,-1
733,64,641,65,144,67,1,-1,-1
734,64,641,65,144,67,1,-1,-1
735,64,641,65,144,67,1,-1,-1
736,64,641,65,144,68,1,-1,-1
737,64,641,65,144,68,1,-1,-1
738,64,641,65,144,68,1,-1,-1
739,64,641,65,144,68,1,-1,-1
740,64,641,65,144,68,1,-1,-1
741,64,641,65,144,69,1,-1,-1
742,64,641,65,144,69,1,-1,-1
743,64,641,65,144,69,1,-1,-1
744,64,641,65,144,69,1,-1,-1
745,64,641,65,144,70,1,-1,-1
746,64,641,65,144,70,1,-1,-1
747,64,641,65,144,70,1,-1,-1
748,64,641,65,144,70,1,-1,-1
749,64,641,65,144,70,1,-1,-1
750,64,641,65,144,71,1,-1,-1
751,64,641,65,144,71,1,-1,-1
752,64,641,65,144,71,1,-1,-1
753,64,641,65,144,71,1,-1,-1
754,64,641,65,144,72,1,-1,-1
755,64,641,65,143,71,1,-1,-1
756,64,641,65,143,71,1,-1,-1
757,64,641,65,143,71,1,-1,-1
758,64,641,65,143,71,1,-1,-1
759,64,641,65,143,71,1,-1,-1
760,64,641,65,143,71,1,-1,-1
761,64,641,65,143,71,1,-1,-1
762,64,641,65,143,71,1,-1,-1
763,64,641,65,143,71,1,-1,-1
764,64,641,65,143,70,1,-1,-1
765,64,641,65,143,70,1,-1,-1
766,64,641,65,143,70,1,-1,-1
767,64,641,65,143,70,1,-1,-1
768,64,641,65,143,70,1,-1,-1
769,64,641,65,143,70,1,-1,-1
770,64,641,65,143,70,1,-1,-1
771,64,641,65,143,70,1,-1,-1
772,64,641,65,143,70,1,-1,-1
773,64,641,65,143,70,1,-1,-1
774,64,641,65,143,69,1,-1,-1
775,64,641,65,143,69,1,-1,-1
776,64,641,65,143,69,1,-1,-1
777,64,641,65,143,69,1,-1,-1
778,64,641,65,143,69,1,-1,-1
779,64,641,65,143,69,1,-1,-1
780,64,641,65,143,69,1,-1,-1
781,64,641,65,143,69,1,-1,-1
782,64,641,65,143,69,1,-1,-1
783,64,641,65,143,68,1,-1,-1
784,64,641,65,143,68,1,-1,-1
785,64,641,65,143,68,1,-1,-1
786,64,641,65,143,68,1,-1,-1
787,64,641,65,143,68,1,-1,-1
788,64,641,65,143,68,1,-1,-1
789,64,641,65,143,68,1,-1,-1
790,64,641,65,143,68,1,-1,-1
791,64,641,65,143,68,1,-1,-1
792,64,641,65,143,68,1,-1,-1
793,64,641,65,143,67,1,-1,-1
794,64,641,65,143,67,1,-1,-1
795,64,641,65,143,67,1,-1,-1
796,64,641,65,143,67,1,-1,-1
797,64,641,65,143,67,1,-1,-1
798,64,641,65,143,67,1,-1,-1
799,64,641,65,143,67,1,-1,-1
800,64,641,65,143,67,1,-1,-1
801,64,641,65,143,67,1,-1,-1
802,64,641,65,143,66,1,-1,-1
803,64,641,65,143,66,1,-1,-1
804,64,641,65,143,66,1,-1,-1
805,64,641,65,143,66,1,-1,-1
806,64,641,65,143,66,1,-1,-1
807,64,641,65,143,66,1,-1,-1
808,64,641,65,143,66,1,-1,-1
809,64,641,65,143,66,1,-1,-1
810,64,641,65,143,66,1,-1,-1
811,64,641,65,143,66,1,-1,-1
812,64,641,65,143,66,1,-1,-1
813,64,641,65,143,66,1,-1,-1
814,64,641,65,143,66,1,-1,-1
815,64,641,65,143,66,1,-1,-1
816,64,641,65,143,66,1,-1,-1
817,64,641,65,143,66,1,-1,-1
818,64,641,65,143,66,1,-1,-1
819,64,641,65,143,66,1,-1,-1
820,64,641,65,143,66,1,-1,-1
821,64,641,65,143,66,1,-1,-1
822,64,641,65,143,66,1,-1,-1
823,64,641,65,143,66,1,-1,-1
824,64,641,65,143,66,1,-1,-1
825,64,641,65,143,66,1,-1,-1
826,64,641,65,143,66,1,-1,-1
827,64,641,65,143,66,1,-1,-1
828,64,641,65,143,66,1,-1,-1
829,64,641,65,143,66,1,-1,-1
830,64,641,65,143,66,1,-1,-1
831,64,641,65,143,66,1,-1,-1
832,64,641,65,143,66,1,-1,-1
833,64,641,65,143,66,1,-1,-1
834,64,641,65,143,66,1,-1,-1
835,64,641,65,143,66,1,-1,-1
836,64,641,65,143,66,1,-1,-1
837,64,641,65,143,66,1,-1,-1
838,64,641,65,143,66,1,-1,-1
839,64,641,65,143,66,1,-1,-1
840,64,641,65,143,66,1,-1,-1
841,64,641,65,143,66,1,-1,-1
842,64,641,65,143,66,1,-1,-1
843,64,641,65,143,66,1,-1,-1
844,64,641,65,143,66,1,-1,-1
845,64,641,65,143,66,1,-1,-1
846,64,641,65,143,66,1,-1,-1
847,64,641,65,143,66,1,-1,-1
848,64,641,65,143,66,1,-1,-1
849,64,641,65,143,66,1,-1,-1
850,64,641,65,143,66,1,-1,-1
851,64,641,65,143,66,1,-1,-1
852,64,641,65,143,66,1,-1,-1
853,64,641,65,143,66,1,-1,-1
854,64,641,65,143,66,1,-1,-1
855,64,641,65,143,66,1,-1,-1
856,64,641,65,143,66,1,-1,-1
857,64,641,65,143,66,1,-1,-1
858,64,641,65,143,66,1,-1,-1
859,64,641,65,143,66,1,-1,-1
860,64,641,65,143,66,1,-1,-1
861,64,641,65,143,66,1,-1,-1
862,64,641,65,143,66,1,-1,-1
863,64,641,65,143,66,1,-1,-1
864,64,641,65,143,66,1,-1,-1
865,64,641,65,143,66,1,-1,-1
866,64,641,65,143,66,1,-1,-1
867,64,641,65,143,66,1,-1,-1
868,64,641,65,143,66,1,-1,-1
869,64,641,65,143,66,1,-1,-1
870,64,641,65,143,66,1,-1,-1
871,64,641,65,143,66,1,-1,-1
872,64,641,65,143,66,1,-1,-1
873,64,641,65,143,66,1,-1,-1
874,64,641,65,143,66,1,-1,-1
875,64,641,65,143,66,1,-1,-1
876,64,641,65,143,66,1,-1,-1
877,64,641,65,143,66,1,-1,-1
878,64,641,65,143,66,1,-1,-1
879,64,641,65,143,66,1,-1,-1
880,64,641,65,143,66,1,-1,-1
881,64,641,65,143,66,1,-1,-1
882,64,641,65,143,66,1,-1,-1
883,64,641,65,143,66,1,-1,-1
884,64,641,65,143,66,1,-1,-1
885,64,641,65,143,66,1,-1,-1
886,64,641,65,143,66,1,-1,-1
887,64,641,65,143,66,1,-1,-1
888,64,641,65,143,66,1,-1,-1
889,64,641,65,143,66,1,-1,-1
890,64,641,65,143,66,1,-1,-1
891,64,641,65,143,66,1,-1,-1
892,64,641,65,143,66,1,-1,-1
893,64,641,65,143,66,1,-1,-1
894,64,641,65,143,66,1,-1,-1
895,64,641,65,143,66,1,-1,-1
896,64,641,65,143,66,1,-1,-1
897,64,641,65,143,66,1,-1,-1
898,64,641,65,143,66,1,-1,-1
899,64,641,65,143,66,1,-1,-1
900,64,641,65,143,66,1,-1,-1
901,64,641,65,143,66,1,-1,-1
902,64,641,65,143,66,1,-1,-1
903,64,641,65,143,66,1,-1,-1
904,64,641,65,143,66,1,-1,-1
905,64,641,65,143,66,1,-1,-1
906,64,641,65,143,66,1,-1,-1
907,64,641,65,143,66,1,-1,-1
908,64,641,65,143,66,1,-1,-1
909,64,641,65,143,66,1,-1,-1
910,64,641,65,143,66,1,-1,-1
911,64,641,65,143,66,1,-1,-1
912,64,641,65,143,66,1,-1,-1
913,64,641,65,143,66,1,-1,-1
914,64,641,65,143,66,1,-1,-1
915,64,641,65,143,66,1,-1,-1
916,64,641,65,143,66,1,-1,-1
917,64,641,65,143,66,1,-1,-1
918,64,641,65,143,66,1,-1,-1
919,64,641,65,143,66,1,-1,-1
920,64,641,65,143,66,1,-1,-1
921,64,641,65,143,66,1,-1,-1
922,64,641,65,143,66,1,-1,-1
901,65,773,153,210,118,1,-1,-1
902,65,773,153,210,118,1,-1,-1
903,65,773,153,210,118,1,-1,-1
904,65,773,153,210,118,1,-1,-1
905,65,773,153,210,118,1,-1,-1
906,65,773,153,211,119,1,-1,-1
907,65,773,153,211,119,1,-1,-1
908,65,773,153,211,120,1,-1,-1
909,65,773,153,212,120,1,-1,-1
910,65,773,153,212,120,1,-1,-1
911,65,773,153,213,121,1,-1,-1
912,65,773,153,213,121,1,-1,-1
913,65,773,153,213,122,1,-1,-1
914,65,773,153,214,122,1,-1,-1
915,65,773,153,214,123,1,-1,-1
916,65,773,153,214,123,1,-1,-1
917,65,773,153,215,123,1,-1,-1
918,65,773,153,215,124,1,-1,-1
919,65,773,153,216,124,1,-1,-1
920,65,773,153,216,125,1,-1,-1
921,65,773,153,216,125,1,-1,-1
922,65,773,153,217,126,1,-1,-1
923,65,773,153,217,126,1,-1,-1
924,65,773,153,217,126,1,-1,-1
925,65,773,153,218,127,1,-1,-1
926,65,773,153,218,127,1,-1,-1
927,65,773,153,219,128,1,-1,-1
928,65,773,153,219,128,1,-1,-1
929,65,773,153,219,128,1,-1,-1
930,65,773,153,220,129,1,-1,-1
931,65,773,153,220,129,1,-1,-1
932,65,773,153,221,130,1,-1,-1
933,65,773,153,221,130,1,-1,-1
934,65,773,153,221,131,1,-1,-1
935,65,773,153,222,131,1,-1,-1
936,65,773,153,222,131,1,-1,-1
937,65,773,153,222,132,1,-1,-1
938,65,773,153,223,132,1,-1,-1
939,65,773,153,223,133,1,-1,-1
940,65,773,153,224,133,1,-1,-1
941,65,773,153,224,134,1,-1,-1
942,65,773,153,224,134,1,-1,-1
943,65,773,153,225,134,1,-1,-1
944,65,773,153,225,135,1,-1,-1
945,65,773,153,225,135,1,-1,-1
946,65,773,153,226,136,1,-1,-1
947,65,773,153,226,136,1,-1,-1
948,65,773,153,227,137,1,-1,-1
949,65,773,153,227,137,1,-1,-1
950,65,773,153,227,137,1,-1,-1
951,65,773,153,228,138,1,-1,-1
952,65,773,153,228,138,1,-1,-1
953,65,773,153,229,139,1,-1,-1
954,65,773,153,229,139,1,-1,-1
955,65,773,153,229,139,1,-1,-1
956,65,773,153,230,140,1,-1,-1
957,65,773,153,230,140,1,-1,-1
958,65,773,153,230,141,1,-1,-1
959,65,773,153,231,141,1,-1,-1
960,65,773,153,231,142,1,-1,-1
961,65,773,153,232,142,1,-1,-1
962,65,773,153,232,142,1,-1,-1
963,65,773,153,232,143,1,-1,-1
964,65,773,153,233,143,1,-1,-1
965,65,773,153,233,144,1,-1,-1
966,65,773,153,233,144,1,-1,-1
967,65,773,153,234,145,1,-1,-1
968,65,773,153,234,145,1,-1,-1
969,65,773,153,235,145,1,-1,-1
970,65,773,153,235,146,1,-1,-1
971,65,773,153,235,146,1,-1,-1
972,65,773,153,236,147,1,-1,-1
973,65,773,153,236,147,1,-1,-1
974,65,773,153,237,148,1,-1,-1
975,65,773,153,237,148,1,-1,-1
976,65,773,153,237,148,1,-1,-1
977,65,773,153,237,148,1,-1,-1
978,65,773,153,237,148,1,-1,-1
979,65,773,153,237,148,1,-1,-1
980,65,773,153,237,148,1,-1,-1
981,65,773,153,237,148,1,-1,-1
982,65,773,153,237,148,1,-1,-1
983,65,773,153,237,148,1,-1,-1
984,65,773,153,237,148,1,-1,-1
985,65,773,153,237,148,1,-1,-1
986,65,773,153,237,148,1,-1,-1
987,65,773,153,237,148,1,-1,-1
988,65,773,153,237,148,1,-1,-1
989,65,773,153,237,148,1,-1,-1
990,65,773,153,237,148,1,-1,-1
991,65,773,153,237,148,1,-1,-1
992,65,773,153,237,148,1,-1,-1
993,65,773,153,237,148,1,-1,-1
994,65,773,153,237,148,1,-1,-1
995,65,773,153,237,148,1,-1,-1
996,65,773,153,237,148,1,-1,-1
997,65,773,153,237,148,1,-1,-1
998,65,773,153,237,148,1,-1,-1
999,65,773,153,237,148,1,-1,-1
1000,65,773,153,237,148,1,-1,-1
1001,65,773,153,237,148,1,-1,-1
1002,65,773,153,237,148,1,-1,-1
1003,65,773,153,237,148,1,-1,-1
1004,65,773,153,237,148,1,-1,-1
1005,65,773,153,237,148,1,-1,-1
1006,65,773,153,237,148,1,-1,-1
1007,65,773,153,237,148,1,-1,-1
1008,65,773,153,237,148,1,-1,-1
1009,65,773,153,237,148,1,-1,-1
1010,65,773,153,237,148,1,-1,-1
1011,65,773,153,237,148,1,-1,-1
1012,65,773,153,237,148,1,-1,-1
1013,65,773,153,237,148,1,-1,-1
1014,65,773,153,237,148,1,-1,-1
1015,65,773,153,237,148,1,-1,-1
1016,65,773,153,237,148,1,-1,-1
1017,65,773,153,237,148,1,-1,-1
1018,65,773,153,237,148,1,-1,-1
1019,65,773,153,237,148,1,-1,-1
1020,65,773,153,237,148,1,-1,-1
1021,65,773,153,237,148,1,-1,-1
1022,65,773,153,237,148,1,-1,-1
1023,65,773,153,237,148,1,-1,-1
1024,65,773,153,237,148,1,-1,-1
1025,65,773,153,237,148,1,-1,-1
1026,65,773,153,237,148,1,-1,-1
1027,65,773,153,237,148,1,-1,-1
1028,65,773,153,237,148,1,-1,-1
1029,65,773,153,237,148,1,-1,-1
1030,65,773,153,237,148,1,-1,-1
1031,65,773,153,237,148,1,-1,-1
1032,65,773,153,237,148,1,-1,-1
1033,65,773,153,237,148,1,-1,-1
1034,65,773,153,237,148,1,-1,-1
1035,65,773,153,237,148,1,-1,-1
1036,65,773,153,237,148,1,-1,-1
1037,65,773,153,237,148,1,-1,-1
1038,65,773,153,237,148,1,-1,-1
1039,65,773,153,237,148,1,-1,-1
1040,65,773,153,237,148,1,-1,-1
1041,65,773,153,237,148,1,-1,-1
1042,65,773,153,237,148,1,-1,-1
1043,65,773,153,237,148,1,-1,-1
1044,65,773,153,237,148,1,-1,-1
1045,65,773,153,237,148,1,-1,-1
1046,65,773,153,237,148,1,-1,-1
1047,65,773,153,237,148,1,-1,-1
1048,65,773,153,237,148,1,-1,-1
1049,65,773,153,237,148,1,-1,-1
1050,65,773,153,237,148,1,-1,-1
601,67,794,110,186,72,1,-1,-1
602,67,794,110,186,72,1,-1,-1
603,67,794,110,186,72,1,-1,-1
604,67,793,110,187,71,1,-1,-1
605,67,793,110,187,71,1,-1,-1
606,67,793,110,187,71,1,-1,-1
607,67,793,110,187,71,1,-1,-1
608,67,793,110,187,71,1,-1,-1
609,67,793,110,187,71,1,-1,-1
610,67,793,110,187,71,1,-1,-1
611,67,793,110,187,71,1,-1,-1
612,67,793,110,187,71,1,-1,-1
613,67,793,110,187,71,1,-1,-1
614,67,793,110,187,71,1,-1,-1
615,67,793,110,187,71,1,-1,-1
616,67,793,110,187,71,1,-1,-1
617,67,793,110,187,71,1,-1,-1
618,67,793,110,187,71,1,-1,-1
619,67,793,110,187,71,1,-1,-1
620,67,793,110,187,71,1,-1,-1
621,67,793,110,187,71,1,-1,-1
622,67,792,110,188,71,1,-1,-1
623,67,792,110,188,71,1,-1,-1
624,67,792,110,188,71,1,-1,-1
625,67,792,110,188,71,1,-1,-1
626,67,792,110,188,71,1,-1,-1
627,67,792,110,188,71,1,-1,-1
628,67,792,110,188,71,1,-1,-1
629,67,792,110,188,71,1,-1,-1
630,67,792,110,188,71,1,-1,-1
631,67,792,110,188,71,1,-1,-1
632,67,792,110,188,71,1,-1,-1
633,67,792,110,188,71,1,-1,-1
634,67,792,110,188,71,1,-1,-1
635,67,792,110,188,71,1,-1,-1
636,67,792,110,188,71,1,-1,-1
637,67,792,110,188,71,1,-1,-1
638,67,792,110,188,71,1,-1,-1
639,67,792,110,188,71,1,-1,-1
640,67,792,110,188,71,1,-1,-1
641,67,791,110,189,71,1,-1,-1
642,67,791,110,189,71,1,-1,-1
643,67,791,110,189,71,1,-1,-1
644,67,791,110,189,71,1,-1,-1
645,67,791,110,189,71,1,-1,-1
646,67,791,110,189,71,1,-1,-1
647,67,791,110,189,71,1,-1,-1
648,67,791,110,189,71,1,-1,-1
649,67,791,110,189,71,1,-1,-1
650,67,791,110,189,71,1,-1,-1
651,67,791,110,189,71,1,-1,-1
652,67,791,110,189,71,1,-1,-1
653,67,791,110,189,71,1,-1,-1
654,67,791,110,189,71,1,-1,-1
655,67,791,110,189,71,1,-1,-1
656,67,791,110,189,71,1,-1,-1
657,67,791,110,189,71,1,-1,-1
658,67,791,110,189,71,1,-1,-1
659,67,791,110,189,71,1,-1,-1
660,67,790,110,190,71,1,-1,-1
661,67,790,110,190,71,1,-1,-1
662,67,790,110,190,71,1,-1,-1
663,67,790,110,190,71,1,-1,-1
664,67,790,110,190,71,1,-1,-1
665,67,790,110,190,71,1,-1,-1
666,67,790,110,190,71,1,-1,-1
667,67,790,110,190,71,1,-1,-1
668,67,790,110,190,71,1,-1,-1
669,67,790,110,190,71,1,-1,-1
670,67,790,110,190,71,1,-1,-1
671,67,790,110,190,71,1,-1,-1
672,67,790,110,190,71,1,-1,-1
673,67,790,110,190,71,1,-1,-1
674,67,790,110,190,71,1,-1,-1
675,67,790,110,190,71,1,-1,-1
676,67,790,110,190,71,1,-1,-1
677,67,790,110,190,71,1,-1,-1
678,67,790,110,190,71,1,-1,-1
679,67,789,110,191,70,1,-1,-1
680,67,789,110,191,70,1,-1,-1
681,67,789,110,191,70,1,-1,-1
682,67,789,110,191,70,1,-1,-1
683,67,789,110,191,70,1,-1,-1
684,67,789,110,191,70,1,-1,-1
685,67,789,110,191,70,1,-1,-1
686,67,789,110,191,70,1,-1,-1
687,67,789,110,191,70,1,-1,-1
688,67,789,110,191,70,1,-1,-1
689,67,789,110,191,70,1,-1,-1
690,67,789,110,191,70,1,-1,-1
691,67,789,110,191,70,1,-1,-1
692,67,789,110,191,70,1,-1,-1
693,67,789,110,191,70,1,-1,-1
694,67,789,110,191,70,1,-1,-1
695,67,789,110,191,70,1,-1,-1
696,67,789,110,191,70,1,-1,-1
697,67,789,110,191,70,1,-1,-1
698,67,788,110,192,70,1,-1,-1
699,67,788,110,192,70,1,-1,-1
700,67,788,110,192,70,1,-1,-1
701,67,788,110,192,70,1,-1,-1
702,67,788,110,192,70,1,-1,-1
703,67,788,110,192,70,1,-1,-1
704,67,788,110,192,70,1,-1,-1
705,67,788,110,192,70,1,-1,-1
706,67,788,110,192,70,1,-1,-1
707,67,788,110,192,70,1,-1,-1
708,67,788,110,192,70,1,-1,-1
709,67,788,110,192,70,1,-1,-1
710,67,788,110,192,70,1,-1,-1
711,67,788,110,192,70,1,-1,-1
712,67,788,110,192,70,1,-1,-1
713,67,788,110,192,70,1,-1,-1
714,67,788,110,192,70,1,-1,-1
715,67,788,110,192,70,1,-1,-1
716,67,788,110,192,70,1,-1,-1
717,67,787,110,193,70,1,-1,-1
718,67,787,110,193,70,1,-1,-1
719,67,787,110,193,70,1,-1,-1
720,67,787,110,193,70,1,-1,-1
721,67,787,110,193,70,1,-1,-1
722,67,787,110,193,70,1,-1,-1
723,67,787,110,193,70,1,-1,-1
724,67,787,110,193,70,1,-1,-1
725,67,787,110,193,70,1,-1,-1
726,67,787,110,193,70,1,-1,-1
727,67,787,110,193,70,1,-1,-1
728,67,787,110,193,70,1,-1,-1
729,67,787,110,193,70,1,-1,-1
730,67,787,110,193,70,1,-1,-1
731,67,787,110,193,70,1,-1,-1
732,67,787,110,193,70,1,-1,-1
733,67,787,110,193,70,1,-1,-1
734,67,787,110,193,70,1,-1,-1
735,67,787,110,193,70,1,-1,-1
736,67,786,110,194,70,1,-1,-1
737,67,786,110,194,70,1,-1,-1
738,67,786,110,194,70,1,-1,-1
739,67,786,110,194,70,1,-1,-1
740,67,786,110,194,70,1,-1,-1
741,67,786,110,194,70,1,-1,-1
742,67,786,110,194,70,1,-1,-1
743,67,786,110,194,70,1,-1,-1
744,67,786,110,194,70,1,-1,-1
745,67,786,110,194,70,1,-1,-1
746,67,786,110,194,70,1,-1,-1
747,67,786,110,194,70,1,-1,-1
748,67,786,110,194,70,1,-1,-1
749,67,786,110,194,70,1,-1,-1
750,67,786,110,194,70,1,-1,-1
751,67,786,110,194,70,1,-1,-1
752,67,786,110,194,70,1,-1,-1
753,67,786,110,194,70,1,-1,-1
754,67,786,110,194,70,1,-1,-1
755,67,786,110,194,70,1,-1,-1
756,67,786,110,194,70,1,-1,-1
757,67,786,110,194,70,1,-1,-1
758,67,786,110,194,70,1,-1,-1
759,67,786,110,194,70,1,-1,-1
760,67,786,110,194,70,1,-1,-1
761,67,786,110,194,70,1,-1,-1
762,67,786,110,194,70,1,-1,-1
763,67,786,110,194,70,1,-1,-1
764,67,786,110,194,70,1,-1,-1
765,67,786,110,194,70,1,-1,-1
766,67,786,110,194,70,1,-1,-1
767,67,786,110,194,70,1,-1,-1
768,67,786,110,194,70,1,-1,-1
769,67,786,110,194,70,1,-1,-1
770,67,786,110,194,70,1,-1,-1
771,67,786,110,194,70,1,-1,-1
772,67,786,110,194,70,1,-1,-1
773,67,786,110,194,70,1,-1,-1
774,67,786,110,194,70,1,-1,-1
775,67,786,110,194,70,1,-1,-1
776,67,786,110,194,70,1,-1,-1
777,67,786,110,194,70,1,-1,-1
778,67,786,110,194,70,1,-1,-1
779,67,786,110,194,70,1,-1,-1
780,67,786,110,194,70,1,-1,-1
781,67,786,110,194,70,1,-1,-1
782,67,786,110,194,70,1,-1,-1
783,67,786,110,194,70,1,-1,-1
784,67,786,110,194,70,1,-1,-1
785,67,786,110,194,70,1,-1,-1
786,67,786,110,194,70,1,-1,-1
787,67,786,110,194,70,1,-1,-1
788,67,786,110,194,70,1,-1,-1
789,67,786,110,194,70,1,-1,-1
790,67,786,110,194,70,1,-1,-1
791,67,786,110,194,70,1,-1,-1
792,67,786,110,194,70,1,-1,-1
793,67,786,110,194,70,1,-1,-1
794,67,786,110,194,70,1,-1,-1
795,67,786,110,194,70,1,-1,-1
796,67,786,110,194,70,1,-1,-1
797,67,786,110,194,70,1,-1,-1
798,67,786,110,194,70,1,-1,-1
799,67,786,110,194,70,1,-1,-1
800,67,786,110,194,70,1,-1,-1
801,67,786,110,194,70,1,-1,-1
802,67,786,110,194,70,1,-1,-1
803,67,786,110,194,70,1,-1,-1
804,67,786,110,194,70,1,-1,-1
805,67,786,110,194,70,1,-1,-1
806,67,786,110,194,70,1,-1,-1
807,67,786,110,194,70,1,-1,-1
808,67,786,110,194,70,1,-1,-1
809,67,786,110,194,70,1,-1,-1
810,67,786,110,194,70,1,-1,-1
811,67,786,110,194,70,1,-1,-1
812,67,786,110,194,70,1,-1,-1
813,67,786,110,194,70,1,-1,-1
814,67,786,110,194,70,1,-1,-1
815,67,786,110,194,70,1,-1,-1
816,67,786,110,194,70,1,-1,-1
817,67,786,110,194,70,1,-1,-1
818,67,786,110,194,70,1,-1,-1
819,67,786,110,194,70,1,-1,-1
820,67,786,110,194,70,1,-1,-1
821,67,786,110,194,70,1,-1,-1
822,67,786,110,194,70,1,-1,-1
823,67,786,110,194,70,1,-1,-1
824,67,786,110,194,70,1,-1,-1
825,67,786,110,194,70,1,-1,-1
826,67,786,110,194,70,1,-1,-1
827,67,786,110,194,70,1,-1,-1
828,67,786,110,194,70,1,-1,-1
829,67,786,110,194,70,1,-1,-1
830,67,786,110,194,70,1,-1,-1
831,67,786,110,194,70,1,-1,-1
832,67,786,110,194,70,1,-1,-1
833,67,786,110,194,70,1,-1,-1
834,67,786,110,194,70,1,-1,-1
835,67,786,110,194,70,1,-1,-1
836,67,786,110,194,70,1,-1,-1
837,67,786,110,194,70,1,-1,-1
838,67,786,110,194,70,1,-1,-1
839,67,786,110,194,70,1,-1,-1
840,67,786,110,194,70,1,-1,-1
841,67,786,110,194,70,1,-1,-1
842,67,786,110,194,70,1,-1,-1
843,67,786,110,194,70,1,-1,-1
844,67,786,110,194,70,1,-1,-1
845,67,786,110,194,70,1,-1,-1
846,67,786,110,194,70,1,-1,-1
847,67,786,110,194,70,1,-1,-1
848,67,786,110,194,70,1,-1,-1
849,67,786,110,194,70,1,-1,-1
850,67,786,110,194,70,1,-1,-1
851,67,786,110,194,70,1,-1,-1
852,67,786,110,194,70,1,-1,-1
853,67,786,110,194,70,1,-1,-1
854,67,786,110,194,70,1,-1,-1
855,67,786,110,194,70,1,-1,-1
856,67,786,110,194,70,1,-1,-1
857,67,786,110,194,70,1,-1,-1
858,67,786,110,194,70,1,-1,-1
859,67,786,110,194,70,1,-1,-1
860,67,786,110,194,70,1,-1,-1
861,67,786,110,194,70,1,-1,-1
862,67,786,110,194,70,1,-1,-1
863,67,786,110,194,70,1,-1,-1
864,67,786,110,194,70,1,-1,-1
865,67,786,110,194,70,1,-1,-1
866,67,786,110,194,70,1,-1,-1
867,67,786,110,194,70,1,-1,-1
868,67,786,110,194,70,1,-1,-1
869,67,786,110,194,70,1,-1,-1
870,67,786,110,194,70,1,-1,-1
871,67,786,110,194,70,1,-1,-1
872,67,786,110,194,70,1,-1,-1
873,67,786,110,194,70,1,-1,-1
874,67,786,110,194,70,1,-1,-1
875,67,786,110,194,70,1,-1,-1
876,67,786,110,194,70,1,-1,-1
877,67,786,110,194,70,1,-1,-1
878,67,786,110,194,70,1,-1,-1
879,67,786,110,194,70,1,-1,-1
880,67,786,110,194,70,1,-1,-1
881,67,786,110,194,70,1,-1,-1
882,67,786,110,194,70,1,-1,-1
883,67,786,110,194,70,1,-1,-1
884,67,786,110,194,70,1,-1,-1
885,67,786,110,194,70,1,-1,-1
886,67,786,110,194,70,1,-1,-1
887,67,786,110,194,70,1,-1,-1
888,67,786,110,194,70,1,-1,-1
889,67,786,110,194,70,1,-1,-1
890,67,786,110,194,70,1,-1,-1
891,67,786,110,194,70,1,-1,-1
892,67,786,110,194,70,1,-1,-1
893,67,786,110,194,70,1,-1,-1
894,67,786,110,194,70,1,-1,-1
895,67,786,110,194,70,1,-1,-1
896,67,786,110,194,70,1,-1,-1
897,67,786,110,194,70,1,-1,-1
898,67,786,110,194,70,1,-1,-1
899,67,786,110,194,70,1,-1,-1
900,67,786,110,194,70,1,-1,-1
901,67,786,110,194,70,1,-1,-1
902,67,786,110,194,70,1,-1,-1
903,67,786,110,194,70,1,-1,-1
904,67,786,110,194,70,1,-1,-1
905,67,786,110,194,70,1,-1,-1
906,67,786,110,194,70,1,-1,-1
907,67,786,110,194,70,1,-1,-1
908,67,786,110,194,70,1,-1,-1
909,67,786,110,194,70,1,-1,-1
910,67,786,110,194,70,1,-1,-1
911,67,786,110,194,70,1,-1,-1
912,67,786,110,194,70,1,-1,-1
913,67,786,110,194,70,1,-1,-1
914,67,786,110,194,70,1,-1,-1
915,67,786,110,194,70,1,-1,-1
916,67,786,110,194,70,1,-1,-1
917,67,786,110,194,70,1,-1,-1
918,67,786,110,194,70,1,-1,-1
919,67,786,110,194,70,1,-1,-1
920,67,786,110,194,70,1,-1,-1
921,67,786,110,194,70,1,-1,-1
922,67,786,110,194,70,1,-1,-1
601,68,375,84,86,44,1,-1,-1
602,68,375,84,86,44,1,-1,-1
603,68,375,84,86,44,1,-1,-1
604,68,374,84,86,44,1,-1,-1
605,68,374,84,86,44,1,-1,-1
606,68,374,84,86,44,1,-1,-1
607,68,374,84,86,44,1,-1,-1
608,68,374,84,86,44,1,-1,-1
609,68,374,84,86,44,1,-1,-1
610,68,374,84,86,44,1,-1,-1
611,68,374,84,86,44,1,-1,-1
612,68,374,84,86,44,1,-1,-1
613,68,374,84,86,44,1,-1,-1
614,68,374,84,86,44,1,-1,-1
615,68,374,84,86,44,1,-1,-1
616,68,374,84,86,45,1,-1,-1
617,68,374,84,86,45,1,-1,-1
618,68,374,84,86,45,1,-1,-1
619,68,374,84,86,45,1,-1,-1
620,68,374,84,86,45,1,-1,-1
621,68,374,84,86,45,1,-1,-1
622,68,374,84,86,45,1,-1,-1
623,68,374,84,86,45,1,-1,-1
624,68,374,84,86,45,1,-1,-1
625,68,374,84,86,45,1,-1,-1
626,68,374,84,86,45,1,-1,-1
627,68,374,84,86,45,1,-1,-1
628,68,374,84,86,45,1,-1,-1
629,68,374,84,86,46,1,-1,-1
630,68,373,84,87,46,1,-1,-1
631,68,373,84,87,46,1,-1,-1
632,68,373,84,87,46,1,-1,-1
633,68,373,84,87,46,1,-1,-1
634,68,373,84,87,46,1,-1,-1
635,68,373,84,87,46,1,-1,-1
636,68,373,84,87,46,1,-1,-1
637,68,373,84,87,46,1,-1,-1
638,68,373,84,87,46,1,-1,-1
639,68,373,84,87,46,1,-1,-1
640,68,373,84,87,46,1,-1,-1
641,68,373,84,87,46,1,-1,-1
642,68,373,84,87,47,1,-1,-1
643,68,373,84,87,47,1,-1,-1
644,68,373,84,87,47,1,-1,-1
645,68,373,84,87,47,1,-1,-1
646,68,373,84,87,47,1,-1,-1
647,68,373,84,87,47,1,-1,-1
648,68,373,84,87,47,1,-1,-1
649,68,373,84,87,47,1,-1,-1
650,68,373,84,87,47,1,-1,-1
651,68,373,84,87,47,1,-1,-1
652,68,373,84,87,47,1,-1,-1
653,68,373,84,87,47,1,-1,-1
654,68,373,84,87,47,1,-1,-1
655,68,373,84,87,48,1,-1,-1
656,68,373,84,87,48,1,-1,-1
657,68,372,84,88,48,1,-1,-1
658,68,372,84,88,48,1,-1,-1
659,68,372,84,88,48,1,-1,-1
660,68,372,84,88,48,1,-1,-1
661,68,372,84,88,48,1,-1,-1
662,68,372,84,88,48,1,-1,-1
663,68,372,84,88,48,1,-1,-1
664,68,372,84,88,48,1,-1,-1
665,68,372,84,88,48,1,-1,-1
666,68,372,84,88,48,1,-1,-1
667,68,372,84,88,49,1,-1,-1
668,68,372,84,88,49,1,-1,-1
669,68,372,84,88,49,1,-1,-1
670,68,372,84,88,49,1,-1,-1
671,68,372,84,88,49,1,-1,-1
672,68,372,84,88,49,1,-1,-1
673,68,372,84,88,49,1,-1,-1
674,68,372,84,88,49,1,-1,-1
675,68,372,84,88,49,1,-1,-1
676,68,372,84,88,49,1,-1,-1
677,68,372,84,88,49,1,-1,-1
678,68,372,84,88,49,1,-1,-1
679,68,372,84,88,49,1,-1,-1
680,68,372,84,88,50,1,-1,-1
681,68,372,84,88,50,1,-1,-1
682,68,372,84,88,50,1,-1,-1
683,68,371,84,89,50,1,-1,-1
684,68,371,84,89,50,1,-1,-1
685,68,371,84,89,50,1,-1,-1
686,68,371,84,89,50,1,-1,-1
687,68,371,84,89,50,1,-1,-1
688,68,371,84,89,50,1,-1,-1
689,68,371,84,89,50,1,-1,-1
690,68,371,84,89,50,1,-1,-1
691,68,371,84,89,50,1,-1,-1
692,68,371,84,89,50,1,-1,-1
693,68,371,84,89,51,1,-1,-1
694,68,371,84,89,51,1,-1,-1
695,68,371,84,89,51,1,-1,-1
696,68,371,84,89,51,1,-1,-1
697,68,371,84,89,51,1,-1,-1
698,68,371,84,89,51,1,-1,-1
699,68,371,84,89,51,1,-1,-1
700,68,371,84,89,51,1,-1,-1
701,68,371,84,89,51,1,-1,-1
702,68,371,84,89,51,1,-1,-1
703,68,371,84,89,51,1,-1,-1
704,68,371,84,89,51,1,-1,-1
705,68,371,84,89,51,1,-1,-1
706,68,371,84,89,52,1,-1,-1
707,68,371,84,89,52,1,-1,-1
708,68,371,84,89,52,1,-1,-1
709,68,371,84,89,52,1,-1,-1
710,68,370,84,90,52,1,-1,-1
711,68,370,84,90,52,1,-1,-1
712,68,370,84,90,52,1,-1,-1
713,68,370,84,90,52,1,-1,-1
714,68,370,84,90,52,1,-1,-1
715,68,370,84,90,52,1,-1,-1
716,68,370,84,90,52,1,-1,-1
717,68,370,84,90,52,1,-1,-1
718,68,370,84,90,53,1,-1,-1
719,68,370,84,90,53,1,-1,-1
720,68,370,84,90,53,1,-1,-1
721,68,370,84,90,53,1,-1,-1
722,68,370,84,90,53,1,-1,-1
723,68,370,84,90,53,1,-1,-1
724,68,370,84,90,53,1,-1,-1
725,68,370,84,90,53,1,-1,-1
726,68,370,84,90,53,1,-1,-1
727,68,370,84,90,53,1,-1,-1
728,68,370,84,90,53,1,-1,-1
729,68,370,84,90,53,1,-1,-1
730,68,370,84,90,53,1,-1,-1
731,68,370,84,90,54,1,-1,-1
732,68,370,84,90,54,1,-1,-1
733,68,370,84,90,54,1,-1,-1
734,68,370,84,90,54,1,-1,-1
735,68,370,84,90,54,1,-1,-1
736,68,369,84,91,54,1,-1,-1
737,68,369,84,91,54,1,-1,-1
738,68,369,84,91,54,1,-1,-1
739,68,369,84,91,54,1,-1,-1
740,68,369,84,91,54,1,-1,-1
741,68,369,84,91,54,1,-1,-1
742,68,369,84,91,54,1,-1,-1
743,68,369,84,91,54,1,-1,-1
744,68,369,84,91,55,1,-1,-1
745,68,369,84,91,55,1,-1,-1
746,68,369,84,91,55,1,-1,-1
747,68,369,84,91,55,1,-1,-1
748,68,369,84,91,55,1,-1,-1
749,68,369,84,91,55,1,-1,-1
750,68,369,84,91,55,1,-1,-1
751,68,369,84,91,55,1,-1,-1
752,68,369,84,91,55,1,-1,-1
753,68,369,84,91,55,1,-1,-1
754,68,369,84,91,55,1,-1,-1
755,68,369,84,91,55,1,-1,-1
756,68,369,84,91,55,1,-1,-1
757,68,369,84,91,56,1,-1,-1
758,68,369,84,91,56,1,-1,-1
759,68,369,84,91,56,1,-1,-1
760,68,369,84,91,56,1,-1,-1
761,68,369,84,91,56,1,-1,-1
762,68,369,84,91,56,1,-1,-1
763,68,368,84,92,56,1,-1,-1
764,68,368,84,92,56,1,-1,-1
765,68,368,84,92,56,1,-1,-1
766,68,368,84,92,56,1,-1,-1
767,68,368,84,92,56,1,-1,-1
768,68,368,84,92,56,1,-1,-1
769,68,368,84,92,57,1,-1,-1
770,68,368,84,92,57,1,-1,-1
771,68,368,84,92,57,1,-1,-1
772,68,368,84,92,57,1,-1,-1
773,68,368,84,92,57,1,-1,-1
774,68,368,84,92,57,1,-1,-1
775,68,368,84,92,57,1,-1,-1
776,68,368,84,92,57,1,-1,-1
777,68,368,84,92,57,1,-1,-1
778,68,368,84,92,57,1,-1,-1
779,68,368,84,92,57,1,-1,-1
780,68,368,84,92,57,1,-1,-1
781,68,368,84,92,57,1,-1,-1
782,68,368,84,92,58,1,-1,-1
783,68,368,84,92,58,1,-1,-1
784,68,368,84,92,58,1,-1,-1
785,68,368,84,92,58,1,-1,-1
786,68,368,84,92,58,1,-1,-1
787,68,368,84,92,58,1,-1,-1
788,68,368,84,92,58,1,-1,-1
789,68,368,84,92,58,1,-1,-1
790,68,367,84,93,58,1,-1,-1
791,68,367,84,93,58,1,-1,-1
792,68,367,84,93,58,1,-1,-1
793,68,367,84,93,58,1,-1,-1
794,68,367,84,93,58,1,-1,-1
795,68,367,84,93,59,1,-1,-1
796,68,367,84,93,59,1,-1,-1
797,68,367,84,93,59,1,-1,-1
798,68,367,84,93,59,1,-1,-1
799,68,367,84,93,59,1,-1,-1
800,68,367,84,93,59,1,-1,-1
801,68,367,84,93,59,1,-1,-1
802,68,367,84,93,59,1,-1,-1
803,68,367,84,93,59,1,-1,-1
804,68,367,84,93,59,1,-1,-1
805,68,367,84,93,59,1,-1,-1
806,68,367,84,93,59,1,-1,-1
807,68,367,84,93,59,1,-1,-1
808,68,367,84,93,60,1,-1,-1
809,68,367,84,93,60,1,-1,-1
810,68,367,84,93,60,1,-1,-1
811,68,367,84,93,60,1,-1,-1
812,68,367,84,93,60,1,-1,-1
813,68,367,84,93,60,1,-1,-1
814,68,367,84,93,60,1,-1,-1
815,68,367,84,93,60,1,-1,-1
816,68,366,84,94,60,1,-1,-1
817,68,366,84,94,60,1,-1,-1
818,68,366,84,94,60,1,-1,-1
819,68,366,84,94,60,1,-1,-1
820,68,366,84,94,61,1,-1,-1
821,68,366,84,94,61,1,-1,-1
822,68,366,84,94,61,1,-1,-1
823,68,366,84,94,61,1,-1,-1
824,68,366,84,94,61,1,-1,-1
825,68,366,84,94,61,1,-1,-1
826,68,366,84,94,61,1,-1,-1
827,68,366,84,94,61,1,-1,-1
828,68,366,84,94,61,1,-1,-1
829,68,366,84,94,61,1,-1,-1
830,68,366,84,94,61,1,-1,-1
831,68,366,84,94,61,1,-1,-1
832,68,366,84,94,61,1,-1,-1
833,68,366,84,94,62,1,-1,-1
834,68,366,84,94,62,1,-1,-1
835,68,366,84,94,62,1,-1,-1
836,68,366,84,94,62,1,-1,-1
837,68,366,84,94,62,1,-1,-1
838,68,366,84,94,62,1,-1,-1
839,68,366,84,94,62,1,-1,-1
840,68,366,84,94,62,1,-1,-1
841,68,366,84,94,62,1,-1,-1
842,68,366,84,94,62,1,-1,-1
843,68,365,84,95,62,1,-1,-1
844,68,365,84,95,62,1,-1,-1
845,68,365,84,95,62,1,-1,-1
846,68,365,84,95,63,1,-1,-1
847,68,365,84,95,63,1,-1,-1
848,68,365,84,95,63,1,-1,-1
849,68,365,84,95,63,1,-1,-1
850,68,365,84,95,63,1,-1,-1
851,68,365,84,95,63,1,-1,-1
852,68,365,84,95,63,1,-1,-1
853,68,365,84,95,63,1,-1,-1
854,68,365,84,95,63,1,-1,-1
855,68,365,84,95,63,1,-1,-1
856,68,365,84,95,63,1,-1,-1
857,68,365,84,95,63,1,-1,-1
858,68,365,84,95,63,1,-1,-1
859,68,365,84,95,64,1,-1,-1
860,68,365,84,95,64,1,-1,-1
861,68,365,84,95,64,1,-1,-1
862,68,365,84,95,64,1,-1,-1
863,68,365,84,95,64,1,-1,-1
864,68,365,84,95,64,1,-1,-1
865,68,365,84,95,64,1,-1,-1
866,68,365,84,95,64,1,-1,-1
867,68,365,84,95,64,1,-1,-1
868,68,365,84,95,64,1,-1,-1
869,68,364,84,96,64,1,-1,-1
870,68,364,84,96,64,1,-1,-1
871,68,364,84,96,65,1,-1,-1
872,68,364,84,96,65,1,-1,-1
873,68,364,84,96,65,1,-1,-1
874,68,364,84,96,65,1,-1,-1
875,68,364,84,96,65,1,-1,-1
876,68,364,84,96,65,1,-1,-1
877,68,364,84,96,65,1,-1,-1
878,68,364,84,96,65,1,-1,-1
879,68,364,84,96,65,1,-1,-1
880,68,364,84,96,65,1,-1,-1
881,68,364,84,96,65,1,-1,-1
882,68,364,84,96,65,1,-1,-1
883,68,364,84,96,65,1,-1,-1
884,68,364,84,96,66,1,-1,-1
885,68,364,84,96,66,1,-1,-1
886,68,364,84,96,66,1,-1,-1
887,68,364,84,96,66,1,-1,-1
888,68,364,84,96,66,1,-1,-1
889,68,364,84,96,66,1,-1,-1
890,68,364,84,96,66,1,-1,-1
891,68,364,84,96,66,1,-1,-1
892,68,364,84,96,66,1,-1,-1
893,68,364,84,96,66,1,-1,-1
894,68,364,84,96,66,1,-1,-1
895,68,364,84,96,66,1,-1,-1
896,68,363,84,97,66,1,-1,-1
897,68,363,84,97,67,1,-1,-1
898,68,363,84,97,67,1,-1,-1
899,68,363,84,97,67,1,-1,-1
900,68,363,84,97,67,1,-1,-1
901,68,363,84,97,67,1,-1,-1
902,68,363,84,97,67,1,-1,-1
903,68,363,84,97,67,1,-1,-1
904,68,363,84,97,67,1,-1,-1
905,68,363,84,97,67,1,-1,-1
906,68,363,84,97,67,1,-1,-1
907,68,363,84,97,67,1,-1,-1
908,68,363,84,97,67,1,-1,-1
909,68,363,84,97,67,1,-1,-1
910,68,363,84,97,68,1,-1,-1
911,68,363,84,97,68,1,-1,-1
912,68,363,84,97,68,1,-1,-1
913,68,363,84,97,68,1,-1,-1
914,68,363,84,97,68,1,-1,-1
915,68,363,84,97,68,1,-1,-1
916,68,363,84,97,68,1,-1,-1
917,68,363,84,97,68,1,-1,-1
918,68,363,84,97,68,1,-1,-1
919,68,363,84,97,68,1,-1,-1
920,68,363,84,97,68,1,-1,-1
921,68,363,84,97,68,1,-1,-1
922,68,363,84,97,69,1,-1,-1
